'x' , 'z'
0, 0.0034
0.03, 0.0035
0.06, 0.0041
0.09, 0.0047
0.12, 0.006590625
0.15, 0.00905
0.18, 0.010925
0.21, 0.0137921875
0.24, 0.0164484375
0.27, 0.0192109375
0.3, 0.022184375
0.33, 0.0250265625
0.36, 0.0279171875
0.39, 0.0306578125
0.42, 0.033215625
0.45, 0.035734375
0.48, 0.03809375
0.51, 0.0404390625
0.54, 0.0429078125
0.57, 0.045328125
0.6, 0.047915625
0.63, 0.050534375
0.66, 0.0530734375
0.69, 0.05561875
0.72, 0.0579796875
0.75, 0.060196875
0.78, 0.062246875
0.81, 0.0641359375
0.84, 0.06585625
0.87, 0.0674453125
0.9, 0.068940625
0.93, 0.0703828125
0.96, 0.07189375
0.99, 0.0735765625
1.02, 0.0755359375
1.05, 0.0777703125
1.08, 0.08016875
1.124, 0.083
1.14, 0.07159375
1.17, 0.060425
1.2, 0.04706875
1.23, 0.034134375
1.26, 0.019225
1.3, 0.0045
1.33, 0.0035
1.36, 0.0041
1.39, 0.0047
1.42, 0.006590625
1.45, 0.00905
1.48, 0.010925
1.51, 0.0137921875
1.54, 0.0164484375
1.57, 0.0192109375
1.6, 0.022184375
1.63, 0.0250265625
1.66, 0.0279171875
1.69, 0.0306578125
1.72, 0.033215625
1.75, 0.035734375
1.78, 0.03809375
1.81, 0.0404390625
1.84, 0.0429078125
1.87, 0.045328125
1.9, 0.047915625
1.93, 0.050534375
1.96, 0.0530734375
1.99, 0.05561875
2.02, 0.0579796875
2.05, 0.060196875
2.08, 0.062246875
2.11, 0.0641359375
2.14, 0.06585625
2.17, 0.0674453125
2.2, 0.068940625
2.23, 0.0703828125
2.26, 0.07189375
2.29, 0.0735765625
2.32, 0.0755359375
2.35, 0.0777703125
2.38, 0.08016875
2.424, 0.083
2.44, 0.07159375
2.47, 0.060425
2.5, 0.04706875
2.53, 0.034134375
2.56, 0.019225
2.6, 0.0045
2.63, 0.0035
2.66, 0.0041
2.69, 0.0047
2.72, 0.006590625
2.75, 0.00905
2.78, 0.010925
2.81, 0.0137921875
2.84, 0.0164484375
2.87, 0.0192109375
2.9, 0.022184375
2.93, 0.0250265625
2.96, 0.0279171875
2.99, 0.0306578125
3.02, 0.033215625
3.05, 0.035734375
3.08, 0.03809375
3.11, 0.0404390625
3.14, 0.0429078125
3.17, 0.045328125
3.2, 0.047915625
3.23, 0.050534375
3.26, 0.0530734375
3.29, 0.05561875
3.32, 0.0579796875
3.35, 0.060196875
3.38, 0.062246875
3.41, 0.0641359375
3.44, 0.06585625
3.47, 0.0674453125
3.5, 0.068940625
3.53, 0.0703828125
3.56, 0.07189375
3.59, 0.0735765625
3.62, 0.0755359375
3.65, 0.0777703125
3.68, 0.08016875
3.724, 0.083
3.74, 0.07159375
3.77, 0.060425
3.8, 0.04706875
3.83, 0.034134375
3.86, 0.019225
3.9, 0.0045
3.93, 0.0035
3.96, 0.0041
3.99, 0.0047
4.02, 0.006590625
4.05, 0.00905
4.08, 0.010925
4.11, 0.0137921875
4.14, 0.0164484375
4.17, 0.0192109375
4.2, 0.022184375
4.23, 0.0250265625
4.26, 0.0279171875
4.29, 0.0306578125
4.32, 0.033215625
4.35, 0.035734375
4.38, 0.03809375
4.41, 0.0404390625
4.44, 0.0429078125
4.47, 0.045328125
4.5, 0.047915625
4.53, 0.050534375
4.56, 0.0530734375
4.59, 0.05561875
4.62, 0.0579796875
4.65, 0.060196875
4.68, 0.062246875
4.71, 0.0641359375
4.74, 0.06585625
4.77, 0.0674453125
4.8, 0.068940625
4.83, 0.0703828125
4.86, 0.07189375
4.89, 0.0735765625
4.92, 0.0755359375
4.95, 0.0777703125
4.98, 0.08016875
5.024, 0.083
5.04, 0.07159375
5.07, 0.060425
5.1, 0.04706875
5.13, 0.034134375
5.16, 0.019225
5.2, 0.0045
5.23, 0.0035
5.26, 0.0041
5.29, 0.0047
5.32, 0.006590625
5.35, 0.00905
5.38, 0.010925
5.41, 0.0137921875
5.44, 0.0164484375
5.47, 0.0192109375
5.5, 0.022184375
5.53, 0.0250265625
5.56, 0.0279171875
5.59, 0.0306578125
5.62, 0.033215625
5.65, 0.035734375
5.68, 0.03809375
5.71, 0.0404390625
5.74, 0.0429078125
5.77, 0.045328125
5.8, 0.047915625
5.83, 0.050534375
5.86, 0.0530734375
5.89, 0.05561875
5.92, 0.0579796875
5.95, 0.060196875
5.98, 0.062246875
6.01, 0.0641359375
6.04, 0.06585625
6.07, 0.0674453125
6.1, 0.068940625
6.13, 0.0703828125
6.16, 0.07189375
6.19, 0.0735765625
6.22, 0.0755359375
6.25, 0.0777703125
6.28, 0.08016875
6.324, 0.083
6.34, 0.07159375
6.37, 0.060425
6.4, 0.04706875
6.43, 0.034134375
6.46, 0.019225
6.5, 0.0045
6.53, 0.0035
6.56, 0.0041
6.59, 0.0047
6.62, 0.006590625
6.65, 0.00905
6.68, 0.010925
6.71, 0.0137921875
6.74, 0.0164484375
6.77, 0.0192109375
6.8, 0.022184375
6.83, 0.0250265625
6.86, 0.0279171875
6.89, 0.0306578125
6.92, 0.033215625
6.95, 0.035734375
6.98, 0.03809375
7.01, 0.0404390625
7.04, 0.0429078125
7.07, 0.045328125
7.1, 0.047915625
7.13, 0.050534375
7.16, 0.0530734375
7.19, 0.05561875
7.22, 0.0579796875
7.25, 0.060196875
7.28, 0.062246875
7.31, 0.0641359375
7.34, 0.06585625
7.37, 0.0674453125
7.4, 0.068940625
7.43, 0.0703828125
7.46, 0.07189375
7.49, 0.0735765625
7.52, 0.0755359375
7.55, 0.0777703125
7.58, 0.08016875
7.624, 0.083
7.64, 0.07159375
7.67, 0.060425
7.7, 0.04706875
7.73, 0.034134375
7.76, 0.019225
7.8, 0.0045
