       -0.00,       -1.64,
        0.04,       -1.64,
        0.08,       -1.63,
        0.12,       -1.63,
        0.16,       -1.61,
        0.20,       -1.60,
        0.20,       -1.59,
        0.24,       -1.61,
        0.28,       -1.60,
        0.32,       -1.60,
        0.36,       -1.60,
        0.40,       -1.60,
        0.44,       -1.60,
        0.52,       -1.60,
        0.56,       -1.59,
        0.64,       -1.59,
        0.72,       -1.58,
        0.76,       -1.58,
        0.84,       -1.56,
        0.92,       -1.54,
        1.00,       -1.56,
        1.04,       -1.55,
        1.12,       -1.55,
        1.16,       -1.55,
        1.28,       -1.54,
        1.36,       -1.55,
        1.44,       -1.55,
        1.52,       -1.54,
        1.64,       -1.51,
        1.72,       -1.52,
        1.80,       -1.53,
        1.92,       -1.52,
        2.04,       -1.51,
        2.16,       -1.51,
        2.27,       -1.52,
        2.43,       -1.54,
        2.55,       -1.54,
        2.71,       -1.55,
        2.87,       -1.55,
        3.03,       -1.56,
        3.19,       -1.54,
        3.35,       -1.55,
        3.55,       -1.55,
        3.75,       -1.54,
        3.91,       -1.56,
        4.11,       -1.56,
        4.31,       -1.57,
        4.51,       -1.59,
        4.71,       -1.57,
        4.91,       -1.57,
        5.11,       -1.58,
        5.31,       -1.58,
        5.51,       -1.57,
        5.71,       -1.56,
        5.91,       -1.55,
        6.15,       -1.57,
        6.35,       -1.57,
        6.59,       -1.57,
        6.79,       -1.57,
        7.03,       -1.51,
        7.27,       -1.57,
        7.54,       -1.55,
        7.78,       -1.58,
        8.06,       -1.59,
        8.30,       -1.56,
        8.54,       -1.56,
        8.82,       -1.55,
        9.06,       -1.55,
        9.30,       -1.55,
        9.54,       -1.55,
        9.82,       -1.55,
       10.06,       -1.54,
       10.30,       -1.54,
       10.58,       -1.54,
       10.86,       -1.53,
       11.10,       -1.54,
       11.38,       -1.53,
       11.66,       -1.52,
       11.90,       -1.51,
       12.18,       -1.51,
       12.45,       -1.54,
       12.69,       -1.54,
       12.97,       -1.53,
       13.21,       -1.53,
       13.49,       -1.52,
       13.77,       -1.54,
       14.05,       -1.55,
       14.33,       -1.54,
       14.61,       -1.55,
       14.89,       -1.55,
       15.17,       -1.56,
       15.49,       -1.56,
       15.77,       -1.54,
       16.09,       -1.53,
       16.41,       -1.51,
       16.73,       -1.51,
       17.05,       -1.51,
       17.32,       -1.50,
       17.64,       -1.50,
       17.92,       -1.46,
       18.24,       -1.42,
       18.56,       -1.38,
       18.88,       -1.34,
       19.20,       -1.34,
       19.52,       -1.30,
       19.84,       -1.28,
       20.16,       -1.22,
       20.48,       -1.19,
       20.80,       -1.16,
       21.12,       -1.13,
       21.44,       -1.10,
       21.76,       -1.07,
       22.08,       -1.06,
       22.39,       -1.05,
       22.71,       -1.04,
       23.03,       -1.04,
       23.39,       -1.05,
       23.75,       -1.06,
       24.11,       -1.07,
       24.47,       -1.03,
       24.83,       -0.98,
       25.19,       -0.95,
       25.55,       -0.98,
       25.91,       -0.96,
       26.27,       -0.96,
       26.63,       -0.97,
       26.95,       -0.98,
       27.30,       -0.98,
       27.66,       -0.98,
       28.02,       -0.90,
       28.38,       -0.95,
       28.74,       -0.93,
       29.06,       -0.92,
       29.42,       -0.94,
       29.78,       -0.91,
       30.14,       -0.90,
       30.50,       -0.90,
       30.86,       -0.87,
       31.22,       -0.86,
       31.58,       -0.84,
       31.98,       -0.83,
       32.33,       -0.81,
       32.73,       -0.78,
       33.13,       -0.78,
       33.49,       -0.76,
       33.85,       -0.76,
       34.21,       -0.73,
       34.57,       -0.75,
       34.97,       -0.71,
       35.33,       -0.70,
       35.69,       -0.72,
       36.09,       -0.71,
       36.45,       -0.68,
       36.85,       -0.63,
       37.21,       -0.59,
       37.56,       -0.58,
       37.88,       -0.58,
       38.28,       -0.60,
       38.64,       -0.60,
       39.00,       -0.59,
       39.40,       -0.56,
       39.76,       -0.53,
       40.16,       -0.49,
       40.56,       -0.50,
       40.96,       -0.49,
       41.36,       -0.46,
       41.76,       -0.47,
       42.12,       -0.44,
       42.51,       -0.41,
       42.87,       -0.39,
       43.27,       -0.39,
       43.63,       -0.39,
       44.03,       -0.38,
       44.43,       -0.34,
       44.83,       -0.34,
       45.19,       -0.37,
       45.59,       -0.36,
       45.95,       -0.31,
       46.35,       -0.28,
       46.75,       -0.28,
       47.11,       -0.29,
       47.54,       -0.26,
       47.94,       -0.22,
       48.38,       -0.20,
       48.78,       -0.14,
       49.22,       -0.11,
       49.62,       -0.10,
       50.02,       -0.12,
       50.38,       -0.12,
       50.78,       -0.13,
       51.18,       -0.12,
       51.62,       -0.12,
       52.02,       -0.11,
       52.45,       -0.09,
       52.85,       -0.05,
       53.25,       -0.02,
       53.61,        0.00,
       54.01,        0.00,
       54.45,       -0.02,
       54.85,       -0.03,
       55.25,       -0.01,
       55.65,        0.00,
       56.09,        0.00,
       56.53,        0.04,
       56.97,        0.04,
       57.36,        0.02,
       57.76,        0.02,
       58.16,        0.01,
       58.60,        0.03,
       59.00,        0.07,
       59.40,        0.07,
       59.84,        0.08,
       60.28,        0.10,
       60.68,        0.13,
       61.12,        0.15,
       61.52,        0.22,
       61.92,        0.27,
       62.31,        0.29,
       62.71,        0.33,
       63.15,        0.33,
       63.59,        0.33,
       64.03,        0.32,
       64.47,        0.32,
       64.95,        0.36,
       65.35,        0.40,
       65.79,        0.42,
       66.23,        0.46,
       66.63,        0.49,
       67.07,        0.53,
       67.50,        0.55,
       67.94,        0.59,
       68.34,        0.63,
       68.78,        0.66,
       69.18,        0.67,
       69.62,        0.73,
       70.02,        0.76,
       70.46,        0.73,
       70.90,        0.73,
       71.34,        0.76,
       71.78,        0.79,
       72.22,        0.80,
       72.69,        0.83,
       73.13,        0.86,
       73.57,        0.86,
       74.01,        0.90,
       74.41,        0.91,
       74.81,        0.94,
       75.25,        0.97,
       75.73,        0.93,
       76.17,        0.97,
       76.57,        0.99,
       77.01,        1.04,
       77.40,        1.06,
       77.84,        1.09,
       78.28,        1.13,
       78.68,        1.15,
       79.12,        1.18,
       79.56,        1.23,
       80.04,        1.29,
       80.52,        1.31,
       80.96,        1.30,
       81.40,        1.33,
       81.84,        1.30,
       82.28,        1.33,
       82.67,        1.36,
       83.15,        1.37,
       83.59,        1.30,
       84.07,        1.07,
       84.51,        0.80,
       84.95,        0.44,
       85.39,        0.08,
       85.83,       -0.33,
       86.27,       -0.79,
       86.71,       -1.24,
       87.15,       -1.68,
       87.62,       -2.06,
       88.06,       -2.25,
       88.54,       -2.25,
       89.02,       -2.27,
       89.50,       -2.34,
       89.94,       -2.37,
       90.38,       -2.39,
       90.82,       -2.42,
       91.26,       -2.42,
       91.74,       -2.42,
       92.18,       -2.42,
       92.65,       -2.40,
       93.09,       -2.41,
       93.49,       -2.42,
       93.97,       -2.39,
       94.41,       -2.43,
       94.81,       -2.44,
       95.29,       -2.48,
       95.77,       -2.50,
       96.25,       -2.50,
       96.73,       -2.48,
       97.21,       -2.51,
       97.64,       -2.48,
       98.12,       -2.47,
       98.56,       -2.47,
       99.00,       -2.49,
       99.44,       -2.59,
       99.92,       -2.63,
      100.40,       -2.63,
      100.84,       -2.60,
      101.28,       -2.53,
      101.68,       -2.54,
      102.16,       -2.56,
      102.59,       -2.56,
      103.03,       -2.59,
      103.51,       -2.56,
      103.99,       -2.53,
      104.47,       -2.51,
      104.95,       -2.51,
      105.43,       -2.51,
      105.87,       -2.52,
      106.31,       -2.47,
      106.79,       -2.29,
      107.23,       -2.34,
      107.70,       -2.34,
      108.14,       -2.37,
      108.58,       -2.43,
      109.06,       -2.43,
      109.50,       -2.43,
      109.94,       -2.38,
      110.38,       -2.33,
      110.82,       -2.31,
      111.30,       -2.32,
      111.78,       -2.29,
      112.26,       -2.25,
      112.77,       -2.22,
      113.25,       -2.21,
      113.69,       -2.21,
      114.17,       -2.22,
      114.61,       -2.25,
      115.05,       -2.27,
      115.53,       -2.29,
      116.01,       -2.28,
      116.45,       -2.29,
      116.93,       -2.27,
      117.36,       -2.23,
      117.80,       -2.19,
      118.28,       -2.14,
      118.72,       -2.15,
      119.20,       -2.13,
      119.68,       -2.12,
      120.16,       -2.12,
      120.68,       -2.08,
      121.16,       -2.03,
      121.64,       -2.01,
      122.08,       -1.96,
      122.51,       -1.91,
      122.99,       -1.86,
      123.47,       -1.83,
      123.95,       -1.82,
      124.43,       -1.81,
      124.87,       -1.81,
      125.35,       -1.77,
      125.79,       -1.75,
      126.27,       -1.74,
      126.71,       -1.71,
      127.19,       -1.69,
      127.70,       -1.66,
      128.18,       -1.64,
      128.70,       -1.64,
      129.14,       -1.61,
      129.62,       -1.56,
      130.10,       -1.51,
      130.58,       -1.46,
      131.02,       -1.44,
      131.50,       -1.40,
      131.98,       -1.35,
      132.45,       -1.29,
      132.93,       -1.24,
      133.41,       -1.19,
      133.85,       -1.13,
      134.33,       -1.07,
      134.77,       -1.04,
      135.29,       -1.01,
      135.77,       -0.96,
      136.25,       -0.95,
      136.77,       -0.91,
      137.25,       -0.87,
      137.72,       -0.85,
      138.20,       -0.79,
      138.64,       -0.75,
      139.12,       -0.74,
      139.60,       -0.74,
      140.08,       -0.73,
      140.56,       -0.72,
      141.04,       -0.72,
      141.48,       -0.72,
      141.96,       -0.68,
      142.43,       -0.61,
      142.91,       -0.57,
      143.39,       -0.56,
      143.87,       -0.59,
      144.35,       -0.59,
      144.87,       -0.58,
      145.35,       -0.56,
      145.83,       -0.56,
      146.31,       -0.55,
      146.75,       -0.51,
      147.23,       -0.48,
      147.74,       -0.46,
      148.22,       -0.46,
      148.70,       -0.46,
      149.18,       -0.42,
      149.62,       -0.36,
      150.10,       -0.33,
      150.54,       -0.33,
      151.02,       -0.34,
      151.50,       -0.34,
      152.02,       -0.33,
      152.53,       -0.31,
      153.01,       -0.33,
      153.49,       -0.32,
      153.97,       -0.29,
      154.45,       -0.29,
      154.89,       -0.30,
      155.37,       -0.28,
      155.89,       -0.29,
      156.37,       -0.29,
      156.85,       -0.29,
      157.29,       -0.28,
      157.76,       -0.32,
      158.24,       -0.31,
      158.68,       -0.25,
      159.20,       -0.25,
      159.68,       -0.20,
      160.20,       -0.17,
      160.72,       -0.18,
      161.20,       -0.20,
      161.72,       -0.19,
      162.16,       -0.19,
      162.63,       -0.14,
      163.11,       -0.11,
      163.59,       -0.08,
      164.11,       -0.07,
      164.59,       -0.07,
      165.03,       -0.07,
      165.51,       -0.08,
      165.99,       -0.07,
      166.47,       -0.05,
      166.95,       -0.02,
      167.42,        0.01,
      167.94,        0.02,
      168.42,        0.02,
      168.94,        0.01,
      169.46,        0.00,
      169.94,        0.02,
      170.38,        0.01,
      170.86,        0.02,
      171.34,        0.02,
      171.86,        0.01,
      172.34,        0.06,
      172.81,        0.09,
      173.25,        0.09,
      173.73,        0.09,
      174.21,        0.10,
      174.69,        0.11,
      175.17,        0.13,
      175.69,        0.13,
      176.17,        0.15,
      176.69,        0.15,
      177.21,        0.16,
      177.68,        0.15,
      178.16,        0.15,
      178.64,        0.15,
      179.12,        0.20,
      179.60,        0.14,
      180.08,        0.21,
      180.56,        0.20,
      181.04,        0.18,
      181.52,        0.17,
      182.00,        0.18,
      182.47,        0.22,
      182.95,        0.24,
      183.47,        0.22,
      183.99,        0.25,
      184.47,        0.30,
      184.99,        0.37,
      185.47,        0.34,
      185.95,        0.28,
      186.43,        0.25,
      186.91,        0.23,
      187.38,        0.22,
      187.90,        0.24,
      188.38,        0.21,
      188.86,        0.22,
      189.34,        0.22,
      189.82,        0.24,
      190.30,        0.21,
      190.78,        0.19,
      191.30,        0.20,
      191.78,        0.20,
      192.30,        0.19,
      192.81,        0.20,
      193.29,        0.19,
      193.81,        0.20,
      194.25,        0.20,
      194.73,        0.21,
      195.21,        0.23,
      195.69,        0.23,
      196.21,        0.21,
      196.69,        0.21,
      197.17,        0.22,
      197.64,        0.22,
      198.12,        0.24,
      198.60,        0.24,
      199.08,        0.26,
      199.60,        0.30,
      200.08,        0.29,
      200.64,        0.30,
      201.12,        0.30,
      201.60,        0.33,
      202.08,        0.36,
      202.55,        0.40,
      203.03,        0.39,
      203.55,        0.39,
      204.03,        0.42,
      204.51,        0.41,
      204.99,        0.42,
      205.47,        0.42,
      205.95,        0.42,
      206.43,        0.42,
      206.91,        0.42,
      207.42,        0.40,
      207.94,        0.41,
      208.42,        0.41,
      208.94,        0.42,
      209.42,        0.43,
      209.90,        0.46,
      210.38,        0.47,
      210.86,        0.50,
      211.38,        0.51,
      211.90,        0.50,
      212.38,        0.51,
      212.85,        0.51,
      213.33,        0.51,
      213.81,        0.50,
      214.29,        0.54,
      214.77,        0.53,
      215.29,        0.55,
      215.77,        0.51,
      216.25,        0.50,
      216.77,        0.49,
      217.29,        0.48,
      217.76,        0.43,
      218.24,        0.40,
      218.72,        0.37,
      219.20,        0.39,
      219.72,        0.41,
      220.24,        0.42,
      220.72,        0.44,
      221.20,        0.39,
      221.68,        0.37,
      222.16,        0.41,
      222.63,        0.49,
      223.11,        0.50,
      223.63,        0.50,
      224.15,        0.49,
      224.67,        0.48,
      225.15,        0.52,
      225.67,        0.51,
      226.15,        0.50,
      226.59,        0.52,
      227.11,        0.55,
      227.58,        0.57,
      228.10,        0.56,
      228.58,        0.55,
      229.06,        0.63,
      229.54,        0.56,
      230.02,        0.56,
      230.50,        0.59,
      230.98,        0.64,
      231.50,        0.61,
      232.02,        0.56,
      232.53,        0.56,
      233.05,        0.55,
      233.53,        0.56,
      234.01,        0.56,
      234.49,        0.61,
      234.97,        0.63,
      235.49,        0.60,
      235.97,        0.61,
      236.49,        0.60,
      236.97,        0.64,
      237.44,        0.64,
      237.88,        0.60,
      238.36,        0.59,
      238.88,        0.63,
      239.36,        0.59,
      239.92,        0.56,
      240.44,        0.52,
      240.96,        0.50,
      241.44,        0.46,
      241.92,        0.44,
      242.39,        0.42,
      242.87,        0.40,
      243.39,        0.38,
      243.91,        0.37,
      244.39,        0.37,
      244.87,        0.37,
      245.35,        0.37,
      245.83,        0.37,
      246.31,        0.37,
      246.79,        0.37,
      247.31,        0.37,
      247.82,        0.37,
      248.34,        0.37,
      248.86,        0.35,
      249.38,        0.34,
      249.86,        0.33,
      250.34,        0.33,
      250.82,        0.32,
      251.34,        0.29,
      251.82,        0.29,
      252.34,        0.31,
      252.81,        0.29,
      253.29,        0.30,
      253.73,        0.31,
      254.25,        0.29,
      254.73,        0.26,
      255.25,        0.24,
      255.77,        0.22,
      256.29,        0.23,
      256.81,        0.24,
      257.33,        0.22,
      257.80,        0.22,
      258.28,        0.21,
      258.76,        0.23,
      259.28,        0.23,
      259.76,        0.24,
      260.24,        0.24,
      260.76,        0.24,
      261.24,        0.27,
      261.72,        0.33,
      262.20,        0.37,
      262.67,        0.37,
      263.19,        0.44,
      263.71,        0.46,
      264.23,        0.54,
      264.75,        0.63,
      265.27,        0.72,
      265.75,        0.76,
      266.23,        0.83,
      266.71,        0.90,
      267.23,        0.98,
      267.70,        1.02,
      268.18,        1.07,
      268.70,        1.10,
      269.18,        1.12,
      269.66,        1.20,
      270.14,        1.25,
      270.62,        1.29,
      271.14,        1.32,
      271.66,        1.33,
      272.18,        1.38,
      272.69,        1.43,
      273.21,        1.46,
      273.69,        1.45,
      274.17,        1.50,
      274.65,        1.53,
      275.17,        1.55,
      275.65,        1.59,
      276.17,        1.61,
      276.65,        1.62,
      277.13,        1.66,
      277.60,        1.68,
      278.08,        1.71,
      278.60,        1.74,
      279.12,        1.77,
      279.64,        1.79,
      280.12,        1.83,
      280.68,        2.00,
      281.16,        1.88,
      281.68,        1.90,
      282.16,        1.92,
      282.63,        1.93,
      283.11,        1.94,
      283.63,        1.98,
      284.11,        2.02,
      284.63,        2.03,
      285.11,        2.03,
      285.59,        2.03,
      286.07,        2.02,
      286.55,        2.03,
      287.11,        2.01,
      287.62,        2.01,
      288.10,        1.99,
      288.62,        1.99,
      289.14,        1.99,
      289.66,        2.02,
      290.14,        2.02,
      290.62,        2.02,
      291.10,        2.01,
      291.62,        2.01,
      292.14,        2.03,
      292.61,        2.03,
      293.09,        2.03,
      293.57,        1.96,
      294.05,        1.90,
      294.57,        1.76,
      295.09,        1.53,
      295.61,        1.23,
      296.13,        0.94,
      296.65,        0.82,
      297.17,        0.81,
      297.64,        0.79,
      298.12,        0.85,
      298.60,        0.81,
      299.12,        0.81,
      299.60,        0.78,
      300.12,        0.79,
      300.64,        0.80,
      301.12,        0.81,
      301.60,        0.79,
      302.08,        0.81,
      302.55,        0.81,
      303.07,        0.84,
      303.59,        0.85,
      304.11,        0.84,
      304.63,        0.85,
      305.11,        0.84,
      305.63,        0.82,
      306.11,        0.79,
      306.59,        0.78,
      307.11,        0.78,
      307.58,        0.77,
      308.10,        0.79,
      308.58,        0.81,
      309.10,        0.81,
      309.58,        0.80,
      310.06,        0.76,
      310.54,        0.76,
      311.06,        0.74,
      311.58,        0.71,
      312.10,        0.71,
      312.61,        0.69,
      313.13,        0.66,
      313.65,        0.67,
      314.13,        0.67,
      314.61,        0.64,
      315.13,        0.62,
      315.61,        0.61,
      316.13,        0.59,
      316.65,        0.59,
      317.13,        0.55,
      317.60,        0.55,
      318.08,        0.51,
      318.56,        0.50,
      319.08,        0.46,
      319.60,        0.40,
      320.12,        0.33,
      320.64,        0.27,
      321.16,        0.25,
      321.68,        0.26,
      322.16,        0.25,
      322.63,        0.28,
      323.15,        0.32,
      323.63,        0.36,
      324.15,        0.37,
      324.67,        0.37,
      325.15,        0.37,
      325.63,        0.34,
      326.11,        0.36,
      326.63,        0.38,
      327.11,        0.41,
      327.62,        0.42,
      328.18,        0.42,
      328.70,        0.44,
      329.22,        0.46,
      329.74,        0.47,
      330.26,        0.48,
      330.74,        0.48,
      331.26,        0.48,
      331.74,        0.48,
      332.26,        0.46,
      332.77,        0.50,
      333.25,        0.52,
      333.73,        0.55,
      334.21,        0.53,
      334.69,        0.55,
      335.21,        0.55,
      335.77,        0.52,
      336.29,        0.51,
      336.85,        0.52,
      337.37,        0.50,
      337.88,        0.51,
      338.40,        0.52,
      338.88,        0.53,
      339.40,        0.54,
      339.88,        0.53,
      340.36,        0.51,
      340.88,        0.52,
      341.36,        0.52,
      341.88,        0.54,
      342.32,        0.54,
      342.83,        0.52,
      343.31,        0.51,
      343.83,        0.51,
      344.35,        0.47,
      344.91,        0.49,
      345.43,        0.47,
      345.95,        0.50,
      346.47,        0.50,
      346.95,        0.46,
      347.46,        0.47,
      347.98,        0.46,
      348.46,        0.46,
      348.94,        0.46,
      349.46,        0.45,
      349.94,        0.45,
      350.38,        0.44,
      350.90,        0.48,
      351.42,        0.53,
      351.94,        0.53,
      352.45,        0.56,
      352.97,        0.58,
      353.49,        0.62,
      354.01,        0.65,
      354.53,        0.66,
      355.05,        0.69,
      355.53,        0.72,
      356.05,        0.74,
      356.53,        0.77,
      357.05,        0.76,
      357.52,        0.74,
      357.96,        0.76,
      358.48,        0.76,
      358.96,        0.80,
      359.48,        0.83,
      360.00,        0.83,
      360.52,        0.86,
      361.04,        0.90,
      361.56,        0.89,
      362.08,        0.88,
      362.59,        0.88,
      363.07,        0.89,
      363.59,        0.90,
      364.07,        0.90,
      364.59,        0.90,
      365.07,        0.93,
      365.55,        0.93,
      366.03,        0.95,
      366.51,        0.97,
      367.03,        1.00,
      367.54,        1.01,
      368.06,        1.00,
      368.58,        1.04,
      369.10,        1.07,
      369.62,        1.12,
      370.14,        1.14,
      370.66,        1.16,
      371.14,        1.19,
      371.66,        1.20,
      372.14,        1.25,
      372.61,        1.26,
      373.13,        1.27,
      373.61,        1.27,
      374.09,        1.26,
      374.57,        1.28,
      375.09,        1.26,
      375.61,        1.24,
      376.13,        1.25,
      376.65,        1.25,
      377.17,        1.25,
      377.68,        1.26,
      378.20,        1.23,
      378.68,        1.23,
      379.16,        1.23,
      379.68,        1.24,
      380.16,        1.24,
      380.68,        1.25,
      381.16,        1.29,
      381.64,        1.29,
      382.12,        1.33,
      382.59,        1.32,
      383.11,        1.33,
      383.63,        1.33,
      384.19,        1.32,
      384.67,        1.33,
      385.23,        1.33,
      385.71,        1.30,
      386.23,        1.29,
      386.71,        1.23,
      387.19,        1.26,
      387.70,        1.30,
      388.18,        1.36,
      388.70,        1.40,
      389.18,        1.42,
      389.66,        1.43,
      390.14,        1.46,
      390.62,        1.52,
      391.14,        1.56,
      391.70,        1.62,
      392.22,        1.68,
      392.73,        1.70,
      393.25,        1.74,
      393.73,        1.79,
      394.25,        1.85,
      394.73,        1.90,
      395.21,        1.92,
      395.69,        1.97,
      396.21,        1.98,
      396.73,        2.02,
      397.21,        2.02,
      397.68,        2.04,
      398.16,        2.09,
      398.64,        2.16,
      399.16,        2.20,
      399.72,        2.24,
      400.24,        2.25,
      400.76,        2.28,
      401.28,        2.30,
      401.76,        2.33,
      402.24,        2.35,
      402.71,        2.37,
      403.19,        2.38,
      403.71,        2.41,
      404.23,        2.47,
      404.75,        2.50,
      405.23,        2.47,
      405.71,        2.47,
      406.19,        2.51,
      406.67,        2.56,
      407.19,        2.56,
      407.74,        2.57,
      408.22,        2.63,
      408.78,        2.62,
      409.30,        2.66,
      409.78,        2.64,
      410.26,        2.64,
      410.74,        2.68,
      411.22,        2.69,
      411.74,        2.73,
      412.26,        2.75,
      412.77,        2.72,
      413.25,        2.73,
      413.73,        2.76,
      414.21,        2.78,
      414.73,        2.78,
      415.25,        2.77,
      415.77,        2.79,
      416.29,        2.80,
      416.81,        2.80,
      417.29,        2.77,
      417.80,        2.77,
      418.32,        2.79,
      418.80,        2.76,
      419.28,        2.77,
      419.80,        2.79,
      420.32,        2.78,
      420.84,        2.76,
      421.32,        2.71,
      421.80,        2.71,
      422.28,        2.60,
      422.79,        2.54,
      423.31,        2.49,
      423.83,        2.23,
      424.35,        2.12,
      424.87,        1.89,
      425.39,        1.66,
      425.91,        1.55,
      426.43,        1.22,
      426.91,        0.96,
      427.43,        0.70,
      427.90,        0.42,
      428.42,        0.24,
      428.90,       -0.03,
      429.42,       -0.20,
      429.90,       -0.33,
      430.38,       -0.46,
      430.90,       -0.52,
      431.42,       -0.62,
      431.98,       -0.67,
      432.46,       -0.62,
      432.97,       -0.67,
      433.49,       -0.69,
      434.01,       -0.68,
      434.53,       -0.66,
      435.05,       -0.66,
      435.53,       -0.66,
      436.05,       -0.64,
      436.53,       -0.65,
      437.05,       -0.55,
      437.52,       -0.57,
      438.00,       -0.52,
      438.48,       -0.46,
      439.00,       -0.53,
      439.52,       -0.59,
      440.04,       -0.63,
      440.56,       -0.64,
      441.04,       -0.76,
      441.60,       -0.80,
      442.08,       -0.83,
      442.59,       -0.94,
      443.07,       -0.93,
      443.55,       -0.95,
      444.07,       -1.07,
      444.59,       -1.00,
      445.07,       -1.11,
      445.55,       -1.17,
      446.03,       -1.16,
      446.51,       -1.17,
      447.03,       -1.12,
      447.54,       -1.10,
      448.06,       -1.19,
      448.58,       -1.15,
      449.10,       -1.20,
      449.62,       -1.26,
      450.10,       -1.21,
      450.58,       -1.29,
      451.10,       -1.29,
      451.58,       -1.23,
      452.10,       -1.31,
      452.61,       -1.24,
      453.09,       -1.24,
      453.57,       -1.25,
      454.05,       -1.24,
      454.53,       -1.22,
      455.05,       -1.20,
      455.57,       -1.15,
      456.09,       -1.11,
      456.61,       -1.07,
      457.13,       -1.05,
      457.60,       -1.03,
      458.12,       -1.01,
      458.60,       -0.95,
      459.08,       -0.90,
      459.60,       -0.90,
      460.12,       -0.89,
      460.60,       -0.85,
      461.08,       -0.85,
      461.60,       -0.85,
      462.08,       -0.80,
      462.51,       -0.76,
      463.07,       -0.73,
      463.59,       -0.68,
      464.11,       -0.64,
      464.63,       -0.64,
      465.15,       -0.63,
      465.67,       -0.58,
      466.15,       -0.51,
      466.63,       -0.50,
      467.15,       -0.55,
      467.62,       -0.58,
      468.14,       -0.55,
      468.66,       -0.47,
      469.14,       -0.42,
      469.62,       -0.41,
      470.06,       -0.40,
      470.58,       -0.37,
      471.10,       -0.31,
      471.62,       -0.31,
      472.14,       -0.33,
      472.65,       -0.29,
      473.21,       -0.20,
      473.69,       -0.17,
      474.17,       -0.11,
      474.65,       -0.07,
      475.17,       -0.02,
      475.69,       -0.03,
      476.17,       -0.03,
      476.69,       -0.01,
      477.17,        0.01,
      477.60,        0.03,
      478.12,        0.03,
      478.60,        0.02,
      479.12,        0.06,
      479.68,        0.11,
      480.20,        0.13,
      480.72,        0.14,
      481.24,        0.15,
      481.72,        0.19,
      482.20,        0.22,
      482.71,        0.24,
      483.19,        0.31,
      483.71,        0.37,
      484.23,        0.37,
      484.71,        0.39,
      485.19,        0.44,
      485.67,        0.49,
      486.15,        0.55,
      486.67,        0.59,
      487.19,        0.63,
      487.70,        0.63,
      488.22,        0.57,
      488.74,        0.59,
      489.26,        0.61,
      489.78,        0.63,
      490.26,        0.67,
      490.74,        0.67,
      491.22,        0.70,
      491.74,        0.71,
      492.26,        0.72,
      492.73,        0.74,
      493.21,        0.72,
      493.69,        0.68,
      494.17,        0.69,
      494.69,        0.71,
      495.21,        0.72,
      495.73,        0.74,
      496.25,        0.76,
      496.77,        0.75,
      497.33,        0.73,
      497.80,        0.76,
      498.28,        0.76,
      498.76,        0.72,
      499.28,        0.71,
      499.80,        0.67,
      500.28,        0.72,
      500.80,        0.73,
      501.28,        0.76,
      501.76,        0.81,
      502.24,        0.80,
      502.75,        0.77,
      503.27,        0.83,
      503.79,        0.85,
      504.31,        0.85,
      504.83,        0.86,
      505.35,        0.89,
      505.87,        0.93,
      506.35,        0.93,
      506.83,        0.95,
      507.35,        0.99,
      507.82,        0.98,
      508.34,        0.99,
      508.82,        0.98,
      509.30,        0.96,
      509.78,        0.98,
      510.26,        0.99,
      510.82,        0.98,
      511.34,        0.98,
      511.86,        0.92,
      512.38,        0.91,
      512.89,        0.93,
      513.41,        0.94,
      513.93,        0.98,
      514.41,        0.98,
      514.93,        1.00,
      515.41,        1.00,
      515.89,        0.99,
      516.41,        1.01,
      516.89,        0.95,
      517.41,        0.94,
      517.88,        0.97,
      518.36,        0.94,
      518.88,        0.86,
      519.40,        0.71,
      519.92,        0.63,
      520.48,        0.59,
      520.96,        0.53,
      521.48,        0.55,
      522.00,        0.56,
      522.48,        0.58,
      522.95,        0.57,
      523.47,        0.55,
      523.95,        0.55,
      524.47,        0.55,
      524.95,        0.53,
      525.43,        0.60,
      525.87,        0.50,
      526.39,        0.55,
      526.91,        0.55,
      527.43,        0.55,
      527.94,        0.55,
      528.46,        0.51,
      528.98,        0.52,
      529.54,        0.54,
      529.98,        0.56,
      530.46,        0.57,
      530.98,        0.56,
      531.50,        0.52,
      532.02,        0.50,
      532.50,        0.49,
      533.01,        0.48,
      533.49,        0.47,
      533.97,        0.47,
      534.49,        0.47,
      535.05,        0.47,
      535.57,        0.48,
      536.09,        0.41,
      536.61,        0.42,
      537.17,        0.45,
      537.68,        0.46,
      538.16,        0.42,
      538.68,        0.37,
      539.20,        0.37,
      539.68,        0.31,
      540.20,        0.21,
      540.68,        0.08,
      541.20,       -0.12,
      541.68,       -0.21,
      542.16,       -0.28,
      542.67,       -0.32,
      543.19,       -0.24,
      543.71,       -0.27,
      544.23,       -0.27,
      544.75,       -0.29,
      545.23,       -0.32,
      545.79,       -0.30,
      546.27,       -0.28,
      546.79,       -0.27,
      547.27,       -0.21,
      547.78,       -0.18,
      548.26,       -0.12,
      548.78,       -0.09,
      549.26,       -0.08,
      549.78,       -0.03,
      550.26,       -0.03,
      550.78,       -0.00,
      551.30,        0.03,
      551.82,        0.07,
      552.34,        0.10,
      552.81,        0.15,
      553.33,        0.20,
      553.85,        0.24,
      554.37,        0.26,
      554.85,        0.24,
      555.37,        0.26,
      555.85,        0.28,
      556.37,        0.36,
      556.85,        0.41,
      557.37,        0.48,
      557.84,        0.50,
      558.32,        0.58,
      558.84,        0.59,
      559.36,        0.67,
      559.88,        0.72,
      560.40,        0.79,
      560.92,        0.85,
      561.44,        0.86,
      561.92,        0.89,
      562.40,        0.94,
      562.91,        0.98,
      563.39,        1.06,
      563.91,        1.06,
      564.43,        1.12,
      564.91,        1.11,
      565.39,        1.11,
      565.87,        1.18,
      566.39,        1.24,
      566.95,        1.32,
      567.47,        1.38,
      567.94,        1.40,
      568.46,        1.42,
      568.98,        1.49,
      569.50,        1.54,
      569.98,        1.60,
      570.46,        1.61,
      570.98,        1.68,
      571.46,        1.72,
      571.98,        1.76,
      572.50,        1.80,
      572.97,        1.86,
      573.45,        1.87,
      573.93,        1.83,
      574.41,        1.82,
      574.97,        1.82,
      575.45,        1.82,
      575.97,        1.75,
      576.49,        1.51,
      577.01,        1.16,
      577.53,        0.77,
      578.00,        0.40,
      578.48,        0.03,
      579.00,       -0.20,
      579.48,       -0.24,
      580.00,       -0.28,
      580.48,       -0.28,
      580.96,       -0.30,
      581.48,       -0.32,
      581.96,       -0.37,
      582.44,       -0.39,
      582.95,       -0.37,
      583.47,       -0.35,
      583.99,       -0.39,
      584.51,       -0.37,
      585.03,       -0.38,
      585.55,       -0.41,
      586.03,       -0.37,
      586.51,       -0.40,
      586.99,       -0.41,
      587.51,       -0.40,
      588.02,       -0.45,
      588.50,       -0.42,
      589.02,       -0.40,
      589.50,       -0.37,
      589.98,       -0.37,
      590.46,       -0.38,
      590.98,       -0.37,
      591.50,       -0.34,
      592.02,       -0.35,
      592.54,       -0.37,
      593.05,       -0.39,
      593.53,       -0.37,
      594.05,       -0.37,
      594.53,       -0.35,
      595.05,       -0.30,
      595.53,       -0.25,
      596.05,       -0.19,
      596.53,       -0.13,
      597.01,       -0.13,
      597.53,       -0.14,
      597.96,       -0.14,
      598.48,       -0.10,
      599.00,       -0.07,
      599.52,       -0.09,
      600.04,       -0.06,
      600.56,       -0.05,
      601.08,       -0.01,
      601.60,        0.02,
      602.08,        0.07,
      602.56,        0.15,
      603.07,        0.15,
      603.55,        0.25,
      604.07,        0.33,
      604.59,        0.31,
      605.07,        0.33,
      605.51,        0.27,
      605.99,        0.28,
      606.51,        0.34,
      607.03,        0.38,
      607.58,        0.44,
      608.10,        0.45,
      608.62,        0.44,
      609.14,        0.50,
      609.62,        0.49,
      610.10,        0.55,
      610.58,        0.50,
      611.10,        0.64,
      611.62,        0.76,
      612.10,        0.70,
      612.61,        0.76,
      613.05,        0.76,
      613.57,        0.76,
      614.05,        0.85,
      614.57,        0.83,
      615.09,        0.86,
      615.61,        0.93,
      616.13,        0.89,
      616.65,        0.93,
      617.17,        0.94,
      617.64,        0.94,
      618.12,        0.98,
      618.60,        0.95,
      619.12,        0.92,
      619.64,        0.86,
      620.16,        0.69,
      620.60,        0.52,
      621.08,        0.21,
      621.60,       -0.16,
      622.08,       -0.47,
      622.59,       -0.90,
      623.11,       -1.31,
      623.63,       -1.71,
      624.15,       -2.14,
      624.67,       -2.48,
      625.19,       -2.76,
      625.67,       -2.99,
      626.15,       -3.02,
      626.63,       -3.10,
      627.15,       -3.13,
      627.62,       -3.13,
      628.14,       -3.12,
      628.62,       -3.12,
      629.14,       -3.09,
      629.62,       -3.05,
      630.10,       -3.08,
      630.62,       -3.08,
      631.14,       -3.06,
      631.66,       -2.92,
      632.18,       -2.89,
      632.69,       -2.87,
      633.21,       -2.85,
      633.73,       -2.86,
      634.21,       -2.82,
      634.69,       -2.78,
      635.17,       -2.74,
      635.69,       -2.75,
      636.21,       -2.74,
      636.73,       -2.75,
      637.21,       -2.75,
      637.68,       -2.75,
      638.16,       -2.75,
      638.68,       -2.71,
      639.20,       -2.69,
      639.72,       -2.67,
      640.24,       -2.67,
      640.76,       -2.62,
      641.28,       -2.57,
      641.80,       -2.56,
      642.28,       -2.58,
      642.75,       -2.57,
      643.23,       -2.60,
      643.75,       -2.61,
      644.27,       -2.58,
      644.75,       -2.58,
      645.23,       -2.56,
      645.71,       -2.56,
      646.19,       -2.54,
      646.75,       -2.52,
      647.27,       -2.48,
      647.78,       -2.47,
      648.30,       -2.42,
      648.82,       -2.36,
      649.34,       -2.34,
      649.86,       -2.32,
      650.30,       -2.27,
      650.82,       -2.23,
      651.30,       -2.20,
      651.82,       -2.20,
      652.34,       -2.15,
      652.81,       -2.09,
      653.29,       -2.12,
      653.77,       -2.09,
      654.25,       -2.06,
      654.81,       -2.04,
      655.33,       -1.97,
      655.85,       -1.94,
      656.37,       -1.89,
      656.89,       -1.83,
      657.41,       -1.79,
      657.88,       -1.76,
      658.36,       -1.77,
      658.88,       -1.74,
      659.36,       -1.70,
      659.88,       -1.68,
      660.36,       -1.73,
      660.88,       -1.73,
      661.36,       -1.73,
      661.88,       -1.66,
      662.36,       -1.61,
      662.87,       -1.60,
      663.43,       -1.53,
      663.95,       -1.54,
      664.47,       -1.54,
      664.99,       -1.49,
      665.51,       -1.46,
      665.99,       -1.46,
      666.51,       -1.42,
      666.99,       -1.42,
      667.51,       -1.38,
      667.98,       -1.35,
      668.50,       -1.35,
      668.98,       -1.34,
      669.50,       -1.32,
      669.98,       -1.27,
      670.46,       -1.25,
      671.02,       -1.29,
      671.54,       -1.25,
      672.06,       -1.25,
      672.58,       -1.25,
      673.09,       -1.25,
      673.61,       -1.25,
      674.13,       -1.25,
      674.61,       -1.22,
      675.09,       -1.20,
      675.61,       -1.14,
      676.13,       -1.13,
      676.61,       -1.08,
      677.13,       -1.06,
      677.60,       -1.06,
      678.08,       -1.06,
      678.64,       -1.06,
      679.16,       -1.05,
      679.68,       -1.01,
      680.24,       -0.97,
      680.72,       -0.94,
      681.28,       -0.89,
      681.80,       -0.89,
      682.28,       -0.90,
      682.79,       -0.88,
      683.27,       -0.89,
      683.79,       -0.85,
      684.27,       -0.83,
      684.79,       -0.83,
      685.27,       -0.81,
      685.75,       -0.76,
      686.27,       -0.73,
      686.79,       -0.70,
      687.27,       -0.70,
      687.82,       -0.69,
      688.30,       -0.69,
      688.82,       -0.68,
      689.34,       -0.66,
      689.86,       -0.62,
      690.38,       -0.60,
      690.86,       -0.59,
      691.38,       -0.58,
      691.90,       -0.59,
      692.38,       -0.56,
      692.89,       -0.59,
      693.37,       -0.64,
      693.85,       -0.66,
      694.37,       -0.69,
      694.89,       -0.70,
      695.41,       -0.79,
      695.89,       -0.82,
      696.41,       -0.85,
      696.93,       -1.03,
      697.49,       -1.18,
      697.96,       -1.45,
      698.48,       -1.83,
      699.00,       -2.24,
      699.48,       -2.64,
      700.00,       -3.09,
      700.52,       -3.52,
      701.00,       -3.91,
      701.48,       -4.26,
      701.96,       -4.36,
      702.48,       -4.41,
      702.99,       -4.47,
      703.47,       -4.41,
      703.99,       -4.43,
      704.55,       -4.44,
      705.07,       -4.39,
      705.59,       -4.49,
      706.11,       -4.52,
      706.59,       -4.46,
      707.11,       -4.55,
      707.63,       -4.55,
      708.10,       -4.52,
      708.58,       -4.63,
      709.10,       -4.64,
      709.58,       -4.62,
      710.06,       -4.68,
      710.58,       -4.61,
      711.06,       -4.61,
      711.58,       -4.72,
      712.10,       -4.70,
      712.61,       -4.65,
      713.13,       -4.70,
      713.65,       -4.64,
      714.13,       -4.62,
      714.65,       -4.65,
      715.13,       -4.60,
      715.65,       -4.58,
      716.17,       -4.52,
      716.65,       -4.48,
      717.17,       -4.48,
      717.64,       -4.50,
      718.12,       -4.43,
      718.64,       -4.44,
      719.12,       -4.43,
      719.68,       -4.35,
      720.20,       -4.32,
      720.72,       -4.31,
      721.24,       -4.22,
      721.76,       -4.22,
      722.24,       -4.15,
      722.71,       -4.09,
      723.23,       -4.12,
      723.75,       -4.07,
      724.23,       -4.00,
      724.75,       -3.91,
      725.23,       -3.86,
      725.71,       -3.81,
      726.19,       -3.81,
      726.71,       -3.77,
      727.23,       -3.74,
      727.74,       -3.71,
      728.26,       -3.69,
      728.78,       -3.68,
      729.30,       -3.64,
      729.78,       -3.61,
      730.30,       -3.61,
      730.78,       -3.59,
      731.30,       -3.57,
      731.78,       -3.57,
      732.30,       -3.53,
      732.77,       -3.48,
      733.25,       -3.48,
      733.73,       -3.45,
      734.21,       -3.42,
      734.73,       -3.39,
      735.25,       -3.39,
      735.77,       -3.36,
      736.33,       -3.34,
      736.85,       -3.30,
      737.33,       -3.29,
      737.80,       -3.26,
      738.28,       -3.26,
      738.80,       -3.26,
      739.32,       -3.21,
      739.84,       -3.19,
      740.32,       -3.15,
      740.80,       -3.10,
      741.28,       -3.11,
      741.76,       -3.09,
      742.24,       -3.10,
      742.79,       -3.04,
      743.31,       -3.01,
      743.83,       -2.95,
      744.35,       -2.92,
      744.87,       -2.90,
      745.39,       -2.87,
      745.87,       -2.80,
      746.35,       -2.78,
      746.83,       -2.75,
      747.35,       -2.69,
      747.86,       -2.66,
      748.34,       -2.66,
      748.82,       -2.66,
      749.30,       -2.63,
      749.78,       -2.57,
      750.30,       -2.53,
      750.82,       -2.51,
      751.34,       -2.48,
      751.86,       -2.43,
      752.38,       -2.38,
      752.89,       -2.36,
      753.41,       -2.34,
      753.89,       -2.32,
      754.37,       -2.29,
      754.89,       -2.25,
      755.41,       -2.23,
      755.89,       -2.21,
      756.37,       -2.20,
      756.85,       -2.20,
      757.33,       -2.19,
      757.84,       -2.20,
      758.32,       -2.20,
      758.84,       -2.18,
      759.36,       -2.16,
      759.88,       -2.17,
      760.44,       -2.13,
      760.92,       -2.13,
      761.44,       -2.15,
      761.92,       -2.12,
      762.40,       -2.12,
      762.91,       -2.09,
      763.39,       -2.08,
      763.91,       -2.07,
      764.39,       -2.05,
      764.87,       -1.99,
      765.35,       -1.94,
      765.87,       -1.92,
      766.35,       -1.89,
      766.87,       -1.86,
      767.39,       -1.83,
      767.94,       -1.81,
      768.42,       -1.77,
      768.94,       -1.77,
      769.46,       -1.73,
      769.94,       -1.74,
      770.42,       -1.71,
      770.90,       -1.68,
      771.42,       -1.68,
      771.94,       -1.68,
      772.42,       -1.67,
      772.93,       -1.64,
      773.41,       -1.63,
      773.89,       -1.58,
      774.45,       -1.56,
      774.97,       -1.55,
      775.49,       -1.48,
      776.01,       -1.49,
      776.53,       -1.50,
      777.05,       -1.52,
      777.53,       -1.51,
      778.00,       -1.44,
      778.48,       -1.42,
      779.00,       -1.37,
      779.48,       -1.34,
      780.00,       -1.35,
      780.52,       -1.31,
      781.00,       -1.22,
      781.48,       -1.21,
      781.96,       -1.22,
      782.48,       -1.25,
      782.99,       -1.26,
      783.51,       -1.20,
      784.03,       -1.15,
      784.55,       -1.14,
      785.07,       -1.10,
      785.59,       -1.09,
      786.03,       -1.08,
      786.51,       -1.05,
      787.03,       -1.03,
      787.55,       -1.03,
      788.06,       -1.03,
      788.54,       -1.01,
      789.02,       -1.02,
      789.50,       -1.01,
      790.02,       -1.00,
      790.54,       -0.98,
      791.06,       -0.97,
      791.58,       -0.98,
      792.10,       -0.98,
      792.62,       -0.98,
      793.13,       -0.98,
      793.61,       -0.99,
      794.09,       -0.99,
      794.57,       -0.96,
      795.09,       -0.95,
      795.61,       -0.94,
      796.09,       -0.94,
      796.61,       -0.95,
      797.09,       -0.92,
      797.57,       -0.91,
      798.04,       -0.91,
      798.56,       -0.91,
      799.08,       -0.90,
      799.60,       -0.87,
      800.12,       -0.90,
      800.68,       -0.94,
      801.16,       -0.93,
      801.64,       -0.93,
      802.12,       -0.92,
      802.64,       -0.92,
      803.11,       -0.94,
      803.63,       -0.92,
      804.15,       -0.94,
      804.63,       -0.90,
      805.11,       -0.87,
      805.59,       -0.84,
      806.07,       -0.80,
      806.59,       -0.76,
      807.15,       -0.76,
      807.67,       -0.76,
      808.18,       -0.76,
      808.66,       -0.70,
      809.18,       -0.66,
      809.66,       -0.63,
      810.14,       -0.63,
      810.66,       -0.63,
      811.14,       -0.65,
      811.66,       -0.63,
      812.18,       -0.63,
      812.66,       -0.63,
      813.13,       -0.58,
      813.61,       -0.56,
      814.13,       -0.59,
      814.65,       -0.66,
      815.17,       -0.70,
      815.69,       -0.72,
      816.17,       -0.79,
      816.69,       -0.81,
      817.21,       -0.71,
      817.68,       -0.88,
      818.16,       -0.88,
      818.64,       -0.89,
      819.16,       -0.95,
      819.64,       -0.93,
      820.16,       -0.90,
      820.68,       -0.97,
      821.16,       -0.98,
      821.64,       -1.00,
      822.12,       -0.98,
      822.64,       -0.97,
      823.19,       -0.97,
      823.71,       -0.95,
      824.23,       -0.95,
      824.75,       -0.94,
      825.23,       -0.91,
      825.71,       -0.94,
      826.19,       -0.96,
      826.67,       -0.98,
      827.19,       -1.07,
      827.70,       -1.07,
      828.22,       -1.13,
      828.70,       -1.38,
      829.18,       -1.68,
      829.66,       -2.04,
      830.14,       -2.41,
      830.70,       -2.73,
      831.18,       -3.05,
      831.70,       -3.31,
      832.22,       -3.55,
      832.73,       -3.82,
      833.25,       -4.06,
      833.69,       -4.27,
      834.17,       -4.55,
      834.69,       -4.88,
      835.17,       -5.20,
      835.69,       -5.55,
      836.21,       -5.83,
      836.69,       -5.89,
      837.17,       -5.90,
      837.65,       -5.92,
      838.12,       -5.84,
      838.64,       -5.87,
      839.20,       -5.97,
      839.72,       -6.00,
      840.24,       -5.94,
      840.76,       -5.91,
      841.24,       -5.88,
      841.72,       -5.88,
      842.20,       -5.87,
      842.68,       -5.83,
      843.19,       -5.82,
      843.67,       -5.83,
      844.19,       -5.85,
      844.67,       -5.88,
      845.15,       -5.87,
      845.63,       -5.86,
      846.11,       -5.88,
      846.63,       -5.88,
      847.15,       -5.83,
      847.67,       -5.80,
      848.22,       -5.77,
      848.70,       -5.79,
      849.22,       -5.82,
      849.70,       -5.81,
      850.18,       -5.82,
      850.66,       -5.84,
      851.18,       -5.83,
      851.70,       -5.75,
      852.18,       -5.70,
      852.66,       -5.82,
      853.13,       -5.88,
      853.61,       -5.97,
      854.13,       -5.97,
      854.65,       -5.97,
      855.17,       -5.97,
      855.69,       -6.02,
      856.21,       -6.02,
      856.73,       -6.06,
      857.21,       -6.10,
      857.68,       -6.11,
      858.20,       -6.13,
      858.68,       -6.17,
      859.20,       -6.19,
      859.68,       -6.22,
      860.20,       -6.27,
      860.68,       -6.33,
      861.16,       -6.32,
      861.64,       -6.35,
      862.12,       -6.39,
      862.64,       -6.40,
      863.19,       -6.43,
      863.71,       -6.48,
      864.23,       -6.51,
      864.75,       -6.49,
      865.23,       -6.47,
      865.71,       -6.40,
      866.19,       -6.40,
      866.67,       -6.41,
      867.19,       -6.40,
      867.71,       -6.38,
      868.18,       -6.45,
      868.66,       -6.47,
      869.14,       -6.40,
      869.66,       -6.44,
      870.14,       -6.45,
      870.70,       -6.36,
      871.22,       -6.32,
      871.74,       -6.34,
      872.26,       -6.36,
      872.77,       -6.40,
      873.25,       -6.39,
      873.73,       -6.30,
      874.21,       -6.28,
      874.73,       -6.27,
      875.25,       -6.25,
      875.73,       -6.18,
      876.21,       -6.14,
      876.73,       -6.13,
      877.21,       -6.13,
      877.69,       -6.15,
      878.20,       -6.18,
      878.72,       -6.17,
      879.24,       -6.13,
      879.80,       -6.10,
      880.28,       -6.05,
      880.80,       -6.04,
      881.32,       -5.98,
      881.80,       -5.92,
      882.28,       -5.86,
      882.75,       -5.82,
      883.27,       -5.78,
      883.75,       -5.72,
      884.27,       -5.66,
      884.75,       -5.60,
      885.23,       -5.53,
      885.71,       -5.49,
      886.23,       -5.45,
      886.75,       -5.45,
      887.27,       -5.41,
      887.78,       -5.35,
      888.34,       -5.30,
      888.82,       -5.26,
      889.34,       -5.24,
      889.82,       -5.20,
      890.30,       -5.18,
      890.78,       -5.14,
      891.26,       -5.13,
      891.78,       -5.12,
      892.26,       -5.05,
      892.73,       -4.96,
      893.25,       -4.98,
      893.73,       -4.96,
      894.25,       -4.93,
      894.77,       -4.88,
      895.29,       -4.87,
      895.81,       -4.77,
      896.33,       -4.66,
      896.85,       -4.61,
      897.37,       -4.59,
      897.84,       -4.57,
      898.32,       -4.56,
      898.84,       -4.51,
      899.32,       -4.43,
      899.84,       -4.37,
      900.32,       -4.28,
      900.84,       -4.17,
      901.32,       -4.09,
      901.80,       -4.03,
      902.32,       -3.99,
      902.83,       -3.97,
      903.35,       -3.91,
      903.87,       -3.85,
      904.39,       -3.82,
      904.91,       -3.69,
      905.43,       -3.69,
      905.91,       -3.67,
      906.39,       -3.56,
      906.87,       -3.49,
      907.39,       -3.50,
      907.90,       -3.44,
      908.42,       -3.39,
      908.90,       -3.35,
      909.38,       -3.29,
      909.86,       -3.28,
      910.38,       -3.21,
      910.90,       -3.22,
      911.46,       -3.17,
      911.98,       -3.13,
      912.50,       -3.09,
      913.01,       -3.07,
      913.49,       -3.03,
      913.97,       -3.01,
      914.45,       -2.99,
      914.93,       -2.93,
      915.45,       -2.91,
      915.97,       -2.90,
      916.45,       -2.87,
      916.97,       -2.80,
      917.45,       -2.79,
      917.92,       -2.82,
      918.44,       -2.74,
      918.96,       -2.78,
      919.48,       -2.73,
      920.00,       -2.70,
      920.52,       -2.66,
      921.04,       -2.60,
      921.52,       -2.52,
      922.00,       -2.51,
      922.48,       -2.49,
      922.95,       -2.44,
      923.47,       -2.38,
      923.99,       -2.35,
      924.47,       -2.33,
      924.95,       -2.27,
      925.43,       -2.22,
      925.91,       -2.17,
      926.43,       -2.12,
      926.99,       -2.12,
      927.51,       -2.12,
      928.02,       -2.08,
      928.54,       -2.05,
      929.02,       -1.99,
      929.54,       -1.94,
      930.02,       -1.92,
      930.54,       -1.89,
      931.06,       -1.90,
      931.58,       -1.85,
      932.10,       -1.81,
      932.58,       -1.85,
      933.05,       -1.87,
      933.57,       -1.83,
      934.05,       -1.82,
      934.57,       -1.79,
      935.09,       -1.79,
      935.61,       -1.77,
      936.13,       -1.73,
      936.65,       -1.78,
      937.13,       -1.79,
      937.61,       -1.74,
      938.08,       -1.72,
      938.60,       -1.67,
      939.12,       -1.64,
      939.60,       -1.62,
      940.08,       -1.58,
      940.60,       -1.53,
      941.08,       -1.49,
      941.56,       -1.46,
      942.08,       -1.42,
      942.60,       -1.38,
      943.11,       -1.38,
      943.63,       -1.33,
      944.15,       -1.32,
      944.67,       -1.30,
      945.15,       -1.29,
      945.63,       -1.31,
      946.15,       -1.32,
      946.63,       -1.31,
      947.15,       -1.35,
      947.67,       -1.38,
      948.14,       -1.39,
      948.62,       -1.39,
      949.10,       -1.40,
      949.58,       -1.40,
      950.10,       -1.38,
      950.62,       -1.38,
      951.14,       -1.38,
      951.66,       -1.54,
      952.18,       -1.87,
      952.70,       -2.23,
      953.21,       -2.63,
      953.69,       -3.04,
      954.17,       -3.47,
      954.69,       -3.90,
      955.21,       -4.31,
      955.69,       -4.73,
      956.21,       -5.14,
      956.69,       -5.56,
      957.17,       -5.97,
      957.65,       -6.32,
      958.16,       -6.50,
      958.68,       -6.54,
      959.20,       -6.61,
      959.72,       -6.65,
      960.24,       -6.67,
      960.76,       -6.65,
      961.28,       -6.67,
      961.76,       -6.70,
      962.24,       -6.77,
      962.76,       -6.78,
      963.27,       -6.82,
      963.79,       -6.84,
      964.27,       -6.86,
      964.79,       -6.89,
      965.27,       -6.93,
      965.75,       -6.95,
      966.27,       -6.96,
      966.79,       -7.00,
      967.27,       -7.01,
      967.82,       -7.02,
      968.34,       -6.89,
      968.86,       -6.82,
      969.38,       -6.81,
      969.90,       -6.77,
      970.38,       -6.72,
      970.90,       -6.71,
      971.42,       -6.74,
      971.90,       -6.71,
      972.42,       -6.71,
      972.89,       -6.71,
      973.37,       -6.79,
      973.89,       -6.85,
      974.37,       -6.85,
      974.89,       -6.84,
      975.41,       -6.84,
      975.97,       -6.82,
      976.49,       -6.81,
      977.01,       -6.80,
      977.53,       -6.80,
      978.04,       -6.75,
      978.56,       -6.75,
      979.08,       -6.79,
      979.56,       -6.86,
      980.08,       -6.88,
      980.56,       -6.86,
      981.04,       -6.85,
      981.52,       -6.86,
      982.04,       -6.85,
      982.56,       -6.86,
      983.07,       -6.87,
      983.59,       -6.87,
      984.11,       -6.83,
      984.63,       -6.77,
      985.15,       -6.71,
      985.67,       -6.73,
      986.19,       -6.75,
      986.71,       -6.71,
      987.19,       -6.71,
      987.71,       -6.71,
      988.18,       -6.71,
      988.66,       -6.63,
      989.18,       -6.54,
      989.66,       -6.46,
      990.18,       -6.42,
      990.70,       -6.36,
      991.22,       -6.23,
      991.74,       -6.18,
      992.26,       -6.15,
      992.77,       -6.22,
      993.29,       -6.32,
      993.81,       -6.27,
      994.33,       -6.23,
      994.81,       -6.22,
      995.33,       -6.22,
      995.85,       -6.13,
      996.33,       -6.05,
      996.81,       -5.98,
      997.33,       -5.90,
      997.80,       -5.87,
      998.32,       -5.79,
      998.84,       -5.73,
      999.36,       -5.69,
      999.88,       -5.63,
     1000.40,       -5.57,
     1000.92,       -5.45,
     1001.44,       -5.40,
     1001.96,       -5.37,
     1002.44,       -5.35,
     1002.95,       -5.26,
     1003.47,       -5.18,
     1003.95,       -5.15,
     1004.43,       -5.09,
     1004.95,       -5.02,
     1005.43,       -4.93,
     1005.91,       -4.87,
     1006.43,       -4.80,
     1006.99,       -4.74,
     1007.51,       -4.69,
     1007.98,       -4.65,
     1008.54,       -4.55,
     1009.06,       -4.42,
     1009.58,       -4.34,
     1010.06,       -4.22,
     1010.58,       -4.13,
     1011.06,       -4.09,
     1011.54,       -4.05,
     1012.06,       -3.96,
     1012.54,       -3.91,
     1013.05,       -3.85,
     1013.53,       -3.76,
     1014.05,       -3.69,
     1014.57,       -3.61,
     1015.09,       -3.56,
     1015.61,       -3.52,
     1016.13,       -3.43,
     1016.65,       -3.34,
     1017.17,       -3.27,
     1017.69,       -3.23,
     1018.16,       -3.21,
     1018.68,       -3.18,
     1019.16,       -3.11,
     1019.68,       -3.04,
     1020.16,       -3.01,
     1020.68,       -2.96,
     1021.16,       -2.92,
     1021.64,       -2.84,
     1022.16,       -2.77,
     1022.68,       -2.72,
     1023.19,       -2.70,
     1023.71,       -2.66,
     1024.23,       -2.65,
     1024.75,       -2.65,
     1025.27,       -2.66,
     1025.79,       -2.60,
     1026.31,       -2.56,
     1026.79,       -2.53,
     1027.31,       -2.51,
     1027.79,       -2.45,
     1028.30,       -2.41,
     1028.78,       -2.39,
     1029.26,       -2.35,
     1029.78,       -2.29,
     1030.30,       -2.24,
     1030.82,       -2.19,
     1031.34,       -2.16,
     1031.86,       -2.12,
     1032.38,       -2.08,
     1032.89,       -2.03,
     1033.41,       -2.02,
     1033.93,       -2.02,
     1034.41,       -2.00,
     1034.89,       -2.00,
     1035.41,       -2.01,
     1035.93,       -1.93,
     1036.41,       -1.83,
     1036.93,       -1.79,
     1037.41,       -1.73,
     1037.88,       -1.68,
     1038.40,       -1.60,
     1038.92,       -1.51,
     1039.44,       -1.46,
     1039.96,       -1.42,
     1040.48,       -1.38,
     1041.00,       -1.33,
     1041.52,       -1.28,
     1042.00,       -1.24,
     1042.52,       -1.17,
     1043.03,       -1.13,
     1043.51,       -1.03,
     1044.03,       -1.04,
     1044.51,       -1.03,
     1045.03,       -1.03,
     1045.51,       -0.96,
     1046.03,       -0.88,
     1046.55,       -0.84,
     1047.07,       -0.81,
     1047.59,       -0.81,
     1048.10,       -0.77,
     1048.62,       -0.71,
     1049.14,       -0.67,
     1049.62,       -0.63,
     1050.14,       -0.59,
     1050.62,       -0.54,
     1051.14,       -0.49,
     1051.66,       -0.42,
     1052.14,       -0.37,
     1052.66,       -0.37,
     1053.13,       -0.33,
     1053.65,       -0.29,
     1054.13,       -0.25,
     1054.65,       -0.21,
     1055.17,       -0.20,
     1055.69,       -0.22,
     1056.21,       -0.18,
     1056.73,       -0.14,
     1057.25,       -0.13,
     1057.77,       -0.12,
     1058.24,       -0.12,
     1058.76,       -0.09,
     1059.28,       -0.05,
     1059.76,       -0.01,
     1060.28,        0.00,
     1060.80,        0.00,
     1061.28,        0.03,
     1061.76,        0.09,
     1062.28,        0.05,
     1062.80,        0.01,
     1063.31,        0.01,
     1063.83,        0.02,
     1064.35,       -0.02,
     1064.87,       -0.01,
     1065.39,       -0.02,
     1065.87,       -0.02,
     1066.39,        0.01,
     1066.91,       -0.05,
     1067.39,       -0.11,
     1067.90,       -0.12,
     1068.42,       -0.17,
     1068.90,       -0.17,
     1069.42,       -0.15,
     1069.90,       -0.15,
     1070.42,       -0.13,
     1070.94,       -0.08,
     1071.46,       -0.06,
     1071.94,       -0.03,
     1072.50,       -0.02,
     1073.01,       -0.02,
     1073.53,        0.02,
     1074.01,        0.08,
     1074.53,        0.15,
     1075.01,        0.16,
     1075.53,        0.17,
     1076.05,        0.23,
     1076.53,        0.22,
     1077.05,        0.22,
     1077.53,        0.22,
     1078.04,        0.26,
     1078.56,        0.30,
     1079.08,        0.34,
     1079.56,        0.37,
     1080.08,        0.40,
     1080.60,        0.46,
     1081.12,        0.48,
     1081.64,        0.51,
     1082.16,        0.58,
     1082.64,        0.65,
     1083.11,        0.64,
     1083.63,        0.66,
     1084.15,        0.67,
     1084.63,        0.69,
     1085.15,        0.72,
     1085.67,        0.76,
     1086.15,        0.81,
     1086.67,        0.86,
     1087.15,        0.90,
     1087.67,        0.90,
     1088.22,        0.94,
     1088.74,        0.97,
     1089.26,        1.03,
     1089.78,        1.03,
     1090.26,        1.03,
     1090.78,        1.08,
     1091.30,        1.11,
     1091.78,        1.16,
     1092.30,        1.20,
     1092.78,        1.22,
     1093.29,        1.20,
     1093.77,        1.20,
     1094.29,        1.18,
     1094.77,        1.20,
     1095.29,        1.23,
     1095.81,        1.25,
     1096.37,        1.29,
     1096.89,        1.31,
     1097.41,        1.32,
     1097.88,        1.33,
     1098.40,        1.32,
     1098.88,        1.36,
     1099.40,        1.38,
     1099.92,        1.39,
     1100.40,        1.39,
     1100.92,        1.38,
     1101.44,        1.38,
     1101.92,        1.35,
     1102.40,        1.25,
     1102.91,        1.07,
     1103.43,        0.80,
     1103.95,        0.46,
     1104.47,        0.15,
     1104.99,       -0.20,
     1105.51,       -0.46,
     1106.03,       -0.81,
     1106.51,       -1.18,
     1107.03,       -1.49,
     1107.51,       -1.77,
     1108.02,       -1.94,
     1108.54,       -2.08,
     1109.02,       -2.37,
     1109.50,       -2.56,
     1109.98,       -2.74,
     1110.50,       -3.04,
     1111.02,       -3.26,
     1111.54,       -3.55,
     1112.10,       -3.89,
     1112.62,       -4.17,
     1113.13,       -4.41,
     1113.61,       -4.70,
     1114.13,       -4.92,
     1114.65,       -5.19,
     1115.13,       -5.35,
     1115.65,       -5.38,
     1116.13,       -5.43,
     1116.65,       -5.45,
     1117.13,       -5.44,
     1117.61,       -5.49,
     1118.08,       -5.49,
     1118.60,       -5.49,
     1119.16,       -5.49,
     1119.68,       -5.50,
     1120.20,       -5.47,
     1120.72,       -5.46,
     1121.24,       -5.48,
     1121.72,       -5.55,
     1122.24,       -5.62,
     1122.76,       -5.65,
     1123.23,       -5.64,
     1123.75,       -5.62,
     1124.23,       -5.61,
     1124.75,       -5.62,
     1125.19,       -5.68,
     1125.67,       -5.70,
     1126.19,       -5.75,
     1126.75,       -5.83,
     1127.27,       -5.83,
     1127.79,       -5.80,
     1128.30,       -5.77,
     1128.82,       -5.75,
     1129.34,       -5.71,
     1129.86,       -5.72,
     1130.34,       -5.70,
     1130.86,       -5.73,
     1131.38,       -5.78,
     1131.86,       -5.83,
     1132.34,       -5.86,
     1132.82,       -5.96,
     1133.29,       -5.98,
     1133.81,       -6.01,
     1134.33,       -6.06,
     1134.85,       -6.06,
     1135.37,       -6.04,
     1135.89,       -6.03,
     1136.41,       -6.03,
     1136.93,       -6.07,
     1137.45,       -6.07,
     1137.96,       -6.01,
     1138.44,       -6.01,
     1138.96,       -6.03,
     1139.48,       -5.97,
     1139.96,       -5.97,
     1140.44,       -5.99,
     1140.92,       -5.96,
     1141.40,       -5.97,
     1141.92,       -6.01,
     1142.44,       -5.91,
     1142.95,       -5.92,
     1143.47,       -5.98,
     1143.99,       -5.92,
     1144.51,       -5.97,
     1145.03,       -5.93,
     1145.55,       -5.79,
     1146.03,       -5.80,
     1146.55,       -5.88,
     1147.07,       -5.87,
     1147.55,       -5.89,
     1148.02,       -5.91,
     1148.50,       -5.83,
     1149.02,       -5.90,
     1149.50,       -5.91,
     1150.02,       -5.80,
     1150.54,       -5.75,
     1151.06,       -5.73,
     1151.58,       -5.65,
     1152.10,       -5.67,
     1152.62,       -5.66,
     1153.13,       -5.53,
     1153.61,       -5.57,
     1154.13,       -5.54,
     1154.61,       -5.46,
     1155.13,       -5.49,
     1155.61,       -5.44,
     1156.13,       -5.32,
     1156.61,       -5.32,
     1157.09,       -5.34,
     1157.57,       -5.28,
     1158.08,       -5.33,
     1158.60,       -5.24,
     1159.12,       -5.18,
     1159.64,       -5.19,
     1160.20,       -5.14,
     1160.72,       -5.08,
     1161.24,       -5.05,
     1161.72,       -5.01,
     1162.20,       -4.92,
     1162.72,       -4.93,
     1163.19,       -4.90,
     1163.71,       -4.88,
     1164.19,       -4.89,
     1164.67,       -4.87,
     1165.15,       -4.79,
     1165.67,       -4.78,
     1166.19,       -4.72,
     1166.71,       -4.72,
     1167.23,       -4.73,
     1167.75,       -4.66,
     1168.26,       -4.63,
     1168.78,       -4.61,
     1169.30,       -4.54,
     1169.78,       -4.49,
     1170.26,       -4.49,
     1170.78,       -4.44,
     1171.30,       -4.41,
     1171.78,       -4.35,
     1172.30,       -4.26,
     1172.78,       -4.24,
     1173.25,       -4.24,
     1173.77,       -4.19,
     1174.29,       -4.17,
     1174.81,       -4.14,
     1175.33,       -4.12,
     1175.85,       -4.07,
     1176.37,       -4.06,
     1176.89,       -4.02,
     1177.41,       -3.98,
     1177.88,       -3.97,
     1178.36,       -3.92,
     1178.88,       -3.89,
     1179.40,       -3.82,
     1179.88,       -3.89,
     1180.36,       -3.79,
     1180.88,       -3.78,
     1181.36,       -3.73,
     1181.88,       -3.69,
     1182.36,       -3.67,
     1182.91,       -3.63,
     1183.43,       -3.51,
     1183.95,       -3.52,
     1184.47,       -3.49,
     1184.99,       -3.44,
     1185.47,       -3.40,
     1185.95,       -3.36,
     1186.47,       -3.30,
     1186.99,       -3.28,
     1187.47,       -3.23,
     1187.98,       -3.15,
     1188.46,       -3.15,
     1188.94,       -3.13,
     1189.42,       -3.06,
     1189.94,       -3.06,
     1190.46,       -3.00,
     1190.98,       -2.98,
     1191.50,       -2.97,
     1192.02,       -2.90,
     1192.54,       -2.85,
     1193.01,       -2.82,
     1193.53,       -2.84,
     1194.01,       -2.77,
     1194.53,       -2.73,
     1195.01,       -2.68,
     1195.53,       -2.64,
     1196.01,       -2.61,
     1196.49,       -2.55,
     1196.97,       -2.51,
     1197.49,       -2.45,
     1198.00,       -2.41,
     1198.52,       -2.35,
     1199.04,       -2.28,
     1199.56,       -2.25,
     1200.08,       -2.26,
     1200.56,       -2.24,
     1201.08,       -2.21,
     1201.56,       -2.16,
     1202.04,       -2.16,
     1202.52,       -2.15,
     1203.03,       -2.13,
     1203.51,       -2.12,
     1203.99,       -2.07,
     1204.43,       -2.02,
     1204.87,       -2.02,
     1205.31,       -2.02,
     1205.79,       -1.95,
     1206.27,       -1.93,
     1206.75,       -1.89,
     1207.23,       -1.85,
     1207.63,       -1.84,
     1208.10,       -1.82,
     1208.54,       -1.77,
     1208.98,       -1.74,
     1209.38,       -1.69,
     1209.82,       -1.67,
     1210.22,       -1.65,
     1210.66,       -1.61,
     1211.06,       -1.57,
     1211.42,       -1.57,
     1211.82,       -1.56,
     1212.22,       -1.56,
     1212.58,       -1.52,
     1212.93,       -1.51,
     1213.29,       -1.54,
     1213.65,       -1.50,
     1214.05,       -1.48,
     1214.41,       -1.47,
     1214.77,       -1.46,
     1215.13,       -1.51,
     1215.49,       -1.51,
     1215.81,       -1.51,
     1216.17,       -1.59,
     1216.49,       -1.57,
     1216.81,       -1.57,
     1217.09,       -1.63,
     1217.41,       -1.64,
     1217.73,       -1.64,
     1218.04,       -1.61,
     1218.36,       -1.60,
     1218.64,       -1.60,
     1218.92,       -1.59,
     1219.24,       -1.58,
     1219.52,       -1.55,
     1219.76,       -1.55,
     1220.00,       -1.51,
     1220.16,       -1.52,
     1220.32,       -1.51,
     1220.52,       -1.49,
     1220.64,       -1.48,
     1220.80,       -1.47,
     1220.88,       -1.46,
     1220.96,       -1.46,
     1221.04,       -1.46,
     1221.12,       -1.43,
     1221.16,       -1.41,
     1221.16,       -1.39,
     1221.20,       -1.42,