       -0.00,       -1.04,
       -0.00,       -1.03,
        0.04,       -1.02,
        0.08,       -1.03,
        0.12,       -1.02,
        0.16,       -1.03,
        0.20,       -1.03,
        0.28,       -1.02,
        0.36,       -0.98,
        0.40,       -0.98,
        0.48,       -0.94,
        0.60,       -0.90,
        0.68,       -0.88,
        0.76,       -0.85,
        0.88,       -0.84,
        0.96,       -0.79,
        1.08,       -0.76,
        1.20,       -0.74,
        1.32,       -0.67,
        1.44,       -0.64,
        1.56,       -0.63,
        1.68,       -0.57,
        1.80,       -0.55,
        1.92,       -0.55,
        2.08,       -0.50,
        2.20,       -0.52,
        2.35,       -0.49,
        2.51,       -0.46,
        2.67,       -0.48,
        2.79,       -0.44,
        2.95,       -0.46,
        3.11,       -0.47,
        3.31,       -0.41,
        3.47,       -0.43,
        3.63,       -0.40,
        3.79,       -0.37,
        3.95,       -0.35,
        4.11,       -0.27,
        4.31,       -0.28,
        4.43,       -0.26,
        4.63,       -0.24,
        4.79,       -0.24,
        4.95,       -0.23,
        5.11,       -0.20,
        5.27,       -0.16,
        5.43,       -0.12,
        5.63,       -0.12,
        5.79,       -0.11,
        5.99,       -0.02,
        6.19,       -0.02,
        6.35,       -0.05,
        6.55,       -0.03,
        6.79,       -0.02,
        6.99,        0.04,
        7.19,        0.02,
        7.42,        0.01,
        7.62,        0.08,
        7.86,        0.07,
        8.06,        0.11,
        8.26,        0.13,
        8.50,        0.13,
        8.74,        0.15,
        8.98,        0.17,
        9.22,        0.19,
        9.42,        0.23,
        9.66,        0.27,
        9.94,        0.28,
       10.18,        0.28,
       10.42,        0.27,
       10.70,        0.29,
       10.94,        0.33,
       11.22,        0.37,
       11.50,        0.36,
       11.78,        0.37,
       12.02,        0.42,
       12.29,        0.44,
       12.53,        0.44,
       12.81,        0.49,
       13.05,        0.50,
       13.33,        0.54,
       13.57,        0.56,
       13.85,        0.56,
       14.09,        0.61,
       14.37,        0.63,
       14.65,        0.64,
       14.93,        0.69,
       15.21,        0.70,
       15.49,        0.74,
       15.81,        0.76,
       16.05,        0.76,
       16.37,        0.82,
       16.65,        0.83,
       16.93,        0.82,
       17.25,        0.87,
       17.52,        0.90,
       17.80,        0.98,
       18.12,        0.97,
       18.44,        1.03,
       18.72,        1.07,
       19.04,        1.09,
       19.36,        1.11,
       19.72,        1.15,
       20.04,        1.16,
       20.40,        1.20,
       20.68,        1.21,
       21.00,        1.24,
       21.32,        1.31,
       21.64,        1.31,
       22.00,        1.33,
       22.31,        1.37,
       22.63,        1.39,
       22.95,        1.46,
       23.31,        1.47,
       23.67,        1.51,
       23.99,        1.55,
       24.31,        1.60,
       24.67,        1.62,
       24.99,        1.65,
       25.35,        1.68,
       25.67,        1.71,
       26.03,        1.71,
       26.35,        1.75,
       26.71,        1.78,
       27.07,        1.81,
       27.50,        1.85,
       27.90,        1.89,
       28.26,        1.91,
       28.62,        1.94,
       29.02,        1.93,
       29.34,        1.96,
       29.70,        1.98,
       30.10,        1.99,
       30.50,        2.03,
       30.86,        2.06,
       31.22,        2.09,
       31.58,        2.09,
       31.94,        2.14,
       32.29,        2.15,
       32.65,        2.17,
       33.01,        2.18,
       33.37,        2.21,
       33.73,        2.23,
       34.09,        2.25,
       34.49,        2.25,
       34.85,        2.25,
       35.25,        2.21,
       35.61,        2.18,
       36.05,        2.10,
       36.41,        1.99,
       36.81,        1.76,
       37.21,        1.50,
       37.56,        1.22,
       37.96,        0.94,
       38.32,        0.68,
       38.72,        0.37,
       39.12,        0.11,
       39.48,       -0.14,
       39.88,       -0.45,
       40.24,       -0.72,
       40.64,       -1.05,
       41.00,       -1.33,
       41.40,       -1.61,
       41.76,       -1.87,
       42.12,       -2.12,
       42.51,       -2.36,
       42.91,       -2.48,
       43.31,       -2.47,
       43.71,       -2.41,
       44.11,       -2.38,
       44.55,       -2.34,
       44.95,       -2.35,
       45.35,       -2.36,
       45.75,       -2.41,
       46.15,       -2.44,
       46.55,       -2.43,
       46.95,       -2.41,
       47.34,       -2.39,
       47.74,       -2.39,
       48.14,       -2.40,
       48.54,       -2.42,
       48.94,       -2.44,
       49.34,       -2.43,
       49.74,       -2.41,
       50.14,       -2.42,
       50.54,       -2.45,
       50.94,       -2.44,
       51.38,       -2.46,
       51.82,       -2.45,
       52.29,       -2.47,
       52.73,       -2.47,
       53.13,       -2.47,
       53.53,       -2.47,
       53.97,       -2.47,
       54.33,       -2.48,
       54.77,       -2.47,
       55.17,       -2.50,
       55.61,       -2.53,
       56.05,       -2.54,
       56.45,       -2.56,
       56.89,       -2.61,
       57.29,       -2.64,
       57.68,       -2.65,
       58.08,       -2.66,
       58.52,       -2.65,
       58.92,       -2.60,
       59.36,       -2.59,
       59.88,       -2.54,
       60.32,       -2.50,
       60.72,       -2.47,
       61.20,       -2.44,
       61.60,       -2.43,
       62.04,       -2.47,
       62.47,       -2.45,
       62.91,       -2.43,
       63.31,       -2.48,
       63.79,       -2.47,
       64.23,       -2.47,
       64.63,       -2.47,
       65.07,       -2.47,
       65.51,       -2.43,
       65.95,       -2.41,
       66.39,       -2.39,
       66.79,       -2.39,
       67.23,       -2.39,
       67.70,       -2.34,
       68.18,       -2.34,
       68.62,       -2.34,
       69.10,       -2.34,
       69.54,       -2.30,
       69.98,       -2.30,
       70.42,       -2.28,
       70.86,       -2.27,
       71.30,       -2.29,
       71.74,       -2.29,
       72.18,       -2.28,
       72.65,       -2.25,
       73.05,       -2.21,
       73.49,       -2.24,
       73.93,       -2.24,
       74.37,       -2.21,
       74.81,       -2.20,
       75.25,       -2.20,
       75.73,       -2.17,
       76.21,       -2.12,
       76.69,       -2.12,
       77.13,       -2.12,
       77.56,       -2.08,
       78.00,       -2.06,
       78.44,       -2.03,
       78.92,       -2.00,
       79.36,       -1.92,
       79.80,       -1.91,
       80.28,       -1.89,
       80.72,       -1.86,
       81.16,       -1.87,
       81.60,       -1.84,
       82.04,       -1.84,
       82.47,       -1.83,
       82.95,       -1.84,
       83.39,       -1.83,
       83.87,       -1.85,
       84.35,       -1.82,
       84.83,       -1.81,
       85.31,       -1.84,
       85.75,       -1.87,
       86.19,       -1.90,
       86.67,       -1.89,
       87.11,       -1.88,
       87.54,       -1.90,
       88.02,       -1.91,
       88.50,       -1.91,
       88.94,       -1.92,
       89.38,       -1.90,
       89.86,       -1.89,
       90.30,       -1.85,
       90.74,       -1.82,
       91.22,       -1.83,
       91.66,       -1.81,
       92.18,       -1.77,
       92.65,       -1.75,
       93.13,       -1.74,
       93.57,       -1.74,
       94.01,       -1.69,
       94.45,       -1.67,
       94.93,       -1.64,
       95.41,       -1.65,
       95.85,       -1.67,
       96.33,       -1.65,
       96.81,       -1.61,
       97.25,       -1.60,
       97.68,       -1.55,
       98.16,       -1.55,
       98.60,       -1.51,
       99.12,       -1.50,
       99.60,       -1.48,
      100.08,       -1.49,
      100.60,       -1.48,
      101.08,       -1.45,
      101.56,       -1.46,
      102.00,       -1.45,
      102.47,       -1.42,
      102.95,       -1.46,
      103.39,       -1.50,
      103.87,       -1.51,
      104.35,       -1.54,
      104.83,       -1.57,
      105.31,       -1.62,
      105.75,       -1.75,
      106.23,       -1.96,
      106.71,       -2.27,
      107.15,       -2.61,
      107.62,       -2.99,
      108.14,       -3.26,
      108.58,       -3.34,
      109.10,       -3.34,
      109.58,       -3.31,
      110.02,       -3.33,
      110.50,       -3.36,
      110.98,       -3.31,
      111.46,       -3.26,
      111.94,       -3.24,
      112.41,       -3.18,
      112.89,       -3.13,
      113.33,       -3.11,
      113.81,       -3.04,
      114.29,       -2.97,
      114.77,       -2.93,
      115.21,       -2.91,
      115.69,       -2.84,
      116.25,       -2.80,
      116.73,       -2.77,
      117.25,       -2.72,
      117.72,       -2.66,
      118.20,       -2.59,
      118.64,       -2.51,
      119.12,       -2.45,
      119.64,       -2.36,
      120.12,       -2.31,
      120.60,       -2.24,
      121.08,       -2.17,
      121.56,       -2.14,
      122.00,       -2.08,
      122.47,       -1.96,
      122.95,       -1.94,
      123.43,       -1.90,
      123.95,       -1.86,
      124.43,       -1.80,
      124.95,       -1.74,
      125.47,       -1.68,
      125.95,       -1.64,
      126.43,       -1.57,
      126.91,       -1.55,
      127.38,       -1.48,
      127.90,       -1.43,
      128.38,       -1.35,
      128.90,       -1.30,
      129.34,       -1.21,
      129.78,       -1.13,
      130.30,       -1.09,
      130.74,       -1.04,
      131.30,       -0.96,
      131.78,       -0.86,
      132.30,       -0.80,
      132.77,       -0.71,
      133.29,       -0.59,
      133.81,       -0.52,
      134.29,       -0.45,
      134.77,       -0.39,
      135.29,       -0.34,
      135.77,       -0.26,
      136.29,       -0.20,
      136.77,       -0.11,
      137.25,       -0.10,
      137.72,       -0.05,
      138.24,        0.02,
      138.72,        0.09,
      139.20,        0.12,
      139.72,        0.20,
      140.24,        0.28,
      140.72,        0.39,
      141.24,        0.50,
      141.76,        0.55,
      142.24,        0.57,
      142.71,        0.62,
      143.19,        0.65,
      143.75,        0.66,
      144.23,        0.68,
      144.71,        0.74,
      145.19,        0.78,
      145.67,        0.81,
      146.19,        0.86,
      146.67,        0.90,
      147.15,        0.94,
      147.70,        0.98,
      148.22,        1.07,
      148.74,        1.09,
      149.26,        1.14,
      149.78,        1.18,
      150.26,        1.20,
      150.74,        1.20,
      151.22,        1.20,
      151.78,        1.20,
      152.26,        1.23,
      152.73,        1.28,
      153.21,        1.32,
      153.69,        1.36,
      154.17,        1.44,
      154.65,        1.50,
      155.13,        1.52,
      155.69,        1.59,
      156.21,        1.60,
      156.69,        1.65,
      157.21,        1.82,
      157.72,        1.77,
      158.20,        1.83,
      158.68,        1.86,
      159.16,        1.90,
      159.64,        1.94,
      160.12,        2.00,
      160.64,        2.04,
      161.12,        2.10,
      161.64,        2.12,
      162.12,        2.16,
      162.59,        2.16,
      163.07,        2.20,
      163.59,        2.23,
      164.11,        2.27,
      164.63,        2.29,
      165.15,        2.34,
      165.63,        2.37,
      166.15,        2.41,
      166.63,        2.43,
      167.11,        2.44,
      167.58,        2.47,
      168.10,        2.51,
      168.58,        2.56,
      169.10,        2.64,
      169.58,        2.64,
      170.06,        2.66,
      170.54,        2.69,
      171.06,        2.69,
      171.54,        2.77,
      172.06,        2.81,
      172.61,        2.89,
      173.13,        2.88,
      173.65,        2.91,
      174.17,        2.97,
      174.61,        3.02,
      175.09,        3.01,
      175.61,        3.02,
      176.13,        3.07,
      176.65,        3.13,
      177.13,        3.20,
      177.60,        3.19,
      178.08,        3.22,
      178.60,        3.25,
      179.08,        3.27,
      179.64,        3.31,
      180.20,        3.34,
      180.72,        3.42,
      181.28,        3.44,
      181.76,        3.46,
      182.24,        3.50,
      182.75,        3.50,
      183.23,        3.54,
      183.75,        3.56,
      184.23,        3.54,
      184.75,        3.56,
      185.27,        3.60,
      185.75,        3.65,
      186.27,        3.72,
      186.75,        3.73,
      187.23,        3.72,
      187.74,        3.72,
      188.26,        3.72,
      188.78,        3.74,
      189.34,        3.77,
      189.82,        3.81,
      190.30,        3.86,
      190.82,        3.87,
      191.30,        3.84,
      191.82,        3.84,
      192.34,        3.89,
      192.81,        3.88,
      193.33,        3.92,
      193.81,        3.94,
      194.29,        3.98,
      194.81,        3.97,
      195.29,        4.00,
      195.81,        4.04,
      196.33,        4.05,
      196.85,        4.08,
      197.37,        4.08,
      197.88,        4.09,
      198.36,        4.13,
      198.88,        4.13,
      199.36,        4.16,
      199.88,        4.19,
      200.36,        4.17,
      200.88,        4.17,
      201.40,        4.20,
      201.88,        4.24,
      202.36,        4.26,
      202.87,        4.28,
      203.35,        4.33,
      203.91,        4.35,
      204.39,        4.22,
      204.87,        3.99,
      205.43,        3.69,
      205.91,        3.34,
      206.43,        2.94,
      206.91,        2.54,
      207.38,        2.16,
      207.90,        1.77,
      208.42,        1.39,
      208.94,        0.98,
      209.42,        0.61,
      209.90,        0.24,
      210.42,       -0.12,
      210.90,       -0.47,
      211.42,       -0.72,
      211.94,       -0.79,
      212.41,       -0.84,
      212.93,       -0.89,
      213.45,       -0.91,
      213.97,       -0.95,
      214.45,       -1.02,
      214.93,       -1.03,
      215.45,       -1.06,
      215.97,       -1.07,
      216.45,       -1.06,
      216.97,       -1.03,
      217.44,       -1.00,
      217.96,       -1.01,
      218.44,       -1.03,
      218.96,       -1.05,
      219.44,       -1.08,
      219.96,       -1.09,
      220.48,       -1.15,
      221.00,       -1.17,
      221.52,       -1.17,
      222.04,       -1.13,
      222.51,       -1.14,
      223.03,       -1.15,
      223.51,       -1.21,
      224.03,       -1.23,
      224.55,       -1.29,
      225.07,       -1.33,
      225.55,       -1.37,
      226.03,       -1.33,
      226.55,       -1.38,
      226.99,       -1.39,
      227.50,       -1.39,
      228.02,       -1.38,
      228.58,       -1.38,
      229.14,       -1.38,
      229.66,       -1.36,
      230.18,       -1.35,
      230.66,       -1.28,
      231.14,       -1.27,
      231.66,       -1.25,
      232.18,       -1.20,
      232.69,       -1.19,
      233.17,       -1.19,
      233.69,       -1.14,
      234.17,       -1.08,
      234.65,       -1.11,
      235.13,       -1.03,
      235.65,       -0.98,
      236.17,       -0.95,
      236.69,       -0.95,
      237.25,       -0.91,
      237.76,       -0.85,
      238.24,       -0.85,
      238.76,       -0.85,
      239.24,       -0.75,
      239.76,       -0.68,
      240.28,       -0.65,
      240.80,       -0.59,
      241.28,       -0.59,
      241.80,       -0.58,
      242.24,       -0.55,
      242.75,       -0.49,
      243.27,       -0.38,
      243.79,       -0.42,
      244.31,       -0.36,
      244.91,       -0.35,
      245.43,       -0.33,
      245.99,       -0.27,
      246.47,       -0.22,
      246.99,       -0.17,
      247.46,       -0.13,
      247.98,       -0.11,
      248.50,       -0.09,
      249.02,       -0.07,
      249.50,       -0.07,
      249.98,       -0.02,
      250.46,        0.00,
      250.98,        0.02,
      251.46,        0.11,
      252.02,        0.15,
      252.53,        0.14,
      253.05,        0.15,
      253.57,        0.20,
      254.09,        0.26,
      254.61,        0.28,
      255.09,        0.31,
      255.61,        0.32,
      256.13,        0.34,
      256.69,        0.37,
      257.21,        0.43,
      257.64,        0.46,
      258.16,        0.49,
      258.64,        0.53,
      259.12,        0.59,
      259.64,        0.62,
      260.20,        0.65,
      260.76,        0.68,
      261.28,        0.72,
      261.80,        0.76,
      262.32,        0.83,
      262.79,        0.85,
      263.31,        0.92,
      263.83,        0.93,
      264.35,        0.93,
      264.91,        0.96,
      265.39,        1.01,
      265.87,        1.03,
      266.35,        1.10,
      266.87,        1.14,
      267.35,        1.19,
      267.94,        1.18,
      268.50,        1.23,
      269.06,        1.24,
      269.58,        1.23,
      270.14,        1.28,
      270.62,        1.29,
      271.14,        1.30,
      271.62,        1.33,
      272.18,        1.38,
      272.69,        1.38,
      273.17,        1.42,
      273.69,        1.42,
      274.17,        1.46,
      274.69,        1.46,
      275.17,        1.52,
      275.69,        1.55,
      276.21,        1.58,
      276.73,        1.63,
      277.29,        1.65,
      277.84,        1.69,
      278.36,        1.73,
      278.88,        1.77,
      279.36,        1.81,
      279.88,        1.82,
      280.44,        1.81,
      280.92,        1.82,
      281.44,        1.84,
      281.96,        1.88,
      282.43,        1.93,
      282.91,        1.95,
      283.43,        1.95,
      283.95,        1.97,
      284.51,        1.99,
      285.07,        2.06,
      285.59,        2.11,
      286.11,        2.20,
      286.63,        2.25,
      287.15,        2.27,
      287.62,        2.29,
      288.22,        2.31,
      288.70,        2.35,
      289.22,        2.40,
      289.74,        2.43,
      290.26,        2.43,
      290.74,        2.47,
      291.22,        2.53,
      291.74,        2.60,
      292.30,        2.64,
      292.81,        2.66,
      293.33,        2.73,
      293.85,        2.78,
      294.41,        2.83,
      294.89,        2.87,
      295.41,        2.92,
      295.89,        2.99,
      296.45,        3.04,
      296.97,        3.08,
      297.48,        3.10,
      297.96,        3.13,
      298.48,        3.12,
      298.96,        3.14,
      299.48,        3.18,
      300.00,        3.27,
      300.52,        3.29,
      301.08,        3.30,
      301.60,        3.33,
      302.12,        3.32,
      302.63,        3.33,
      303.15,        3.38,
      303.63,        3.43,
      304.11,        3.47,
      304.63,        3.51,
      305.15,        3.51,
      305.67,        3.55,
      306.19,        3.52,
      306.67,        3.49,
      307.19,        3.49,
      307.66,        3.48,
      308.18,        3.48,
      308.78,        3.51,
      309.30,        3.52,
      309.86,        3.51,
      310.38,        3.49,
      310.90,        3.44,
      311.38,        3.43,
      311.86,        3.43,
      312.38,        3.42,
      312.89,        3.43,
      313.41,        3.49,
      313.93,        3.55,
      314.41,        3.51,
      314.93,        3.51,
      315.41,        3.52,
      315.93,        3.52,
      316.49,        3.52,
      317.01,        3.58,
      317.52,        3.61,
      318.08,        3.60,
      318.60,        3.63,
      319.12,        3.67,
      319.60,        3.68,
      320.08,        3.73,
      320.60,        3.75,
      321.12,        3.78,
      321.68,        3.81,
      322.16,        3.86,
      322.67,        3.90,
      323.15,        3.91,
      323.63,        3.93,
      324.23,        3.95,
      324.75,        3.94,
      325.27,        3.97,
      325.83,        3.96,
      326.39,        3.97,
      326.91,        4.00,
      327.43,        4.00,
      327.90,        3.94,
      328.42,        3.93,
      328.94,        3.96,
      329.46,        3.90,
      329.98,        3.91,
      330.50,        3.85,
      330.98,        3.84,
      331.50,        3.80,
      331.98,        3.66,
      332.53,        3.61,
      333.05,        3.27,
      333.57,        2.97,
      334.17,        2.73,
      334.69,        2.66,
      335.21,        2.69,
      335.73,        2.55,
      336.21,        2.56,
      336.73,        2.47,
      337.25,        2.38,
      337.80,        2.38,
      338.32,        2.25,
      338.84,        2.28,
      339.32,        2.23,
      339.80,        2.16,
      340.36,        2.16,
      340.92,        2.01,
      341.44,        2.00,
      341.96,        1.94,
      342.47,        1.88,
      343.03,        1.89,
      343.55,        1.77,
      344.03,        1.81,
      344.55,        1.84,
      345.07,        1.69,
      345.59,        1.70,
      346.11,        1.54,
      346.63,        1.58,
      347.11,        1.46,
      347.62,        1.40,
      348.14,        1.39,
      348.70,        1.26,
      349.22,        1.29,
      349.78,        1.22,
      350.26,        1.19,
      350.86,        1.21,
      351.38,        1.02,
      351.90,        1.04,
      352.42,        0.94,
      352.93,        0.85,
      353.45,        0.88,
      353.97,        0.76,
      354.49,        0.79,
      354.97,        0.72,
      355.49,        0.63,
      355.97,        0.50,
      356.53,        0.20,
      357.05,       -0.12,
      357.60,       -0.46,
      358.16,       -0.88,
      358.68,       -1.29,
      359.24,       -1.73,
      359.76,       -2.18,
      360.28,       -2.61,
      360.80,       -2.98,
      361.28,       -3.29,
      361.80,       -3.38,
      362.32,       -3.47,
      362.83,       -3.50,
      363.31,       -3.52,
      363.83,       -3.73,
      364.31,       -3.90,
      364.87,       -3.97,
      365.39,       -3.98,
      365.91,       -4.02,
      366.43,       -4.10,
      366.99,       -4.17,
      367.50,       -4.23,
      368.02,       -4.30,
      368.54,       -4.34,
      369.02,       -4.35,
      369.54,       -4.38,
      370.06,       -4.34,
      370.58,       -4.30,
      371.10,       -4.33,
      371.58,       -4.35,
      372.06,       -4.33,
      372.61,       -4.31,
      373.13,       -4.27,
      373.65,       -4.24,
      374.21,       -4.14,
      374.77,       -4.00,
      375.29,       -3.87,
      375.81,       -3.76,
      376.29,       -3.65,
      376.81,       -3.65,
      377.33,       -3.58,
      377.84,       -3.47,
      378.36,       -3.34,
      378.88,       -3.23,
      379.36,       -3.10,
      379.84,       -2.97,
      380.36,       -2.87,
      380.92,       -2.74,
      381.40,       -2.62,
      381.96,       -2.47,
      382.47,       -2.32,
      383.03,       -2.19,
      383.51,       -2.08,
      384.03,       -2.01,
      384.51,       -1.98,
      385.07,       -1.87,
      385.63,       -1.79,
      386.15,       -1.73,
      386.63,       -1.63,
      387.15,       -1.55,
      387.62,       -1.52,
      388.10,       -1.42,
      388.66,       -1.34,
      389.18,       -1.22,
      389.70,       -1.12,
      390.22,       -1.04,
      390.78,       -0.99,
      391.30,       -0.97,
      391.78,       -0.94,
      392.30,       -0.87,
      392.81,       -0.83,
      393.33,       -0.74,
      393.85,       -0.66,
      394.37,       -0.56,
      394.85,       -0.48,
      395.33,       -0.42,
      395.85,       -0.36,
      396.37,       -0.29,
      396.93,       -0.22,
      397.45,       -0.12,
      398.00,       -0.04,
      398.52,        0.03,
      399.04,        0.11,
      399.56,        0.15,
      400.04,        0.15,
      400.56,        0.18,
      401.08,        0.24,
      401.60,        0.31,
      402.12,        0.38,
      402.63,        0.44,
      403.11,        0.49,
      403.59,        0.56,
      404.11,        0.61,
      404.63,        0.63,
      405.15,        0.65,
      405.71,        0.68,
      406.27,        0.72,
      406.79,        0.80,
      407.31,        0.83,
      407.82,        0.85,
      408.30,        0.87,
      408.90,        0.90,
      409.46,        0.94,
      409.98,        1.03,
      410.50,        1.04,
      410.98,        1.07,
      411.50,        1.14,
      411.98,        1.16,
      412.46,        1.22,
      413.01,        1.24,
      413.57,        1.31,
      414.13,        1.37,
      414.65,        1.44,
      415.21,        1.43,
      415.69,        1.51,
      416.21,        1.59,
      416.69,        1.66,
      417.21,        1.68,
      417.76,        1.64,
      418.28,        1.68,
      418.76,        1.79,
      419.28,        1.81,
      419.76,        1.83,
      420.24,        1.88,
      420.80,        1.99,
      421.32,        2.04,
      421.88,        2.08,
      422.40,        2.12,
      422.91,        2.17,
      423.47,        2.18,
      423.99,        2.22,
      424.47,        2.27,
      424.99,        2.34,
      425.51,        2.38,
      426.07,        2.39,
      426.59,        2.42,
      427.11,        2.45,
      427.58,        2.45,
      428.06,        2.47,
      428.58,        2.54,
      429.10,        2.54,
      429.66,        2.59,
      430.18,        2.66,
      430.74,        2.67,
      431.26,        2.73,
      431.78,        2.78,
      432.30,        2.79,
      432.81,        2.82,
      433.33,        2.86,
      433.85,        2.89,
      434.37,        2.88,
      434.89,        2.91,
      435.37,        2.95,
      435.85,        2.95,
      436.37,        2.93,
      436.89,        2.94,
      437.41,        2.97,
      438.00,        2.98,
      438.52,        2.96,
      439.08,        3.00,
      439.60,        3.02,
      440.12,        3.04,
      440.60,        3.03,
      441.12,        3.01,
      441.64,        3.01,
      442.16,        2.99,
      442.67,        2.98,
      443.15,        2.99,
      443.63,        2.97,
      444.15,        2.99,
      444.67,        3.04,
      445.19,        3.06,
      445.75,        3.09,
      446.27,        3.08,
      446.79,        3.08,
      447.35,        3.08,
      447.82,        3.09,
      448.34,        3.12,
      448.90,        3.13,
      449.42,        3.12,
      449.94,        3.10,
      450.46,        3.11,
      450.94,        3.08,
      451.42,        3.05,
      451.90,        3.08,
      452.42,        3.08,
      452.93,        3.09,
      453.49,        3.08,
      454.01,        3.09,
      454.57,        3.13,
      455.09,        3.18,
      455.61,        3.19,
      456.09,        3.21,
      456.61,        3.21,
      457.13,        3.25,
      457.64,        3.30,
      458.16,        3.31,
      458.64,        3.33,
      459.16,        3.36,
      459.64,        3.37,
      460.12,        3.38,
      460.72,        3.42,
      461.24,        3.47,
      461.80,        3.50,
      462.32,        3.44,
      462.83,        3.39,
      463.39,        3.44,
      463.87,        3.44,
      464.35,        3.51,
      464.87,        3.57,
      465.39,        3.56,
      465.91,        3.61,
      466.43,        3.62,
      466.91,        3.67,
      467.43,        3.69,
      467.90,        3.68,
      468.42,        3.71,
      468.98,        3.78,
      469.54,        3.80,
      470.06,        3.79,
      470.62,        3.78,
      471.14,        3.80,
      471.66,        3.81,
      472.14,        3.87,
      472.65,        3.96,
      473.21,        3.96,
      473.73,        4.03,
      474.25,        4.08,
      474.73,        4.08,
      475.25,        4.15,
      475.73,        4.18,
      476.25,        4.25,
      476.81,        4.25,
      477.33,        4.26,
      477.92,        4.30,
      478.44,        4.30,
      479.00,        4.36,
      479.52,        4.40,
      480.00,        4.48,
      480.52,        4.51,
      481.04,        4.54,
      481.60,        4.55,
      482.08,        4.57,
      482.59,        4.62,
      483.11,        4.66,
      483.59,        4.27,
      484.11,        4.72,
      484.59,        4.70,
      485.15,        4.72,
      485.67,        4.71,
      486.23,        4.69,
      486.75,        4.72,
      487.27,        4.73,
      487.78,        4.74,
      488.30,        4.73,
      488.78,        4.76,
      489.30,        4.79,
      489.82,        4.76,
      490.34,        4.82,
      490.86,        4.84,
      491.34,        4.89,
      491.86,        4.92,
      492.34,        4.91,
      492.85,        4.92,
      493.41,        4.95,
      493.97,        5.00,
      494.53,        4.98,
      495.05,        4.97,
      495.57,        5.00,
      496.09,        4.97,
      496.57,        4.94,
      497.09,        4.88,
      497.60,        4.91,
      498.12,        4.93,
      498.64,        4.93,
      499.16,        4.91,
      499.64,        4.81,
      500.12,        4.75,
      500.64,        4.74,
      501.20,        4.79,
      501.72,        4.79,
      502.28,        4.77,
      502.79,        4.74,
      503.31,        4.63,
      503.83,        4.45,
      504.35,        4.38,
      504.83,        4.13,
      505.39,        4.05,
      505.91,        3.83,
      506.43,        3.58,
      506.95,        3.54,
      507.43,        3.25,
      507.90,        3.20,
      508.42,        3.04,
      508.98,        2.95,
      509.54,        2.92,
      510.10,        2.62,
      510.62,        2.56,
      511.18,        2.29,
      511.70,        2.03,
      512.22,        1.73,
      512.69,        1.32,
      513.21,        0.94,
      513.77,        0.58,
      514.29,        0.21,
      514.81,       -0.11,
      515.33,       -0.46,
      515.81,       -0.85,
      516.33,       -1.18,
      516.81,       -1.48,
      517.37,       -1.68,
      517.88,       -1.99,
      518.48,       -2.32,
      519.00,       -2.51,
      519.56,       -2.81,
      520.08,       -3.04,
      520.56,       -3.27,
      521.04,       -3.55,
      521.56,       -3.78,
      522.08,       -4.02,
      522.59,       -4.26,
      523.11,       -4.35,
      523.63,       -4.44,
      524.11,       -4.53,
      524.63,       -4.57,
      525.19,       -4.59,
      525.71,       -4.68,
      526.27,       -4.70,
      526.83,       -4.73,
      527.39,       -4.75,
      527.90,       -4.78,
      528.38,       -4.82,
      528.82,       -4.83,
      529.34,       -4.82,
      529.86,       -4.90,
      530.38,       -4.99,
      530.94,       -5.04,
      531.42,       -5.04,
      531.94,       -4.96,
      532.42,       -4.84,
      532.93,       -4.88,
      533.53,       -4.92,
      534.05,       -4.94,
      534.61,       -5.00,
      535.13,       -5.03,
      535.69,       -5.03,
      536.21,       -5.02,
      536.73,       -5.03,
      537.21,       -5.09,
      537.72,       -5.11,
      538.24,       -5.10,
      538.76,       -5.10,
      539.28,       -5.05,
      539.80,       -5.00,
      540.28,       -4.96,
      540.80,       -4.95,
      541.32,       -4.94,
      541.92,       -4.99,
      542.48,       -5.05,
      543.03,       -5.18,
      543.55,       -5.14,
      544.07,       -5.06,
      544.63,       -4.99,
      545.15,       -4.96,
      545.63,       -4.87,
      546.15,       -4.82,
      546.67,       -4.71,
      547.19,       -4.68,
      547.70,       -4.65,
      548.22,       -4.57,
      548.70,       -4.41,
      549.26,       -4.28,
      549.82,       -4.17,
      550.38,       -4.18,
      550.94,       -4.29,
      551.46,       -4.34,
      551.98,       -4.35,
      552.54,       -4.29,
      553.05,       -4.25,
      553.53,       -4.27,
      554.05,       -4.22,
      554.57,       -4.06,
      555.09,       -3.99,
      555.61,       -3.96,
      556.13,       -3.93,
      556.61,       -3.89,
      557.13,       -3.78,
      557.64,       -3.65,
      558.20,       -3.65,
      558.72,       -3.64,
      559.28,       -3.64,
      559.80,       -3.62,
      560.32,       -3.58,
      560.84,       -3.53,
      561.36,       -3.46,
      561.88,       -3.36,
      562.40,       -3.25,
      562.91,       -3.17,
      563.43,       -3.11,
      563.91,       -3.08,
      564.39,       -2.98,
      564.91,       -2.95,
      565.43,       -2.90,
      565.99,       -2.83,
      566.51,       -2.73,
      567.07,       -2.66,
      567.54,       -2.60,
      568.06,       -2.51,
      568.58,       -2.41,
      569.06,       -2.38,
      569.58,       -2.38,
      570.10,       -2.41,
      570.62,       -2.38,
      571.14,       -2.31,
      571.66,       -2.20,
      572.14,       -2.11,
      572.61,       -2.05,
      573.13,       -1.94,
      573.69,       -1.92,
      574.25,       -1.86,
      574.77,       -1.86,
      575.29,       -1.85,
      575.81,       -1.78,
      576.29,       -1.75,
      576.77,       -1.68,
      577.33,       -1.60,
      577.92,       -1.55,
      578.44,       -1.48,
      578.96,       -1.45,
      579.48,       -1.42,
      579.96,       -1.33,
      580.48,       -1.35,
      580.96,       -1.31,
      581.56,       -1.24,
      582.08,       -1.22,
      582.59,       -1.23,
      583.11,       -1.19,
      583.67,       -1.17,
      584.19,       -1.11,
      584.67,       -1.05,
      585.15,       -1.03,
      585.67,       -0.98,
      586.19,       -0.94,
      586.75,       -0.93,
      587.27,       -0.87,
      587.74,       -0.84,
      588.26,       -0.79,
      588.74,       -0.76,
      589.26,       -0.77,
      589.82,       -0.78,
      590.38,       -0.77,
      590.90,       -0.76,
      591.42,       -0.69,
      591.94,       -0.67,
      592.46,       -0.65,
      592.93,       -0.59,
      593.45,       -0.59,
      594.01,       -0.51,
      594.53,       -0.50,
      595.05,       -0.50,
      595.57,       -0.44,
      596.05,       -0.40,
      596.53,       -0.40,
      597.05,       -0.39,
      597.60,       -0.37,
      598.16,       -0.37,
      598.64,       -0.40,
      599.20,       -0.45,
      599.76,       -0.50,
      600.24,       -0.52,
      600.76,       -0.55,
      601.24,       -0.59,
      601.80,       -0.63,
      602.32,       -0.65,
      602.83,       -0.68,
      603.35,       -0.68,
      603.87,       -0.76,
      604.35,       -0.77,
      604.87,       -0.75,
      605.35,       -0.85,
      605.91,       -0.90,
      606.43,       -1.10,
      606.95,       -1.36,
      607.51,       -1.72,
      608.02,       -2.12,
      608.54,       -2.49,
      609.02,       -2.95,
      609.54,       -3.38,
      610.06,       -3.65,
      610.58,       -3.54,
      611.10,       -3.47,
      611.62,       -3.47,
      612.14,       -3.61,
      612.61,       -3.69,
      613.13,       -3.69,
      613.65,       -3.65,
      614.17,       -3.56,
      614.69,       -3.52,
      615.25,       -3.58,
      615.77,       -3.64,
      616.29,       -3.66,
      616.81,       -3.69,
      617.29,       -3.71,
      617.84,       -3.69,
      618.36,       -3.60,
      618.88,       -3.48,
      619.40,       -3.41,
      619.92,       -3.31,
      620.40,       -3.21,
      620.92,       -3.17,
      621.40,       -3.13,
      621.96,       -3.04,
      622.52,       -2.99,
      623.03,       -2.90,
      623.59,       -2.84,
      624.11,       -2.82,
      624.63,       -2.78,
      625.11,       -2.71,
      625.59,       -2.68,
      626.11,       -2.64,
      626.67,       -2.54,
      627.15,       -2.47,
      627.66,       -2.42,
      628.18,       -2.37,
      628.66,       -2.33,
      629.18,       -2.25,
      629.74,       -2.19,
      630.26,       -2.12,
      630.82,       -2.05,
      631.34,       -1.99,
      631.86,       -1.93,
      632.42,       -1.85,
      632.89,       -1.79,
      633.41,       -1.73,
      633.89,       -1.68,
      634.41,       -1.60,
      634.97,       -1.53,
      635.49,       -1.47,
      636.01,       -1.38,
      636.49,       -1.31,
      636.97,       -1.28,
      637.45,       -1.24,
      638.00,       -1.21,
      638.56,       -1.12,
      639.08,       -1.09,
      639.64,       -1.06,
      640.16,       -1.03,
      640.68,       -0.98,
      641.20,       -0.90,
      641.68,       -0.84,
      642.20,       -0.82,
      642.71,       -0.75,
      643.23,       -0.68,
      643.75,       -0.64,
      644.23,       -0.62,
      644.75,       -0.59,
      645.23,       -0.55,
      645.75,       -0.50,
      646.27,       -0.45,
      646.83,       -0.41,
      647.39,       -0.37,
      647.94,       -0.35,
      648.46,       -0.31,
      648.98,       -0.27,
      649.46,       -0.22,
      650.02,       -0.21,
      650.54,       -0.15,
      651.06,       -0.14,
      651.58,       -0.11,
      652.10,       -0.11,
      652.58,       -0.12,
      653.05,       -0.08,
      653.61,       -0.09,
      654.17,       -0.07,
      654.73,       -0.02,
      655.29,       -0.05,
      655.81,       -0.04,
      656.37,       -0.02,
      656.89,       -0.02,
      657.41,        0.02,
      657.88,        0.02,
      658.40,        0.08,
      658.92,        0.07,
      659.44,        0.06,
      659.96,        0.12,
      660.44,        0.11,
      660.92,        0.12,
      661.44,        0.14,
      661.96,        0.05,
      662.52,       -0.07,
      663.03,       -0.37,
      663.55,       -0.76,
      664.11,       -1.19,
      664.63,       -1.65,
      665.19,       -2.04,
      665.67,       -2.39,
      666.19,       -2.76,
      666.71,       -3.11,
      667.23,       -3.43,
      667.74,       -3.77,
      668.22,       -4.12,
      668.74,       -4.44,
      669.22,       -4.71,
      669.74,       -4.92,
      670.30,       -5.12,
      670.90,       -5.26,
      671.42,       -5.27,
      671.98,       -5.41,
      672.50,       -5.53,
      673.05,       -5.50,
      673.57,       -5.57,
      674.05,       -5.71,
      674.57,       -5.79,
      675.09,       -5.95,
      675.61,       -6.06,
      676.09,       -5.98,
      676.61,       -6.07,
      677.13,       -6.16,
      677.60,       -6.08,
      678.16,       -6.14,
      678.72,       -6.17,
      679.24,       -6.04,
      679.84,       -6.08,
      680.36,       -6.10,
      680.92,       -5.96,
      681.44,       -5.85,
      681.96,       -5.82,
      682.48,       -5.71,
      682.99,       -5.71,
      683.51,       -5.66,
      683.99,       -5.50,
      684.47,       -5.49,
      684.99,       -5.53,
      685.47,       -5.44,
      686.03,       -5.38,
      686.55,       -5.34,
      687.07,       -5.20,
      687.63,       -5.18,
      688.18,       -5.14,
      688.74,       -4.99,
      689.26,       -4.84,
      689.78,       -4.74,
      690.30,       -4.64,
      690.82,       -4.60,
      691.34,       -4.49,
      691.82,       -4.36,
      692.34,       -4.31,
      692.81,       -4.28,
      693.33,       -4.17,
      693.85,       -4.16,
      694.37,       -4.09,
      694.89,       -3.97,
      695.45,       -3.95,
      695.97,       -3.86,
      696.53,       -3.76,
      697.05,       -3.68,
      697.57,       -3.61,
      698.08,       -3.56,
      698.60,       -3.51,
      699.12,       -3.40,
      699.60,       -3.33,
      700.12,       -3.26,
      700.64,       -3.16,
      701.16,       -3.09,
      701.64,       -3.02,
      702.16,       -2.94,
      702.71,       -2.84,
      703.27,       -2.79,
      703.83,       -2.71,
      704.35,       -2.64,
      704.91,       -2.56,
      705.43,       -2.51,
      705.95,       -2.47,
      706.47,       -2.40,
      706.99,       -2.33,
      707.47,       -2.27,
      707.98,       -2.16,
      708.50,       -2.07,
      708.98,       -1.94,
      709.50,       -1.86,
      710.02,       -1.78,
      710.58,       -1.72,
      711.14,       -1.68,
      711.66,       -1.66,
      712.26,       -1.61,
      712.77,       -1.58,
      713.29,       -1.50,
      713.85,       -1.38,
      714.37,       -1.29,
      714.85,       -1.29,
      715.33,       -1.21,
      715.85,       -1.14,
      716.33,       -1.10,
      716.85,       -1.05,
      717.37,       -0.97,
      717.84,       -0.92,
      718.44,       -0.90,
      719.00,       -0.81,
      719.52,       -0.74,
      720.12,       -0.68,
      720.64,       -0.63,
      721.20,       -0.55,
      721.72,       -0.43,
      722.24,       -0.38,
      722.71,       -0.31,
      723.23,       -0.22,
      723.75,       -0.13,
      724.27,       -0.09,
      724.75,       -0.07,
      725.27,       -0.04,
      725.75,       -0.04,
      726.27,       -0.02,
      726.83,        0.04,
      727.35,        0.05,
      727.90,        0.05,
      728.42,        0.05,
      728.98,        0.12,
      729.50,        0.20,
      729.98,        0.24,
      730.50,        0.30,
      731.02,        0.31,
      731.54,        0.32,
      732.02,        0.31,
      732.54,        0.29,
      733.05,        0.29,
      733.53,        0.33,
      734.05,        0.33,
      734.57,        0.35,
      735.13,        0.37,
      735.65,        0.37,
      736.21,        0.37,
      736.73,        0.37,
      737.25,        0.40,
      737.72,        0.47,
      738.24,        0.46,
      738.72,        0.46,
      739.24,        0.52,
      739.80,        0.56,
      740.28,        0.59,
      740.80,        0.63,
      741.28,        0.63,
      741.76,        0.65,
      742.32,        0.76,
      742.83,        0.82,
      743.39,        0.86,
      743.95,        0.91,
      744.51,        0.90,
      745.03,        0.95,
      745.51,        1.02,
      745.99,        1.04,
      746.51,        1.07,
      747.03,        1.11,
      747.55,        1.15,
      748.06,        1.14,
      748.54,        1.11,
      749.06,        1.13,
      749.54,        1.16,
      750.06,        1.20,
      750.62,        1.20,
      751.14,        1.18,
      751.70,        1.22,
      752.22,        1.24,
      752.73,        1.22,
      753.25,        1.25,
      753.73,        1.23,
      754.29,        1.21,
      754.81,        1.20,
      755.33,        1.08,
      755.85,        0.94,
      756.37,        0.83,
      756.85,        0.77,
      757.33,        0.78,
      757.84,        0.77,
      758.40,        0.81,
      758.92,        0.85,
      759.48,        0.85,
      760.04,        0.85,
      760.56,        0.88,
      761.08,        0.91,
      761.56,        0.91,
      762.08,        0.90,
      762.60,        0.95,
      763.11,        1.02,
      763.63,        1.04,
      764.15,        1.07,
      764.63,        1.07,
      765.11,        1.08,
      765.63,        1.13,
      766.15,        1.19,
      766.71,        1.21,
      767.23,        1.23,
      767.78,        1.20,
      768.30,        1.22,
      768.82,        1.24,
      769.30,        1.29,
      769.82,        1.32,
      770.30,        1.36,
      770.86,        1.44,
      771.38,        1.46,
      771.90,        1.51,
      772.38,        1.51,
      772.85,        1.50,
      773.37,        1.42,
      773.93,        1.17,
      774.45,        0.85,
      775.01,        0.50,
      775.57,        0.20,
      776.17,        0.15,
      776.69,        0.14,
      777.17,        0.04,
      777.68,       -0.02,
      778.16,       -0.14,
      778.68,       -0.24,
      779.20,       -0.37,
      779.72,       -0.55,
      780.24,       -0.66,
      780.72,       -0.87,
      781.24,       -1.11,
      781.72,       -1.29,
      782.28,       -1.51,
      782.79,       -1.81,
      783.31,       -2.15,
      783.87,       -2.53,
      784.39,       -2.89,
      784.91,       -3.21,
      785.43,       -3.59,
      785.91,       -4.01,
      786.43,       -4.44,
      786.95,       -4.80,
      787.47,       -5.00,
      787.98,       -5.18,
      788.50,       -5.46,
      788.98,       -5.66,
      789.46,       -5.79,
      789.98,       -5.97,
      790.54,       -6.10,
      791.06,       -6.21,
      791.62,       -6.30,
      792.14,       -6.34,
      792.66,       -6.40,
      793.17,       -6.44,
      793.69,       -6.49,
      794.17,       -6.52,
      794.69,       -6.58,
      795.21,       -6.64,
      795.73,       -6.60,
      796.25,       -6.64,
      796.73,       -6.69,
      797.25,       -6.72,
      797.72,       -6.80,
      798.24,       -6.84,
      798.80,       -6.88,
      799.32,       -6.92,
      799.88,       -6.96,
      800.40,       -6.97,
      800.92,       -6.93,
      801.44,       -6.96,
      801.92,       -6.96,
      802.44,       -6.94,
      802.95,       -7.03,
      803.47,       -7.05,
      803.99,       -7.00,
      804.51,       -7.01,
      804.99,       -6.98,
      805.51,       -6.98,
      805.99,       -7.01,
      806.55,       -6.97,
      807.07,       -6.97,
      807.63,       -6.93,
      808.14,       -6.88,
      808.66,       -6.80,
      809.18,       -6.74,
      809.70,       -6.73,
      810.22,       -6.68,
      810.70,       -6.67,
      811.22,       -6.68,
      811.74,       -6.62,
      812.26,       -6.58,
      812.77,       -6.53,
      813.25,       -6.54,
      813.77,       -6.57,
      814.29,       -6.61,
      814.81,       -6.61,
      815.37,       -6.56,
      815.89,       -6.51,
      816.41,       -6.47,
      816.93,       -6.45,
      817.45,       -6.48,
      817.92,       -6.36,
      818.44,       -6.28,
      818.96,       -6.27,
      819.48,       -6.22,
      820.00,       -6.21,
      820.52,       -6.24,
      821.00,       -6.24,
      821.48,       -6.14,
      822.00,       -6.11,
      822.56,       -6.07,
      823.07,       -6.01,
      823.59,       -5.93,
      824.11,       -5.87,
      824.67,       -5.81,
      825.15,       -5.78,
      825.67,       -5.72,
      826.15,       -5.64,
      826.67,       -5.58,
      827.19,       -5.50,
      827.70,       -5.47,
      828.22,       -5.53,
      828.70,       -5.52,
      829.22,       -5.44,
      829.70,       -5.39,
      830.26,       -5.35,
      830.78,       -5.33,
      831.30,       -5.31,
      831.86,       -5.29,
      832.42,       -5.26,
      832.93,       -5.25,
      833.41,       -5.22,
      833.89,       -5.15,
      834.41,       -5.12,
      834.93,       -5.09,
      835.45,       -5.06,
      835.97,       -5.00,
      836.45,       -4.92,
      836.97,       -4.86,
      837.45,       -4.83,
      837.96,       -4.74,
      838.48,       -4.69,
      839.00,       -4.67,
      839.56,       -4.64,
      840.08,       -4.57,
      840.60,       -4.53,
      841.12,       -4.48,
      841.60,       -4.44,
      842.08,       -4.37,
      842.60,       -4.28,
      843.11,       -4.23,
      843.63,       -4.17,
      844.15,       -4.11,
      844.63,       -4.05,
      845.15,       -3.93,
      845.67,       -3.84,
      846.19,       -3.78,
      846.67,       -3.78,
      847.23,       -3.73,
      847.74,       -3.67,
      848.30,       -3.63,
      848.82,       -3.60,
      849.30,       -3.53,
      849.78,       -3.44,
      850.30,       -3.36,
      850.82,       -3.32,
      851.34,       -3.25,
      851.86,       -3.17,
      852.34,       -3.16,
      852.85,       -3.12,
      853.33,       -3.05,
      853.85,       -3.02,
      854.37,       -2.98,
      854.93,       -2.95,
      855.45,       -2.91,
      856.01,       -2.91,
      856.53,       -2.89,
      857.01,       -2.85,
      857.49,       -2.82,
      858.00,       -2.80,
      858.52,       -2.77,
      859.04,       -2.74,
      859.56,       -2.69,
      860.08,       -2.69,
      860.56,       -2.66,
      861.08,       -2.60,
      861.56,       -2.59,
      862.08,       -2.57,
      862.60,       -2.52,
      863.11,       -2.50,
      863.67,       -2.47,
      864.23,       -2.43,
      864.75,       -2.37,
      865.23,       -2.33,
      865.71,       -2.30,
      866.23,       -2.26,
      866.75,       -2.20,
      867.27,       -2.17,
      867.78,       -2.12,
      868.26,       -2.08,
      868.78,       -2.06,
      869.26,       -2.00,
      869.74,       -1.96,
      870.34,       -1.90,
      870.86,       -1.91,
      871.42,       -1.85,
      871.94,       -1.81,
      872.46,       -1.81,
      872.97,       -1.77,
      873.45,       -1.75,
      873.97,       -1.73,
      874.53,       -1.68,
      875.05,       -1.66,
      875.57,       -1.66,
      876.09,       -1.70,
      876.57,       -1.73,
      877.05,       -1.72,
      877.57,       -1.70,
      878.08,       -1.68,
      878.60,       -1.63,
      879.12,       -1.59,
      879.68,       -1.52,
      880.20,       -1.48,
      880.76,       -1.45,
      881.24,       -1.37,
      881.76,       -1.29,
      882.24,       -1.20,
      882.79,       -1.13,
      883.31,       -1.07,
      883.83,       -1.02,
      884.35,       -0.96,
      884.83,       -0.90,
      885.31,       -0.84,
      885.83,       -0.79,
      886.35,       -0.76,
      886.91,       -0.70,
      887.43,       -0.68,
      887.98,       -0.65,
      888.50,       -0.60,
      889.02,       -0.32,
      889.50,       -0.46,
      890.02,       -0.43,
      890.54,       -0.38,
      891.06,       -0.33,
      891.58,       -0.29,
      892.10,       -0.29,
      892.58,       -0.25,
      893.05,       -0.22,
      893.53,       -0.16,
      894.09,       -0.15,
      894.61,       -0.14,
      895.13,       -0.12,
      895.69,       -0.09,
      896.21,       -0.06,
      896.69,       -0.03,
      897.21,        0.01,
      897.72,        0.02,
      898.24,        0.04,
      898.76,        0.06,
      899.28,        0.07,
      899.80,        0.06,
      900.28,        0.07,
      900.76,        0.07,
      901.28,        0.10,
      901.76,       -0.02,
      902.32,       -0.11,
      902.83,       -0.25,
      903.39,       -0.39,
      903.91,       -0.62,
      904.43,       -0.81,
      904.95,       -0.92,
      905.47,       -1.09,
      905.95,       -1.21,
      906.51,       -1.33,
      907.03,       -1.48,
      907.55,       -1.55,
      908.02,       -1.68,
      908.54,       -1.86,
      909.02,       -2.03,
      909.50,       -2.29,
      910.06,       -2.56,
      910.58,       -2.86,
      911.14,       -3.24,
      911.66,       -3.59,
      912.22,       -3.91,
      912.73,       -4.26,
      913.25,       -4.54,
      913.77,       -4.85,
      914.25,       -5.20,
      914.77,       -5.52,
      915.29,       -5.80,
      915.77,       -6.08,
      916.29,       -6.40,
      916.81,       -6.71,
      917.29,       -6.98,
      917.80,       -7.27,
      918.32,       -7.56,
      918.88,       -7.80,
      919.40,       -7.96,
      919.96,       -7.97,
      920.48,       -7.99,
      921.00,       -7.97,
      921.52,       -7.91,
      922.00,       -7.87,
      922.52,       -7.80,
      923.03,       -7.77,
      923.51,       -7.83,
      924.03,       -7.85,
      924.55,       -7.91,
      925.07,       -7.92,
      925.55,       -7.86,
      926.07,       -7.85,
      926.59,       -7.89,
      927.15,       -7.89,
      927.67,       -7.91,
      928.22,       -7.91,
      928.74,       -7.93,
      929.22,       -7.87,
      929.74,       -7.84,
      930.22,       -7.80,
      930.74,       -7.76,
      931.22,       -7.74,
      931.74,       -7.67,
      932.26,       -7.65,
      932.77,       -7.67,
      933.25,       -7.67,
      933.77,       -7.63,
      934.29,       -7.71,
      934.85,       -7.72,
      935.37,       -7.75,
      935.93,       -7.75,
      936.45,       -7.77,
      936.93,       -7.81,
      937.45,       -7.80,
      937.92,       -7.79,
      938.48,       -7.77,
      938.96,       -7.76,
      939.48,       -7.74,
      940.00,       -7.68,
      940.48,       -7.67,
      941.00,       -7.66,
      941.48,       -7.63,
      942.04,       -7.58,
      942.60,       -7.59,
      943.15,       -7.56,
      943.67,       -7.53,
      944.19,       -7.53,
      944.71,       -7.47,
      945.23,       -7.41,
      945.71,       -7.34,
      946.23,       -7.27,
      946.75,       -7.21,
      947.27,       -7.14,
      947.78,       -7.09,
      948.26,       -7.04,
      948.78,       -6.98,
      949.26,       -6.96,
      949.78,       -6.90,
      950.34,       -6.80,
      950.86,       -6.68,
      951.42,       -6.59,
      951.94,       -6.52,
      952.46,       -6.45,
      952.97,       -6.41,
      953.49,       -6.36,
      953.97,       -6.29,
      954.45,       -6.23,
      955.01,       -6.15,
      955.53,       -6.10,
      956.01,       -6.02,
      956.53,       -5.94,
      957.05,       -5.88,
      957.53,       -5.85,
      958.04,       -5.79,
      958.60,       -5.74,
      959.12,       -5.68,
      959.68,       -5.63,
      960.20,       -5.54,
      960.76,       -5.49,
      961.24,       -5.43,
      961.76,       -5.37,
      962.24,       -5.31,
      962.79,       -5.27,
      963.31,       -5.17,
      963.83,       -5.17,
      964.35,       -5.11,
      964.83,       -5.11,
      965.35,       -5.05,
      965.83,       -5.00,
      966.39,       -4.94,
      966.95,       -4.89,
      967.47,       -4.83,
      968.02,       -4.74,
      968.54,       -4.70,
      969.06,       -4.65,
      969.58,       -4.59,
      970.06,       -4.52,
      970.58,       -4.46,
      971.10,       -4.42,
      971.62,       -4.38,
      972.14,       -4.35,
      972.66,       -4.25,
      973.13,       -4.15,
      973.65,       -4.13,
      974.17,       -4.05,
      974.69,       -4.03,
      975.25,       -2.95,
      975.77,       -3.96,
      976.33,       -3.93,
      976.85,       -3.91,
      977.37,       -3.87,
      977.88,       -3.82,
      978.40,       -3.77,
      978.92,       -3.71,
      979.44,       -3.65,
      979.96,       -3.65,
      980.48,       -3.61,
      981.00,       -3.60,
      981.48,       -3.53,
      982.00,       -3.51,
      982.52,       -3.45,
      983.07,       -3.47,
      983.59,       -3.43,
      984.15,       -3.40,
      984.67,       -3.38,
      985.19,       -3.33,
      985.71,       -3.29,
      986.23,       -3.29,
      986.75,       -3.25,
      987.27,       -3.17,
      987.78,       -3.14,
      988.30,       -3.10,
      988.82,       -3.05,
      989.34,       -3.01,
      989.82,       -2.97,
      990.38,       -2.93,
      990.90,       -2.89,
      991.42,       -2.84,
      991.98,       -2.82,
      992.50,       -2.77,
      993.01,       -2.71,
      993.53,       -2.66,
      994.09,       -2.60,
      994.57,       -2.57,
      995.09,       -2.56,
      995.61,       -2.55,
      996.13,       -2.51,
      996.65,       -2.47,
      997.17,       -2.43,
      997.69,       -2.38,
      998.20,       -2.34,
      998.72,       -2.32,
      999.24,       -2.27,
      999.84,       -2.21,
     1000.36,       -2.19,
     1000.88,       -2.12,
     1001.44,       -2.11,
     1001.96,       -2.06,
     1002.48,       -2.03,
     1002.99,       -1.98,
     1003.51,       -1.91,
     1004.03,       -1.86,
     1004.51,       -1.84,
     1005.03,       -1.78,
     1005.55,       -1.72,
     1006.03,       -1.63,
     1006.59,       -1.61,
     1007.11,       -1.59,
     1007.67,       -1.56,
     1008.18,       -1.51,
     1008.70,       -1.45,
     1009.22,       -1.45,
     1009.74,       -1.39,
     1010.26,       -1.33,
     1010.78,       -1.29,
     1011.30,       -1.26,
     1011.82,       -1.20,
     1012.34,       -1.16,
     1012.85,       -1.12,
     1013.37,       -1.10,
     1013.85,       -1.05,
     1014.37,       -1.01,
     1014.93,       -0.98,
     1015.45,       -0.95,
     1016.01,       -0.88,
     1016.49,       -0.85,
     1017.05,       -0.85,
     1017.57,       -0.85,
     1018.08,       -0.80,
     1018.60,       -0.78,
     1019.12,       -0.76,
     1019.64,       -0.73,
     1020.16,       -0.71,
     1020.68,       -0.66,
     1021.16,       -0.61,
     1021.68,       -0.55,
     1022.20,       -0.55,
     1022.72,       -0.50,
     1023.27,       -0.44,
     1023.79,       -0.39,
     1024.31,       -0.37,
     1024.87,       -0.33,
     1025.39,       -0.33,
     1025.91,       -0.28,
     1026.43,       -0.24,
     1026.95,       -0.19,
     1027.47,       -0.15,
     1027.98,       -0.10,
     1028.50,       -0.04,
     1028.98,       -0.02,
     1029.50,       -0.00,
     1030.02,        0.06,
     1030.54,        0.11,
     1031.10,        0.17,
     1031.62,        0.20,
     1032.14,        0.23,
     1032.66,        0.23,
     1033.21,        0.24,
     1033.73,        0.24,
     1034.25,        0.24,
     1034.77,        0.27,
     1035.33,        0.28,
     1035.81,        0.34,
     1036.33,        0.40,
     1036.85,        0.38,
     1037.33,        0.37,
     1037.84,        0.37,
     1038.40,        0.39,
     1038.92,        0.36,
     1039.44,        0.31,
     1039.96,        0.21,
     1040.52,        0.09,
     1041.04,        0.02,
     1041.56,        0.02,
     1042.08,        0.06,
     1042.60,        0.07,
     1043.15,        0.11,
     1043.63,        0.11,
     1044.15,        0.18,
     1044.67,        0.22,
     1045.19,        0.30,
     1045.67,        0.37,
     1046.23,        0.38,
     1046.75,        0.43,
     1047.31,        0.49,
     1047.82,        0.56,
     1048.34,        0.57,
     1048.90,        0.59,
     1049.42,        0.65,
     1049.94,        0.69,
     1050.46,        0.74,
     1050.98,        0.81,
     1051.50,        0.85,
     1052.02,        0.93,
     1052.54,        0.94,
     1053.01,        1.03,
     1053.53,        1.06,
     1054.05,        1.13,
     1054.57,        1.17,
     1055.13,        1.24,
     1055.65,        1.30,
     1056.17,        1.33,
     1056.73,        1.36,
     1057.25,        1.38,
     1057.77,        1.42,
     1058.28,        1.44,
     1058.80,        1.36,
     1059.32,        1.08,
     1059.84,        0.76,
     1060.36,        0.42,
     1060.88,        0.06,
     1061.36,       -0.32,
     1061.88,       -0.67,
     1062.40,       -1.02,
     1062.95,       -1.40,
     1063.47,       -1.79,
     1063.99,       -2.21,
     1064.55,       -2.62,
     1065.07,       -3.01,
     1065.59,       -3.40,
     1066.11,       -3.78,
     1066.63,       -4.19,
     1067.15,       -4.53,
     1067.67,       -4.82,
     1068.18,       -5.13,
     1068.70,       -5.47,
     1069.22,       -5.76,
     1069.70,       -5.95,
     1070.26,       -6.01,
     1070.78,       -6.01,
     1071.30,       -6.04,
     1071.82,       -6.11,
     1072.38,       -6.24,
     1072.89,       -6.37,
     1073.41,       -6.53,
     1073.93,       -6.62,
     1074.45,       -6.75,
     1074.97,       -6.89,
     1075.49,       -6.92,
     1076.01,       -6.97,
     1076.53,       -7.02,
     1077.05,       -7.03,
     1077.57,       -7.10,
     1078.08,       -7.15,
     1078.60,       -7.20,
     1079.12,       -7.33,
     1079.64,       -7.45,
     1080.16,       -7.48,
     1080.72,       -7.45,
     1081.24,       -7.36,
     1081.80,       -7.28,
     1082.32,       -7.23,
     1082.80,       -7.24,
     1083.31,       -7.34,
     1083.83,       -7.36,
     1084.35,       -7.47,
     1084.87,       -7.49,
     1085.39,       -7.50,
     1085.87,       -7.65,
     1086.39,       -7.64,
     1086.91,       -7.63,
     1087.47,       -7.82,
     1087.98,       -7.89,
     1088.54,       -7.83,
     1089.06,       -8.01,
     1089.58,       -8.07,
     1090.10,       -7.97,
     1090.62,       -8.11,
     1091.14,       -8.15,
     1091.66,       -8.02,
     1092.18,       -8.07,
     1092.70,       -8.23,
     1093.21,       -8.09,
     1093.73,       -8.15,
     1094.21,       -8.29,
     1094.73,       -8.16,
     1095.29,       -8.15,
     1095.81,       -8.29,
     1096.37,       -8.09,
     1096.89,       -7.95,
     1097.41,       -8.06,
     1097.96,       -7.93,
     1098.48,       -7.76,
     1099.00,       -7.76,
     1099.52,       -7.62,
     1100.04,       -7.46,
     1100.56,       -7.59,
     1101.04,       -7.50,
     1101.56,       -7.32,
     1102.04,       -7.28,
     1102.60,       -7.21,
     1103.11,       -7.11,
     1103.63,       -7.21,
     1104.19,       -7.15,
     1104.71,       -6.99,
     1105.27,       -7.06,
     1105.79,       -7.01,
     1106.31,       -6.85,
     1106.83,       -6.94,
     1107.35,       -6.96,
     1107.86,       -6.80,
     1108.38,       -6.89,
     1108.86,       -6.87,
     1109.38,       -6.72,
     1109.86,       -6.77,
     1110.38,       -6.73,
     1110.94,       -6.60,
     1111.46,       -6.68,
     1112.02,       -6.67,
     1112.54,       -6.51,
     1113.05,       -6.50,
     1113.61,       -6.49,
     1114.13,       -6.34,
     1114.65,       -6.36,
     1115.17,       -6.34,
     1115.69,       -6.20,
     1116.21,       -6.25,
     1116.73,       -6.26,
     1117.21,       -6.11,
     1117.69,       -6.10,
     1118.20,       -6.07,
     1118.76,       -5.92,
     1119.28,       -5.88,
     1119.84,       -5.81,
     1120.36,       -5.68,
     1120.88,       -5.71,
     1121.44,       -5.66,
     1121.96,       -5.55,
     1122.44,       -5.49,
     1122.95,       -5.40,
     1123.47,       -5.31,
     1123.99,       -5.31,
     1124.51,       -5.23,
     1125.03,       -5.13,
     1125.47,       -5.12,
     1125.99,       -5.05,
     1126.55,       -4.93,
     1127.07,       -4.89,
     1127.59,       -4.77,
     1128.14,       -4.69,
     1128.66,       -4.68,
     1129.22,       -4.54,
     1129.74,       -4.53,
     1130.26,       -4.52,
     1130.74,       -4.41,
     1131.26,       -4.35,
     1131.82,       -4.29,
     1132.30,       -4.17,
     1132.82,       -4.10,
     1133.29,       -4.05,
     1133.77,       -3.96,
     1134.33,       -3.96,
     1134.85,       -3.87,
     1135.37,       -3.78,
     1135.93,       -3.74,
     1136.45,       -3.66,
     1137.01,       -3.61,
     1137.53,       -3.60,
     1138.04,       -3.58,
     1138.56,       -3.56,
     1139.04,       -3.57,
     1139.60,       -3.52,
     1140.08,       -3.45,
     1140.60,       -3.44,
     1141.08,       -3.34,
     1141.56,       -3.33,
     1142.12,       -3.31,
     1142.64,       -3.21,
     1143.15,       -3.12,
     1143.71,       -3.07,
     1144.23,       -2.99,
     1144.79,       -2.91,
     1145.31,       -2.86,
     1145.83,       -2.80,
     1146.31,       -2.84,
     1146.83,       -2.78,
     1147.39,       -2.73,
     1147.86,       -2.76,
     1148.38,       -2.69,
     1148.86,       -2.69,
     1149.34,       -2.68,
     1149.90,       -2.60,
     1150.42,       -2.56,
     1150.94,       -2.45,
     1151.50,       -2.40,
     1152.02,       -2.44,
     1152.58,       -2.41,
     1153.09,       -2.32,
     1153.61,       -2.29,
     1154.13,       -2.20,
     1154.65,       -2.11,
     1155.17,       -2.04,
     1155.65,       -2.00,
     1156.17,       -1.94,
     1156.65,       -1.91,
     1157.17,       -1.86,
     1157.65,       -1.73,
     1158.16,       -1.68,
     1158.72,       -1.64,
     1159.24,       -1.56,
     1159.80,       -1.47,
     1160.32,       -1.49,
     1160.88,       -1.44,
     1161.40,       -1.36,
     1161.92,       -1.30,
     1162.40,       -1.22,
     1162.95,       -1.20,
     1163.43,       -1.16,
     1163.95,       -1.16,
     1164.43,       -1.09,
     1164.95,       -1.09,
     1165.43,       -1.07,
     1165.95,       -1.03,
     1166.51,       -0.98,
     1167.03,       -0.97,
     1167.59,       -0.95,
     1168.10,       -0.91,
     1168.66,       -0.88,
     1169.18,       -0.89,
     1169.70,       -0.87,
     1170.18,       -0.84,
     1170.70,       -0.83,
     1171.22,       -0.78,
     1171.74,       -0.76,
     1172.26,       -0.76,
     1172.74,       -0.73,
     1173.25,       -0.72,
     1173.73,       -0.68,
     1174.29,       -0.63,
     1174.81,       -0.71,
     1175.33,       -0.69,
     1175.89,       -0.77,
     1176.45,       -0.92,
     1176.97,       -0.92,
     1177.49,       -0.90,
     1178.00,       -0.88,
     1178.52,       -0.84,
     1179.04,       -0.81,
     1179.56,       -0.72,
     1180.04,       -0.61,
     1180.56,       -0.55,
     1181.04,       -0.49,
     1181.56,       -0.46,
     1182.08,       -0.42,
     1182.60,       -0.35,
     1183.11,       -0.28,
     1183.67,       -0.21,
     1184.19,       -0.12,
     1184.75,       -0.01,
     1185.27,        0.07,
     1185.79,        0.12,
     1186.31,        0.20,
     1186.83,        0.33,
     1187.35,        0.38,
     1187.83,        0.46,
     1188.34,        0.54,
     1188.82,        0.66,
     1189.30,        0.76,
     1189.82,        0.85,
     1190.34,        0.94,
     1190.86,        1.03,
     1191.38,        1.11,
     1191.90,        1.16,
     1192.42,        1.21,
     1192.93,        1.29,
     1193.41,        1.37,
     1193.89,        1.43,
     1194.37,        1.53,
     1194.81,        1.62,
     1195.25,        1.64,
     1195.73,        1.70,
     1196.17,        1.75,
     1196.61,        1.78,
     1197.01,        1.80,
     1197.45,        1.85,
     1197.92,        1.90,
     1198.36,        1.97,
     1198.80,        2.03,
     1199.24,        2.08,
     1199.68,        2.16,
     1200.08,        2.17,
     1200.52,        2.20,
     1200.92,        2.17,
     1201.28,        2.16,
     1201.68,        2.20,
     1202.08,        2.23,
     1202.48,        2.28,
     1202.84,        2.31,
     1203.23,        2.31,
     1203.59,        2.34,
     1203.95,        2.35,
     1204.27,        2.39,
     1204.63,        2.40,
     1204.99,        2.42,
     1205.31,        2.44,
     1205.71,        2.46,
     1206.07,        2.48,
     1206.43,        2.43,
     1206.79,        2.35,
     1207.15,        2.20,
     1207.47,        1.99,
     1207.79,        1.77,
     1208.10,        1.51,
     1208.38,        1.28,
     1208.66,        1.08,
     1208.90,        0.96,
     1209.14,        0.92,
     1209.38,        0.91,
     1209.58,        0.88,
     1209.74,        0.88,
     1209.94,        0.85,
     1210.06,        0.85,
     1210.18,        0.82,
     1210.30,        0.84,
     1210.38,        0.85,
     1210.46,        0.85,
     1210.50,        0.83,
     1210.54,        0.81,
     1210.58,        0.80,

