       -0.00,        0.03,
        0.04,        0.04,
        0.08,        0.03,
        0.12,        0.02,
        0.20,        0.03,
        0.24,        0.02,
        0.32,        0.03,
        0.40,        0.03,
        0.48,        0.02,
        0.56,        0.02,
        0.68,        0.03,
        0.76,        0.07,
        0.88,        0.10,
        1.00,        0.12,
        1.12,        0.11,
        1.24,        0.12,
        1.36,        0.15,
        1.48,        0.15,
        1.64,        0.15,
        1.76,        0.18,
        1.92,        0.23,
        2.04,        0.28,
        2.20,        0.33,
        2.35,        0.37,
        2.47,        0.38,
        2.63,        0.38,
        2.75,        0.42,
        2.91,        0.42,
        3.07,        0.46,
        3.23,        0.48,
        3.39,        0.49,
        3.55,        0.54,
        3.67,        0.55,
        3.83,        0.55,
        3.99,        0.57,
        4.15,        0.60,
        4.27,        0.60,
        4.43,        0.63,
        4.59,        0.58,
        4.75,        0.63,
        4.91,        0.65,
        5.07,        0.63,
        5.23,        0.68,
        5.39,        0.64,
        5.55,        0.66,
        5.75,        0.66,
        5.91,        0.70,
        6.07,        0.70,
        6.27,        0.70,
        6.47,        0.69,
        6.67,        0.70,
        6.87,        0.72,
        7.07,        0.75,
        7.30,        0.76,
        7.54,        0.75,
        7.74,        0.77,
        7.98,        0.74,
        8.22,        0.76,
        8.46,        0.74,
        8.70,        0.72,
        8.94,        0.73,
        9.18,        0.75,
        9.42,        0.76,
        9.66,        0.78,
        9.94,        0.79,
       10.18,        0.81,
       10.42,        0.80,
       10.70,        0.81,
       10.98,        0.82,
       11.26,        0.82,
       11.54,        0.83,
       11.82,        0.84,
       12.10,        0.83,
       12.37,        0.85,
       12.65,        0.88,
       12.93,        0.88,
       13.21,        0.89,
       13.49,        0.90,
       13.77,        0.89,
       14.05,        0.90,
       14.33,        0.93,
       14.65,        0.94,
       14.93,        0.97,
       15.21,        0.97,
       15.53,        0.98,
       15.81,        0.97,
       16.09,        0.98,
       16.37,        0.99,
       16.69,        0.98,
       16.97,        1.00,
       17.25,        0.98,
       17.56,        0.98,
       17.84,        0.92,
       18.16,        0.91,
       18.44,        0.91,
       18.76,        0.86,
       19.08,        0.86,
       19.40,        0.81,
       19.72,        0.80,
       20.04,        0.74,
       20.40,        0.68,
       20.72,        0.69,
       21.04,        0.62,
       21.36,        0.57,
       21.68,        0.50,
       22.00,        0.47,
       22.31,        0.46,
       22.63,        0.46,
       22.95,        0.46,
       23.27,        0.49,
       23.63,        0.50,
       23.95,        0.50,
       24.27,        0.55,
       24.59,        0.55,
       24.95,        0.59,
       25.27,        0.60,
       25.59,        0.62,
       25.95,        0.67,
       26.27,        0.68,
       26.63,        0.68,
       26.95,        0.68,
       27.30,        0.68,
       27.66,        0.72,
       28.02,        0.71,
       28.38,        0.72,
       28.74,        0.72,
       29.10,        0.76,
       29.46,        0.82,
       29.82,        0.84,
       30.14,        0.81,
       30.50,        0.81,
       30.86,        0.79,
       31.26,        0.79,
       31.58,        0.79,
       31.98,        0.81,
       32.29,        0.84,
       32.65,        0.80,
       33.01,        0.80,
       33.37,        0.78,
       33.73,        0.80,
       34.09,        0.81,
       34.45,        0.85,
       34.81,        0.86,
       35.21,        0.84,
       35.57,        0.85,
       36.01,        0.83,
       36.41,        0.84,
       36.81,        0.85,
       37.17,        0.83,
       37.52,        0.84,
       37.92,        0.85,
       38.28,        0.90,
       38.68,        0.91,
       39.08,        0.91,
       39.44,        0.93,
       39.84,        0.94,
       40.20,        0.94,
       40.60,        0.92,
       40.96,        0.94,
       41.36,        0.96,
       41.72,        0.98,
       42.12,        1.00,
       42.51,        0.99,
       42.87,        1.07,
       43.27,        1.05,
       43.71,        1.07,
       44.11,        1.06,
       44.51,        1.03,
       44.91,        1.05,
       45.31,        1.08,
       45.71,        1.13,
       46.07,        1.16,
       46.51,        1.15,
       46.91,        1.17,
       47.30,        1.17,
       47.70,        1.20,
       48.10,        1.20,
       48.50,        1.23,
       48.90,        1.24,
       49.30,        1.22,
       49.70,        1.24,
       50.10,        1.20,
       50.50,        1.21,
       50.90,        1.20,
       51.30,        1.21,
       51.74,        1.19,
       52.18,        1.14,
       52.61,        1.10,
       53.01,        1.08,
       53.41,        1.04,
       53.85,        0.98,
       54.25,        0.95,
       54.69,        0.84,
       55.09,        0.80,
       55.53,        0.71,
       55.93,        0.62,
       56.37,        0.61,
       56.77,        0.59,
       57.21,        0.58,
       57.60,        0.54,
       58.00,        0.47,
       58.44,        0.47,
       58.84,        0.45,
       59.28,        0.45,
       59.72,        0.42,
       60.20,        0.40,
       60.64,        0.37,
       61.08,        0.33,
       61.52,        0.33,
       61.92,        0.29,
       62.35,        0.29,
       62.79,        0.25,
       63.23,        0.16,
       63.67,       -0.02,
       64.07,       -0.25,
       64.51,       -0.60,
       64.95,       -0.94,
       65.39,       -1.30,
       65.79,       -1.68,
       66.23,       -1.97,
       66.67,       -2.05,
       67.11,       -2.12,
       67.58,       -2.15,
       68.02,       -2.21,
       68.46,       -2.29,
       68.94,       -2.31,
       69.38,       -2.29,
       69.78,       -2.37,
       70.22,       -2.38,
       70.66,       -2.40,
       71.10,       -2.43,
       71.54,       -2.44,
       71.98,       -2.42,
       72.41,       -2.42,
       72.85,       -2.43,
       73.25,       -2.44,
       73.69,       -2.47,
       74.13,       -2.51,
       74.57,       -2.51,
       75.01,       -2.51,
       75.45,       -2.47,
       75.93,       -2.46,
       76.41,       -2.47,
       76.85,       -2.53,
       77.29,       -2.51,
       77.72,       -2.51,
       78.12,       -2.53,
       78.60,       -2.54,
       79.04,       -2.53,
       79.48,       -2.53,
       79.92,       -2.51,
       80.36,       -2.50,
       80.80,       -2.49,
       81.24,       -2.46,
       81.68,       -2.45,
       82.12,       -2.45,
       82.55,       -2.43,
       83.03,       -2.41,
       83.51,       -2.40,
       83.95,       -2.39,
       84.43,       -2.39,
       84.91,       -2.34,
       85.35,       -2.34,
       85.79,       -2.34,
       86.23,       -2.33,
       86.71,       -2.34,
       87.15,       -2.30,
       87.62,       -2.25,
       88.06,       -2.22,
       88.54,       -2.15,
       88.98,       -2.08,
       89.42,       -2.06,
       89.86,       -2.08,
       90.30,       -2.07,
       90.74,       -2.08,
       91.22,       -2.06,
       91.70,       -2.05,
       92.18,       -2.07,
       92.65,       -2.06,
       93.09,       -2.04,
       93.53,       -2.05,
       94.01,       -2.03,
       94.45,       -2.03,
       94.93,       -2.01,
       95.41,       -2.01,
       95.85,       -1.95,
       96.33,       -1.86,
       96.81,       -1.94,
       97.25,       -1.89,
       97.64,       -1.87,
       98.12,       -1.90,
       98.56,       -1.91,
       99.04,       -1.90,
       99.56,       -1.89,
      100.00,       -1.90,
      100.52,       -1.89,
      101.00,       -1.87,
      101.48,       -1.87,
      101.92,       -1.86,
      102.39,       -1.86,
      102.83,       -1.86,
      103.31,       -1.82,
      103.79,       -1.79,
      104.23,       -1.78,
      104.71,       -1.76,
      105.15,       -1.77,
      105.63,       -1.75,
      106.11,       -1.75,
      106.55,       -1.77,
      107.03,       -1.76,
      107.50,       -1.77,
      107.98,       -1.73,
      108.50,       -1.73,
      108.98,       -1.73,
      109.46,       -1.73,
      109.90,       -1.68,
      110.38,       -1.64,
      110.86,       -1.64,
      111.30,       -1.64,
      111.78,       -1.62,
      112.26,       -1.57,
      112.69,       -1.56,
      113.17,       -1.58,
      113.61,       -1.60,
      114.09,       -1.56,
      114.57,       -1.55,
      115.05,       -1.55,
      115.53,       -1.53,
      116.01,       -1.50,
      116.53,       -1.51,
      117.01,       -1.49,
      117.48,       -1.49,
      117.96,       -1.46,
      118.40,       -1.43,
      118.88,       -1.44,
      119.36,       -1.44,
      119.84,       -1.43,
      120.32,       -1.38,
      120.80,       -1.31,
      121.24,       -1.29,
      121.72,       -1.26,
      122.20,       -1.24,
      122.63,       -1.23,
      123.15,       -1.24,
      123.67,       -1.22,
      124.19,       -1.18,
      124.67,       -1.16,
      125.19,       -1.15,
      125.63,       -1.11,
      126.11,       -1.08,
      126.59,       -1.07,
      127.07,       -1.07,
      127.54,       -1.05,
      128.02,       -0.99,
      128.50,       -0.94,
      128.98,       -0.90,
      129.46,       -0.89,
      129.94,       -0.85,
      130.42,       -0.81,
      130.90,       -0.81,
      131.38,       -0.80,
      131.94,       -0.80,
      132.41,       -0.76,
      132.93,       -0.72,
      133.41,       -0.70,
      133.93,       -0.69,
      134.37,       -0.67,
      134.89,       -0.64,
      135.37,       -0.63,
      135.85,       -0.62,
      136.37,       -0.60,
      136.85,       -0.56,
      137.33,       -0.54,
      137.76,       -0.57,
      138.24,       -0.50,
      138.80,       -0.48,
      139.28,       -0.46,
      139.80,       -0.44,
      140.28,       -0.44,
      140.80,       -0.44,
      141.28,       -0.43,
      141.80,       -0.42,
      142.28,       -0.39,
      142.75,       -0.41,
      143.23,       -0.36,
      143.71,       -0.37,
      144.23,       -0.37,
      144.71,       -0.37,
      145.19,       -0.37,
      145.63,       -0.37,
      146.15,       -0.34,
      146.63,       -0.34,
      147.11,       -0.33,
      147.58,       -0.32,
      148.10,       -0.33,
      148.62,       -0.34,
      149.14,       -0.37,
      149.62,       -0.37,
      150.10,       -0.35,
      150.58,       -0.36,
      151.06,       -0.36,
      151.58,       -0.36,
      152.06,       -0.37,
      152.57,       -0.33,
      153.05,       -0.29,
      153.49,       -0.29,
      154.01,       -0.27,
      154.49,       -0.25,
      154.93,       -0.24,
      155.45,       -0.24,
      155.97,       -0.21,
      156.49,       -0.21,
      157.01,       -0.22,
      157.48,       -0.21,
      157.96,       -0.20,
      158.44,       -0.20,
      158.92,       -0.18,
      159.44,       -0.19,
      159.96,       -0.17,
      160.44,       -0.19,
      160.92,       -0.20,
      161.40,       -0.23,
      161.92,       -0.24,
      162.35,       -0.24,
      162.87,       -0.28,
      163.35,       -0.31,
      163.87,       -0.29,
      164.39,       -0.29,
      164.91,       -0.28,
      165.39,       -0.30,
      165.91,       -0.28,
      166.39,       -0.29,
      166.87,       -0.27,
      167.38,       -0.27,
      167.86,       -0.29,
      168.38,       -0.29,
      168.86,       -0.30,
      169.34,       -0.29,
      169.78,       -0.32,
      170.30,       -0.32,
      170.78,       -0.35,
      171.30,       -0.42,
      171.82,       -0.62,
      172.34,       -0.87,
      172.85,       -1.07,
      173.33,       -1.17,
      173.85,       -1.21,
      174.33,       -1.23,
      174.81,       -1.28,
      175.33,       -1.31,
      175.81,       -1.31,
      176.33,       -1.31,
      176.81,       -1.29,
      177.29,       -1.24,
      177.76,       -1.17,
      178.24,       -1.13,
      178.76,       -1.12,
      179.28,       -1.11,
      179.80,       -1.08,
      180.32,       -1.07,
      180.84,       -1.05,
      181.36,       -1.03,
      181.84,       -0.98,
      182.32,       -0.99,
      182.79,       -0.98,
      183.31,       -0.97,
      183.83,       -0.94,
      184.31,       -0.89,
      184.79,       -0.88,
      185.27,       -0.88,
      185.75,       -0.88,
      186.27,       -0.87,
      186.75,       -0.88,
      187.27,       -0.86,
      187.78,       -0.80,
      188.30,       -0.75,
      188.82,       -0.76,
      189.34,       -0.76,
      189.82,       -0.76,
      190.30,       -0.79,
      190.82,       -0.81,
      191.30,       -0.80,
      191.82,       -0.72,
      192.30,       -0.76,
      192.77,       -0.73,
      193.25,       -0.74,
      193.77,       -0.72,
      194.25,       -0.76,
      194.77,       -0.75,
      195.29,       -0.74,
      195.77,       -0.76,
      196.29,       -0.76,
      196.85,       -0.75,
      197.33,       -0.73,
      197.84,       -0.73,
      198.32,       -0.72,
      198.80,       -0.68,
      199.32,       -0.68,
      199.80,       -0.66,
      200.32,       -0.65,
      200.80,       -0.65,
      201.28,       -0.64,
      201.80,       -0.62,
      202.28,       -0.64,
      202.79,       -0.60,
      203.31,       -0.59,
      203.83,       -0.59,
      204.35,       -0.60,
      204.87,       -0.60,
      205.35,       -0.59,
      205.87,       -0.59,
      206.35,       -0.55,
      206.83,       -0.52,
      207.35,       -0.49,
      207.86,       -0.49,
      208.34,       -0.48,
      208.82,       -0.46,
      209.30,       -0.43,
      209.82,       -0.40,
      210.30,       -0.42,
      210.82,       -0.42,
      211.34,       -0.41,
      211.86,       -0.40,
      212.38,       -0.42,
      212.89,       -0.40,
      213.41,       -0.41,
      213.89,       -0.41,
      214.37,       -0.40,
      214.85,       -0.37,
      215.37,       -0.36,
      215.89,       -0.39,
      216.41,       -0.39,
      216.89,       -0.37,
      217.37,       -0.34,
      217.88,       -0.31,
      218.36,       -0.32,
      218.88,       -0.34,
      219.40,       -0.34,
      219.92,       -0.33,
      220.44,       -0.31,
      220.96,       -0.29,
      221.48,       -0.28,
      221.96,       -0.25,
      222.43,       -0.20,
      222.95,       -0.12,
      223.43,       -0.09,
      223.95,       -0.10,
      224.47,       -0.08,
      224.95,       -0.08,
      225.43,       -0.05,
      225.95,       -0.04,
      226.47,       -0.03,
      226.95,       -0.05,
      227.46,       -0.05,
      228.02,       -0.02,
      228.54,        0.00,
      229.06,       -0.01,
      229.54,        0.02,
      230.02,        0.07,
      230.50,        0.10,
      231.02,        0.15,
      231.54,        0.16,
      232.06,        0.18,
      232.53,        0.19,
      233.01,        0.17,
      233.53,        0.17,
      234.01,        0.20,
      234.53,        0.23,
      235.05,        0.26,
      235.57,        0.24,
      236.09,        0.20,
      236.61,        0.15,
      237.13,        0.11,
      237.64,        0.07,
      238.12,        0.04,
      238.60,        0.02,
      239.12,        0.00,
      239.68,        0.02,
      240.16,        0.06,
      240.64,        0.05,
      241.16,        0.06,
      241.64,        0.06,
      242.12,        0.07,
      242.63,        0.08,
      243.15,        0.09,
      243.67,        0.11,
      244.23,        0.10,
      244.71,        0.08,
      245.23,        0.09,
      245.75,        0.11,
      246.23,        0.12,
      246.75,        0.11,
      247.27,        0.13,
      247.74,        0.15,
      248.26,        0.15,
      248.78,        0.12,
      249.26,        0.13,
      249.74,        0.09,
      250.26,       -0.02,
      250.74,       -0.07,
      251.26,       -0.13,
      251.82,       -0.20,
      252.34,       -0.22,
      252.85,       -0.27,
      253.33,       -0.33,
      253.85,       -0.38,
      254.33,       -0.42,
      254.85,       -0.42,
      255.37,       -0.44,
      255.89,       -0.45,
      256.37,       -0.41,
      256.89,       -0.37,
      257.37,       -0.37,
      257.88,       -0.34,
      258.36,       -0.33,
      258.88,       -0.34,
      259.40,       -0.33,
      259.92,       -0.33,
      260.44,       -0.32,
      260.96,       -0.32,
      261.48,       -0.35,
      262.00,       -0.34,
      262.47,       -0.33,
      262.99,       -0.30,
      263.51,       -0.25,
      263.99,       -0.22,
      264.51,       -0.24,
      264.99,       -0.27,
      265.51,       -0.29,
      265.99,       -0.27,
      266.51,       -0.28,
      267.03,       -0.28,
      267.54,       -0.28,
      268.06,       -0.27,
      268.58,       -0.27,
      269.10,       -0.26,
      269.62,       -0.23,
      270.10,       -0.24,
      270.58,       -0.24,
      271.14,       -0.24,
      271.62,       -0.24,
      272.14,       -0.17,
      272.65,       -0.13,
      273.13,       -0.15,
      273.61,       -0.16,
      274.13,       -0.17,
      274.65,       -0.18,
      275.13,       -0.15,
      275.69,       -0.15,
      276.21,       -0.11,
      276.73,       -0.14,
      277.25,       -0.16,
      277.76,       -0.15,
      278.24,       -0.17,
      278.76,       -0.15,
      279.28,       -0.11,
      279.80,       -0.11,
      280.32,       -0.12,
      280.80,       -0.12,
      281.28,       -0.12,
      281.80,       -0.11,
      282.28,       -0.09,
      282.79,       -0.06,
      283.31,       -0.03,
      283.83,       -0.02,
      284.39,       -0.01,
      284.91,        0.07,
      285.43,        0.09,
      285.91,        0.10,
      286.43,        0.10,
      286.95,        0.10,
      287.46,        0.11,
      287.98,        0.14,
      288.46,        0.13,
      288.98,        0.11,
      289.46,        0.14,
      289.98,        0.17,
      290.46,        0.17,
      290.98,        0.16,
      291.54,        0.20,
      292.06,        0.21,
      292.57,        0.21,
      293.09,        0.28,
      293.61,        0.28,
      294.09,        0.30,
      294.65,        0.31,
      295.17,        0.30,
      295.69,        0.30,
      296.21,        0.30,
      296.73,        0.34,
      297.21,        0.37,
      297.68,        0.37,
      298.16,        0.35,
      298.68,        0.37,
      299.24,        0.37,
      299.80,        0.36,
      300.32,        0.37,
      300.88,        0.40,
      301.40,        0.42,
      301.88,        0.43,
      302.40,        0.45,
      302.87,        0.46,
      303.39,        0.46,
      303.91,        0.45,
      304.43,        0.48,
      304.95,        0.52,
      305.43,        0.52,
      305.91,        0.48,
      306.39,        0.47,
      306.91,        0.46,
      307.46,        0.48,
      307.98,        0.47,
      308.54,        0.47,
      309.06,        0.48,
      309.58,        0.49,
      310.06,        0.49,
      310.58,        0.50,
      311.10,        0.55,
      311.62,        0.56,
      312.14,        0.57,
      312.61,        0.57,
      313.09,        0.53,
      313.61,        0.53,
      314.09,        0.51,
      314.61,        0.52,
      315.13,        0.50,
      315.69,        0.49,
      316.21,        0.45,
      316.73,        0.42,
      317.29,        0.37,
      317.80,        0.33,
      318.28,        0.20,
      318.80,        0.04,
      319.28,       -0.09,
      319.84,       -0.15,
      320.36,       -0.18,
      320.84,       -0.18,
      321.32,       -0.13,
      321.84,       -0.14,
      322.32,       -0.16,
      322.83,       -0.18,
      323.39,       -0.20,
      323.91,       -0.20,
      324.47,       -0.22,
      324.99,       -0.22,
      325.51,       -0.18,
      326.03,       -0.17,
      326.51,       -0.19,
      327.03,       -0.21,
      327.54,       -0.20,
      328.06,       -0.20,
      328.54,       -0.22,
      329.06,       -0.22,
      329.54,       -0.24,
      330.06,       -0.24,
      330.54,       -0.21,
      331.10,       -0.19,
      331.62,       -0.17,
      332.14,       -0.15,
      332.69,       -0.14,
      333.21,       -0.12,
      333.77,       -0.14,
      334.25,       -0.10,
      334.77,       -0.06,
      335.25,       -0.06,
      335.77,       -0.07,
      336.29,       -0.03,
      336.81,       -0.09,
      337.29,       -0.07,
      337.80,       -0.02,
      338.28,        0.00,
      338.80,        0.02,
      339.32,       -0.02,
      339.88,       -0.07,
      340.40,       -0.06,
      340.96,       -0.02,
      341.48,       -0.02,
      342.00,       -0.02,
      342.47,       -0.02,
      342.99,       -0.02,
      343.51,       -0.02,
      344.03,       -0.01,
      344.55,       -0.01,
      345.03,        0.01,
      345.55,       -0.05,
      346.03,       -0.07,
      346.55,       -0.02,
      347.07,        0.00,
      347.58,        0.01,
      348.14,        0.00,
      348.66,        0.04,
      349.26,        0.11,
      349.78,        0.16,
      350.30,        0.18,
      350.82,        0.19,
      351.30,        0.21,
      351.82,        0.24,
      352.34,        0.25,
      352.85,        0.25,
      353.33,        0.24,
      353.85,        0.25,
      354.33,        0.32,
      354.85,        0.33,
      355.37,        0.33,
      355.97,        0.35,
      356.49,        0.35,
      357.01,        0.37,
      357.56,        0.39,
      358.08,        0.39,
      358.60,        0.42,
      359.08,        0.41,
      359.56,        0.44,
      360.08,        0.46,
      360.60,        0.46,
      361.12,        0.49,
      361.60,        0.46,
      362.12,        0.45,
      362.59,        0.48,
      363.15,        0.50,
      363.67,        0.53,
      364.19,        0.55,
      364.75,        0.54,
      365.27,        0.55,
      365.79,        0.55,
      366.31,        0.61,
      366.83,        0.61,
      367.31,        0.61,
      367.82,        0.60,
      368.34,        0.61,
      368.86,        0.60,
      369.34,        0.65,
      369.86,        0.67,
      370.34,        0.68,
      370.86,        0.71,
      371.38,        0.74,
      371.94,        0.77,
      372.45,        0.76,
      373.01,        0.16,
      373.53,        0.74,
      374.05,        0.72,
      374.53,        0.72,
      375.01,        0.73,
      375.53,        0.71,
      376.05,        0.76,
      376.57,        0.78,
      377.09,        0.78,
      377.56,        0.78,
      378.04,        0.77,
      378.56,        0.81,
      379.12,        0.82,
      379.64,        0.84,
      380.16,        0.85,
      380.72,        0.85,
      381.24,        0.83,
      381.76,        0.86,
      382.24,        0.89,
      382.71,        0.94,
      383.23,        0.97,
      383.75,        1.00,
      384.27,        0.98,
      384.79,        0.91,
      385.31,        0.94,
      385.79,        0.96,
      386.27,        0.94,
      386.83,        0.99,
      387.39,        1.00,
      387.90,        1.00,
      388.46,        1.03,
      388.98,        0.97,
      389.50,        0.97,
      390.02,        0.98,
      390.46,        0.96,
      390.98,        0.98,
      391.50,        0.94,
      392.02,        0.94,
      392.53,        0.93,
      393.05,        0.92,
      393.53,        0.93,
      394.01,        0.86,
      394.53,        0.85,
      395.05,        0.79,
      395.61,        0.68,
      396.13,        0.46,
      396.69,        0.15,
      397.21,       -0.19,
      397.72,       -0.54,
      398.16,       -0.82,
      398.68,       -0.97,
      399.20,       -0.96,
      399.72,       -0.98,
      400.24,       -0.99,
      400.72,       -0.98,
      401.24,       -0.99,
      401.72,       -0.97,
      402.20,       -0.93,
      402.75,       -0.90,
      403.27,       -0.87,
      403.83,       -0.87,
      404.35,       -0.92,
      404.87,       -0.97,
      405.39,       -0.98,
      405.87,       -1.00,
      406.35,       -1.00,
      406.87,       -1.04,
      407.39,       -1.06,
      407.90,       -1.08,
      408.42,       -1.08,
      408.94,       -1.07,
      409.42,       -1.12,
      409.90,       -1.15,
      410.42,       -1.14,
      410.94,       -1.13,
      411.50,       -1.13,
      412.02,       -1.12,
      412.57,       -1.12,
      413.09,       -1.14,
      413.57,       -1.17,
      414.09,       -1.20,
      414.57,       -1.19,
      415.09,       -1.21,
      415.61,       -1.21,
      416.13,       -1.21,
      416.65,       -1.17,
      417.17,       -1.13,
      417.64,       -1.17,
      418.12,       -1.16,
      418.68,       -1.15,
      419.20,       -1.09,
      419.72,       -1.10,
      420.28,       -1.11,
      420.80,       -1.09,
      421.32,       -1.07,
      421.84,       -1.06,
      422.36,       -1.06,
      422.83,       -1.03,
      423.35,       -0.61,
      423.91,       -0.98,
      424.43,       -0.97,
      424.91,       -0.95,
      425.43,       -0.95,
      425.91,       -0.95,
      426.43,       -0.94,
      426.95,       -0.94,
      427.50,       -0.89,
      428.02,       -0.87,
      428.54,       -0.87,
      429.06,       -0.85,
      429.62,       -0.81,
      430.14,       -0.79,
      430.66,       -0.79,
      431.14,       -0.74,
      431.66,       -0.75,
      432.18,       -0.74,
      432.69,       -0.73,
      433.21,       -0.71,
      433.69,       -0.70,
      434.21,       -0.67,
      434.73,       -0.67,
      435.25,       -0.63,
      435.77,       -0.64,
      436.29,       -0.64,
      436.81,       -0.64,
      437.37,       -0.64,
      437.88,       -0.63,
      438.36,       -0.60,
      438.88,       -0.57,
      439.40,       -0.56,
      439.92,       -0.55,
      440.44,       -0.55,
      440.96,       -0.57,
      441.44,       -0.53,
      441.92,       -0.50,
      442.44,       -0.50,
      442.95,       -0.50,
      443.47,       -0.51,
      443.99,       -0.49,
      444.55,       -0.49,
      445.07,       -0.47,
      445.59,       -0.42,
      446.07,       -0.38,
      446.59,       -0.37,
      447.11,       -0.38,
      447.62,       -0.43,
      448.14,       -0.42,
      448.66,       -0.42,
      449.14,       -0.42,
      449.62,       -0.41,
      450.14,       -0.36,
      450.66,       -0.33,
      451.18,       -0.33,
      451.70,       -0.33,
      452.26,       -0.33,
      452.77,       -0.33,
      453.29,       -0.33,
      453.77,       -0.29,
      454.29,       -0.31,
      454.77,       -0.32,
      455.33,       -0.33,
      455.85,       -0.35,
      456.37,       -0.33,
      456.85,       -0.33,
      457.33,       -0.36,
      457.84,       -0.34,
      458.36,       -0.35,
      458.92,       -0.33,
      459.44,       -0.36,
      459.96,       -0.37,
      460.52,       -0.36,
      461.04,       -0.36,
      461.56,       -0.35,
      462.04,       -0.29,
      462.51,       -0.29,
      463.11,       -0.29,
      463.63,       -0.29,
      464.15,       -0.31,
      464.63,       -0.31,
      465.15,       -0.32,
      465.63,       -0.34,
      466.15,       -0.30,
      466.67,       -0.33,
      467.19,       -0.33,
      467.70,       -0.30,
      468.26,       -0.28,
      468.78,       -0.23,
      469.30,       -0.17,
      469.82,       -0.15,
      470.30,       -0.13,
      470.82,       -0.15,
      471.34,       -0.12,
      471.86,       -0.11,
      472.38,       -0.13,
      472.89,       -0.09,
      473.37,       -0.08,
      473.89,       -0.09,
      474.37,       -0.05,
      474.89,       -0.06,
      475.45,       -0.05,
      475.97,       -0.03,
      476.53,       -0.02,
      477.09,        0.01,
      477.60,        0.02,
      478.08,        0.07,
      478.60,        0.15,
      479.08,        0.18,
      479.64,        0.24,
      480.16,        0.23,
      480.64,        0.20,
      481.16,        0.25,
      481.64,        0.29,
      482.16,        0.34,
      482.67,        0.37,
      483.19,        0.37,
      483.71,        0.37,
      484.27,        0.40,
      484.79,        0.40,
      485.31,        0.44,
      485.83,        0.50,
      486.31,        0.50,
      486.87,        0.50,
      487.39,        0.46,
      487.90,        0.49,
      488.42,        0.53,
      488.94,        0.56,
      489.42,        0.59,
      489.94,        0.59,
      490.42,        0.59,
      490.94,        0.59,
      491.50,        0.60,
      492.02,        0.56,
      492.53,        0.58,
      493.09,        0.56,
      493.61,        0.56,
      494.13,        0.59,
      494.61,        0.63,
      495.13,        0.65,
      495.65,        0.63,
      496.17,        0.61,
      496.69,        0.63,
      497.21,        0.66,
      497.68,        0.64,
      498.16,        0.62,
      498.68,        0.61,
      499.20,        0.61,
      499.76,        0.63,
      500.28,        0.68,
      500.84,        0.68,
      501.36,        0.70,
      501.88,        0.68,
      502.36,        0.68,
      502.87,        0.70,
      503.39,        0.69,
      503.91,        0.68,
      504.43,        0.69,
      504.95,        0.68,
      505.43,        0.72,
      505.91,        0.74,
      506.39,        0.80,
      506.95,        0.81,
      507.51,        0.76,
      508.02,        0.81,
      508.54,        0.84,
      509.10,        0.85,
      509.62,        0.92,
      510.14,        0.90,
      510.62,        0.92,
      511.14,        0.90,
      511.66,        0.90,
      512.18,        0.93,
      512.69,        0.85,
      513.21,        0.89,
      513.65,        0.92,
      514.17,        0.87,
      514.73,        0.95,
      515.25,        0.92,
      515.81,        0.91,
      516.37,        0.93,
      516.89,        0.90,
      517.41,        0.99,
      517.92,        0.94,
      518.44,        0.97,
      518.92,        0.96,
      519.44,        0.82,
      520.00,        0.87,
      520.48,        0.72,
      521.00,        0.68,
      521.48,        0.64,
      521.96,        0.35,
      522.48,        0.32,
      522.99,        0.07,
      523.55,       -0.12,
      524.07,       -0.22,
      524.63,       -0.53,
      525.15,       -0.68,
      525.67,       -0.86,
      526.15,       -0.86,
      526.59,       -0.83,
      527.15,       -0.85,
      527.70,       -0.85,
      528.22,       -0.81,
      528.74,       -0.79,
      529.26,       -0.79,
      529.74,       -0.78,
      530.22,       -0.76,
      530.78,       -0.76,
      531.34,       -0.68,
      531.86,       -0.66,
      532.46,       -0.61,
      532.97,       -0.56,
      533.53,       -0.63,
      534.05,       -0.64,
      534.57,       -0.59,
      535.05,       -0.61,
      535.57,       -0.58,
      536.09,       -0.61,
      536.61,       -0.62,
      537.13,       -0.55,
      537.60,       -0.55,
      538.12,       -0.50,
      538.60,       -0.50,
      539.16,       -0.57,
      539.68,       -0.51,
      540.24,       -0.54,
      540.80,       -0.55,
      541.32,       -0.45,
      541.88,       -0.44,
      542.40,       -0.39,
      542.87,       -0.41,
      543.39,       -0.45,
      543.91,       -0.37,
      544.39,       -0.41,
      544.91,       -0.33,
      545.43,       -0.29,
      545.95,       -0.38,
      546.43,       -0.29,
      546.99,       -0.28,
      547.51,       -0.26,
      548.06,       -0.17,
      548.62,       -0.21,
      549.14,       -0.15,
      549.66,       -0.12,
      550.18,       -0.10,
      550.70,       -0.04,
      551.22,       -0.04,
      551.70,       -0.05,
      552.22,        0.02,
      552.73,        0.02,
      553.25,        0.05,
      553.73,        0.07,
      554.21,        0.10,
      554.73,        0.12,
      555.29,        0.14,
      555.81,        0.16,
      556.37,        0.19,
      556.89,        0.21,
      557.41,        0.17,
      557.92,        0.24,
      558.44,        0.30,
      558.96,        0.35,
      559.44,        0.40,
      559.96,        0.41,
      560.48,        0.44,
      561.00,        0.47,
      561.48,        0.48,
      561.96,        0.47,
      562.48,        0.47,
      562.99,        0.48,
      563.55,        0.50,
      564.07,        0.51,
      564.59,        0.54,
      565.15,        0.56,
      565.67,        0.56,
      566.19,        0.55,
      566.67,        0.56,
      567.19,        0.63,
      567.66,        0.52,
      568.18,        0.52,
      568.70,        0.53,
      569.22,        0.55,
      569.70,        0.57,
      570.18,        0.55,
      570.74,        0.47,
      571.30,        0.47,
      571.82,        0.44,
      572.38,        0.48,
      572.89,        0.48,
      573.41,        0.43,
      573.93,        0.43,
      574.41,        0.42,
      574.89,        0.42,
      575.41,        0.42,
      575.93,        0.44,
      576.45,        0.43,
      576.97,        0.45,
      577.45,        0.43,
      577.92,        0.43,
      578.44,        0.45,
      578.96,        0.48,
      579.52,        0.49,
      580.04,        0.45,
      580.56,        0.44,
      581.12,        0.45,
      581.64,        0.47,
      582.12,        0.46,
      582.63,        0.44,
      583.11,        0.41,
      583.63,        0.42,
      584.15,        0.42,
      584.67,        0.40,
      585.15,        0.28,
      585.67,        0.22,
      586.15,        0.20,
      586.67,        0.12,
      587.23,        0.14,
      587.74,        0.15,
      588.26,        0.12,
      588.82,        0.11,
      589.34,        0.11,
      589.86,        0.13,
      590.34,        0.15,
      590.82,        0.11,
      591.34,        0.11,
      591.86,        0.12,
      592.38,        0.08,
      592.89,        0.10,
      593.37,        0.10,
      593.85,        0.08,
      594.37,        0.10,
      594.93,        0.11,
      595.45,        0.11,
      595.97,        0.11,
      596.53,        0.10,
      597.05,        0.11,
      597.57,        0.14,
      598.04,        0.12,
      598.52,        0.12,
      599.04,        0.12,
      599.56,        0.14,
      600.08,        0.20,
      600.60,        0.20,
      601.08,        0.15,
      601.60,        0.16,
      602.08,        0.16,
      602.59,        0.18,
      603.15,        0.18,
      603.67,        0.21,
      604.23,        0.19,
      604.75,        0.19,
      605.31,        0.20,
      605.79,        0.22,
      606.27,        0.21,
      606.79,        0.22,
      607.27,        0.21,
      607.82,        0.22,
      608.34,        0.23,
      608.86,        0.26,
      609.34,        0.27,
      609.82,        0.28,
      610.34,        0.26,
      610.86,        0.24,
      611.42,        0.24,
      611.94,        0.24,
      612.50,        0.26,
      613.01,        0.28,
      613.53,        0.27,
      614.01,        0.28,
      614.53,        0.28,
      615.01,        0.26,
      615.53,        0.24,
      616.05,        0.18,
      616.57,        0.15,
      617.09,        0.11,
      617.57,        0.02,
      618.08,       -0.02,
      618.56,       -0.04,
      619.12,       -0.07,
      619.68,       -0.05,
      620.20,       -0.08,
      620.72,       -0.11,
      621.28,       -0.11,
      621.76,       -0.08,
      622.24,       -0.08,
      622.75,       -0.03,
      623.23,       -0.02,
      623.79,       -0.01,
      624.31,        0.02,
      624.79,        0.08,
      625.31,        0.13,
      625.79,        0.14,
      626.31,        0.13,
      626.83,        0.16,
      627.35,        0.20,
      627.90,        0.22,
      628.42,        0.24,
      628.98,        0.24,
      629.46,        0.25,
      629.98,        0.28,
      630.46,        0.30,
      630.98,        0.30,
      631.54,        0.35,
      632.06,        0.40,
      632.58,        0.46,
      633.09,        0.45,
      633.61,        0.49,
      634.09,        0.54,
      634.57,        0.55,
      635.13,        0.54,
      635.65,        0.55,
      636.21,        0.54,
      636.73,        0.55,
      637.25,        0.58,
      637.76,        0.63,
      638.28,        0.64,
      638.76,        0.64,
      639.28,        0.68,
      639.80,        0.71,
      640.32,        0.71,
      640.84,        0.70,
      641.36,        0.70,
      641.84,        0.71,
      642.32,        0.76,
      642.87,        0.80,
      643.39,        0.84,
      643.95,        0.85,
      644.47,        0.84,
      644.99,        0.82,
      645.51,        0.80,
      646.03,        0.83,
      646.55,        0.90,
      647.03,        0.95,
      647.55,        0.99,
      648.06,        0.98,
      648.58,        0.98,
      649.10,        0.96,
      649.62,        0.95,
      650.10,        0.95,
      650.62,        0.94,
      651.14,        0.92,
      651.70,        0.93,
      652.22,        0.96,
      652.73,        0.97,
      653.25,        0.94,
      653.81,        0.90,
      654.33,        0.94,
      654.81,        0.96,
      655.33,        1.00,
      655.85,        0.98,
      656.37,        0.88,
      656.89,        0.71,
      657.41,        0.43,
      657.88,        0.25,
      658.40,        0.14,
      658.92,        0.12,
      659.44,        0.12,
      659.96,        0.09,
      660.48,        0.09,
      661.04,        0.11,
      661.56,        0.08,
      662.12,        0.08,
      662.60,        0.07,
      663.11,        0.06,
      663.63,        0.05,
      664.15,        0.05,
      664.67,        0.03,
      665.15,        0.02,
      665.67,        0.02,
      666.15,        0.07,
      666.67,        0.12,
      667.23,        0.12,
      667.70,        0.12,
      668.22,        0.12,
      668.78,        0.15,
      669.30,        0.16,
      669.86,        0.20,
      670.38,        0.23,
      670.90,        0.28,
      671.38,        0.33,
      671.90,        0.36,
      672.42,        0.36,
      672.93,        0.34,
      673.45,        0.41,
      673.93,        0.40,
      674.45,        0.38,
      674.97,        0.44,
      675.49,        0.46,
      676.01,        0.51,
      676.53,        0.53,
      677.09,        0.55,
      677.64,        0.55,
      678.16,        0.55,
      678.64,        0.56,
      679.16,        0.56,
      679.68,        0.59,
      680.20,        0.64,
      680.72,        0.66,
      681.24,        0.68,
      681.72,        0.72,
      682.24,        0.71,
      682.75,        0.75,
      683.23,        0.81,
      683.79,        0.83,
      684.31,        0.84,
      684.87,        0.88,
      685.39,        0.94,
      685.95,        0.94,
      686.47,        0.95,
      686.99,        1.02,
      687.47,        1.07,
      688.02,        1.11,
      688.50,        1.10,
      689.02,        1.13,
      689.54,        1.14,
      690.02,        1.20,
      690.54,        1.21,
      691.06,        1.25,
      691.58,        1.30,
      692.10,        1.32,
      692.69,        1.38,
      693.21,        1.35,
      693.77,        1.41,
      694.29,        1.46,
      694.81,        1.44,
      695.33,        1.47,
      695.85,        1.50,
      696.37,        1.49,
      696.85,        1.46,
      697.37,        1.33,
      697.88,        1.17,
      698.36,        0.82,
      698.88,        0.42,
      699.40,       -0.02,
      699.92,       -0.47,
      700.48,       -0.95,
      701.04,       -1.43,
      701.56,       -1.90,
      702.08,       -2.34,
      702.63,       -2.73,
      703.15,       -2.99,
      703.67,       -3.04,
      704.19,       -3.13,
      704.71,       -3.09,
      705.19,       -3.11,
      705.71,       -3.15,
      706.19,       -3.14,
      706.67,       -3.18,
      707.23,       -3.19,
      707.74,       -3.20,
      708.30,       -3.19,
      708.82,       -3.13,
      709.38,       -3.13,
      709.90,       -3.13,
      710.42,       -3.15,
      710.94,       -3.17,
      711.46,       -3.24,
      711.94,       -3.17,
      712.46,       -3.13,
      712.93,       -3.12,
      713.45,       -3.08,
      713.97,       -3.11,
      714.45,       -3.10,
      714.97,       -3.13,
      715.49,       -3.21,
      716.05,       -3.19,
      716.61,       -3.15,
      717.13,       -3.21,
      717.64,       -3.23,
      718.16,       -3.25,
      718.68,       -3.26,
      719.20,       -3.12,
      719.72,       -3.20,
      720.24,       -3.21,
      720.76,       -3.19,
      721.28,       -3.17,
      721.76,       -3.20,
      722.24,       -3.19,
      722.75,       -3.18,
      723.27,       -3.18,
      723.83,       -3.20,
      724.35,       -3.21,
      724.91,       -3.22,
      725.43,       -3.21,
      725.95,       -3.21,
      726.47,       -3.22,
      726.99,       -3.23,
      727.47,       -3.21,
      727.98,       -3.16,
      728.54,       -3.13,
      729.02,       -3.11,
      729.54,       -3.10,
      729.98,       -3.11,
      730.50,       -3.11,
      731.02,       -3.07,
      731.58,       -3.08,
      732.14,       -3.02,
      732.65,       -3.00,
      733.17,       -3.02,
      733.69,       -2.99,
      734.21,       -2.98,
      734.69,       -3.00,
      735.21,       -3.00,
      735.73,       -2.99,
      736.25,       -2.95,
      736.77,       -2.93,
      737.29,       -2.97,
      737.76,       -2.96,
      738.24,       -2.95,
      738.76,       -2.99,
      739.28,       -2.99,
      739.84,       -2.98,
      740.36,       -3.01,
      740.92,       -3.01,
      741.44,       -3.00,
      741.92,       -3.00,
      742.44,       -2.95,
      742.95,       -2.96,
      743.47,       -2.95,
      743.99,       -2.95,
      744.51,       -2.99,
      744.99,       -2.96,
      745.47,       -2.93,
      745.95,       -2.93,
      746.47,       -2.91,
      747.03,       -2.91,
      747.59,       -2.93,
      748.10,       -2.91,
      748.62,       -2.91,
      749.14,       -2.89,
      749.66,       -2.86,
      750.18,       -2.90,
      750.66,       -2.84,
      751.18,       -2.86,
      751.70,       -2.95,
      752.22,       -2.92,
      752.69,       -2.93,
      753.21,       -2.92,
      753.69,       -2.86,
      754.21,       -2.84,
      754.73,       -2.84,
      755.29,       -2.88,
      755.81,       -2.91,
      756.33,       -2.89,
      756.89,       -2.89,
      757.41,       -2.91,
      757.92,       -2.91,
      758.40,       -2.91,
      758.92,       -2.91,
      759.44,       -2.90,
      759.96,       -2.91,
      760.48,       -2.94,
      760.96,       -2.93,
      761.44,       -2.91,
      761.96,       -2.91,
      762.48,       -2.90,
      762.99,       -2.92,
      763.55,       -2.90,
      764.07,       -2.87,
      764.63,       -2.91,
      765.15,       -2.90,
      765.67,       -2.87,
      766.15,       -2.88,
      766.67,       -2.85,
      767.19,       -2.89,
      767.70,       -2.91,
      768.18,       -2.91,
      768.70,       -2.98,
      769.18,       -2.99,
      769.70,       -3.04,
      770.18,       -3.12,
      770.74,       -3.15,
      771.26,       -3.21,
      771.78,       -3.34,
      772.34,       -3.35,
      772.85,       -3.43,
      773.37,       -3.48,
      773.89,       -3.49,
      774.37,       -3.60,
      774.89,       -3.67,
      775.41,       -3.69,
      775.93,       -3.77,
      776.45,       -3.82,
      776.93,       -3.85,
      777.45,       -3.89,
      777.92,       -3.95,
      778.44,       -4.03,
      779.00,       -4.17,
      779.52,       -4.28,
      780.08,       -4.39,
      780.60,       -4.46,
      781.12,       -4.45,
      781.64,       -4.39,
      782.12,       -4.32,
      782.64,       -4.26,
      783.15,       -4.21,
      783.67,       -4.17,
      784.19,       -4.11,
      784.67,       -4.09,
      785.19,       -4.02,
      785.67,       -3.97,
      786.19,       -3.91,
      786.71,       -3.82,
      787.27,       -3.74,
      787.78,       -3.69,
      788.30,       -3.67,
      788.86,       -3.63,
      789.38,       -3.62,
      789.90,       -3.56,
      790.38,       -3.51,
      790.90,       -3.47,
      791.42,       -3.44,
      791.94,       -3.39,
      792.42,       -3.36,
      792.93,       -3.29,
      793.41,       -3.21,
      793.93,       -3.13,
      794.45,       -3.04,
      794.97,       -2.97,
      795.53,       -2.90,
      796.09,       -2.85,
      796.61,       -2.81,
      797.13,       -2.81,
      797.68,       -2.73,
      798.20,       -2.68,
      798.72,       -2.66,
      799.20,       -2.62,
      799.72,       -2.56,
      800.28,       -2.54,
      800.80,       -2.52,
      801.28,       -2.51,
      801.80,       -2.51,
      802.32,       -2.50,
      802.87,       -2.47,
      803.39,       -2.46,
      803.95,       -2.43,
      804.47,       -2.43,
      805.03,       -2.43,
      805.55,       -2.37,
      806.07,       -2.35,
      806.55,       -2.34,
      807.03,       -2.32,
      807.55,       -2.32,
      808.06,       -2.26,
      808.58,       -2.21,
      809.06,       -2.20,
      809.58,       -2.15,
      810.06,       -2.12,
      810.58,       -2.09,
      811.10,       -2.08,
      811.70,       -2.07,
      812.22,       -2.04,
      812.77,       -1.99,
      813.29,       -1.97,
      813.81,       -1.92,
      814.29,       -1.94,
      814.77,       -1.94,
      815.25,       -1.90,
      815.81,       -1.86,
      816.33,       -1.82,
      816.81,       -1.81,
      817.29,       -1.83,
      817.80,       -1.82,
      818.28,       -1.82,
      818.84,       -1.83,
      819.36,       -1.81,
      819.92,       -1.80,
      820.44,       -1.78,
      820.96,       -1.78,
      821.48,       -1.77,
      821.96,       -1.77,
      822.44,       -1.81,
      822.95,       -1.83,
      823.47,       -1.89,
      823.99,       -1.92,
      824.51,       -1.94,
      824.99,       -1.95,
      825.51,       -1.95,
      825.99,       -1.94,
      826.51,       -1.96,
      827.07,       -1.96,
      827.59,       -1.98,
      828.14,       -1.99,
      828.66,       -1.99,
      829.18,       -2.00,
      829.66,       -1.99,
      830.14,       -1.99,
      830.62,       -2.01,
      831.18,       -2.03,
      831.70,       -2.00,
      832.22,       -2.02,
      832.70,       -2.03,
      833.21,       -2.04,
      833.69,       -2.02,
      834.21,       -2.00,
      834.73,       -2.01,
      835.29,       -2.03,
      835.81,       -2.03,
      836.37,       -2.02,
      836.89,       -1.98,
      837.41,       -1.94,
      837.84,       -1.99,
      838.36,       -1.99,
      838.84,       -2.03,
      839.40,       -2.03,
      839.92,       -2.03,
      840.40,       -2.06,
      840.92,       -2.04,
      841.40,       -2.00,
      841.92,       -2.00,
      842.44,       -2.00,
      842.95,       -1.99,
      843.51,       -2.00,
      844.03,       -1.99,
      844.59,       -1.97,
      845.07,       -1.93,
      845.55,       -1.88,
      846.07,       -1.86,
      846.55,       -1.86,
      847.07,       -1.86,
      847.59,       -1.86,
      848.10,       -1.87,
      848.62,       -1.88,
      849.10,       -1.87,
      849.62,       -1.85,
      850.10,       -1.83,
      850.66,       -1.85,
      851.18,       -1.85,
      851.74,       -1.86,
      852.26,       -1.86,
      852.77,       -1.85,
      853.29,       -1.86,
      853.77,       -1.83,
      854.29,       -1.82,
      854.77,       -1.86,
      855.29,       -2.01,
      855.81,       -2.16,
      856.33,       -2.34,
      856.85,       -2.52,
      857.33,       -2.60,
      857.80,       -2.65,
      858.32,       -2.66,
      858.88,       -2.68,
      859.40,       -2.69,
      859.92,       -2.69,
      860.44,       -2.65,
      860.96,       -2.66,
      861.48,       -2.61,
      861.96,       -2.61,
      862.48,       -2.59,
      862.99,       -2.54,
      863.51,       -2.51,
      864.03,       -2.45,
      864.55,       -2.42,
      865.03,       -2.40,
      865.51,       -2.36,
      866.03,       -2.36,
      866.55,       -2.34,
      867.11,       -2.34,
      867.63,       -2.34,
      868.14,       -2.28,
      868.70,       -2.24,
      869.18,       -2.20,
      869.70,       -2.17,
      870.18,       -2.18,
      870.70,       -2.18,
      871.22,       -2.16,
      871.74,       -2.14,
      872.26,       -2.11,
      872.73,       -2.11,
      873.25,       -2.06,
      873.77,       -2.03,
      874.25,       -2.03,
      874.81,       -2.02,
      875.33,       -2.02,
      875.85,       -2.01,
      876.41,       -1.98,
      876.93,       -1.95,
      877.45,       -1.94,
      877.92,       -1.90,
      878.44,       -1.86,
      878.96,       -1.86,
      879.48,       -1.91,
      880.00,       -1.92,
      880.52,       -1.93,
      881.00,       -1.97,
      881.52,       -1.98,
      882.00,       -2.07,
      882.56,       -2.14,
      883.07,       -2.27,
      883.59,       -2.37,
      884.11,       -2.45,
      884.67,       -2.65,
      885.19,       -2.87,
      885.67,       -3.08,
      886.19,       -3.29,
      886.71,       -3.52,
      887.23,       -3.74,
      887.74,       -3.96,
      888.26,       -4.22,
      888.74,       -4.35,
      889.26,       -4.55,
      889.74,       -4.87,
      890.26,       -5.09,
      890.78,       -5.17,
      891.34,       -5.22,
      891.86,       -5.22,
      892.38,       -5.18,
      892.89,       -5.18,
      893.41,       -5.15,
      893.89,       -5.09,
      894.41,       -5.09,
      894.93,       -5.09,
      895.49,       -5.12,
      895.97,       -5.14,
      896.49,       -5.13,
      896.97,       -5.09,
      897.49,       -5.02,
      897.96,       -4.97,
      898.52,       -4.97,
      899.04,       -4.94,
      899.56,       -4.94,
      900.08,       -4.92,
      900.64,       -4.96,
      901.16,       -4.96,
      901.64,       -4.95,
      902.16,       -4.87,
      902.68,       -4.83,
      903.19,       -4.80,
      903.71,       -4.76,
      904.23,       -4.74,
      904.71,       -4.70,
      905.23,       -4.70,
      905.71,       -4.67,
      906.23,       -4.61,
      906.75,       -4.57,
      907.31,       -4.49,
      907.82,       -4.45,
      908.38,       -4.44,
      908.90,       -4.44,
      909.42,       -4.39,
      909.94,       -4.35,
      910.42,       -4.27,
      910.94,       -4.25,
      911.46,       -4.28,
      911.98,       -4.26,
      912.50,       -4.23,
      913.01,       -4.22,
      913.49,       -4.17,
      914.01,       -4.24,
      914.49,       -4.23,
      915.05,       -4.17,
      915.57,       -4.17,
      916.09,       -4.15,
      916.65,       -4.12,
      917.17,       -4.15,
      917.69,       -4.17,
      918.16,       -4.17,
      918.68,       -4.18,
      919.20,       -4.15,
      919.72,       -4.09,
      920.24,       -4.04,
      920.72,       -4.06,
      921.24,       -4.03,
      921.72,       -4.00,
      922.24,       -4.00,
      922.75,       -4.02,
      923.31,       -4.01,
      923.83,       -4.01,
      924.39,       -3.97,
      924.91,       -3.95,
      925.43,       -3.89,
      925.91,       -3.88,
      926.39,       -3.86,
      926.91,       -3.79,
      927.43,       -3.78,
      927.94,       -3.76,
      928.46,       -3.76,
      928.94,       -3.74,
      929.46,       -3.71,
      929.94,       -3.72,
      930.46,       -3.71,
      931.02,       -3.70,
      931.54,       -3.74,
      932.10,       -3.74,
      932.62,       -3.78,
      933.13,       -3.85,
      933.61,       -3.87,
      934.13,       -3.86,
      934.61,       -3.86,
      935.13,       -3.85,
      935.69,       -3.82,
      936.17,       -3.81,
      936.69,       -3.77,
      937.17,       -3.74,
      937.65,       -3.75,
      938.16,       -3.74,
      938.72,       -3.71,
      939.24,       -3.72,
      939.80,       -3.72,
      940.32,       -3.70,
      940.84,       -3.70,
      941.36,       -3.69,
      941.84,       -3.69,
      942.36,       -3.70,
      942.87,       -3.73,
      943.39,       -3.72,
      943.91,       -3.70,
      944.43,       -3.65,
      944.91,       -3.58,
      945.39,       -3.57,
      945.91,       -3.52,
      946.43,       -3.50,
      946.99,       -3.48,
      947.51,       -3.40,
      948.02,       -3.39,
      948.58,       -3.40,
      949.10,       -3.35,
      949.58,       -3.30,
      950.10,       -3.30,
      950.62,       -3.27,
      951.14,       -3.23,
      951.66,       -3.25,
      952.18,       -3.25,
      952.66,       -3.22,
      953.13,       -3.17,
      953.65,       -3.11,
      954.17,       -3.03,
      954.69,       -2.98,
      955.25,       -2.93,
      955.77,       -2.90,
      956.33,       -2.91,
      956.85,       -2.86,
      957.37,       -2.84,
      957.84,       -2.82,
      958.36,       -2.81,
      958.88,       -2.80,
      959.40,       -2.79,
      959.92,       -2.77,
      960.44,       -2.76,
      960.92,       -2.75,
      961.40,       -2.73,
      961.92,       -2.73,
      962.48,       -2.74,
      962.99,       -2.73,
      963.55,       -2.73,
      964.07,       -2.71,
      964.59,       -2.70,
      965.15,       -2.74,
      965.67,       -2.76,
      966.15,       -2.75,
      966.67,       -2.74,
      967.19,       -2.73,
      967.71,       -2.71,
      968.22,       -2.71,
      968.74,       -2.70,
      969.22,       -2.64,
      969.74,       -2.63,
      970.26,       -2.61,
      970.78,       -2.60,
      971.30,       -2.59,
      971.86,       -2.53,
      972.38,       -2.50,
      972.93,       -2.45,
      973.45,       -2.39,
      973.97,       -2.39,
      974.53,       -2.36,
      975.01,       -2.34,
      975.53,       -2.33,
      976.05,       -2.29,
      976.57,       -2.25,
      977.09,       -2.25,
      977.57,       -2.22,
      978.08,       -2.25,
      978.60,       -2.14,
      979.12,       -2.10,
      979.68,       -2.09,
      980.20,       -2.08,
      980.76,       -2.04,
      981.28,       -2.03,
      981.80,       -1.95,
      982.36,       -1.94,
      982.87,       -1.94,
      983.39,       -1.94,
      983.87,       -1.94,
      984.39,       -1.99,
      984.91,       -2.01,
      985.43,       -2.03,
      985.91,       -2.08,
      986.43,       -2.08,
      986.95,       -2.07,
      987.51,       -2.08,
      988.02,       -2.08,
      988.58,       -2.08,
      989.10,       -2.05,
      989.66,       -2.07,
      990.18,       -2.07,
      990.70,       -2.08,
      991.22,       -2.11,
      991.74,       -2.08,
      992.26,       -2.08,
      992.77,       -2.14,
      993.25,       -2.15,
      993.77,       -2.15,
      994.29,       -2.21,
      994.81,       -2.21,
      995.33,       -2.25,
      995.89,       -2.29,
      996.41,       -2.33,
      996.97,       -2.40,
      997.49,       -2.46,
      998.00,       -2.59,
      998.52,       -2.82,
      999.08,       -3.13,
      999.56,       -3.47,
     1000.08,       -3.87,
     1000.60,       -4.24,
     1001.08,       -4.63,
     1001.60,       -5.06,
     1002.12,       -5.54,
     1002.64,       -6.03,
     1003.15,       -6.48,
     1003.71,       -6.92,
     1004.23,       -7.31,
     1004.75,       -7.58,
     1005.31,       -7.62,
     1005.83,       -7.69,
     1006.35,       -7.81,
     1006.87,       -7.83,
     1007.35,       -7.90,
     1007.86,       -7.97,
     1008.38,       -7.98,
     1008.90,       -8.02,
     1009.42,       -8.03,
     1009.90,       -8.03,
     1010.42,       -8.05,
     1010.98,       -8.08,
     1011.50,       -8.12,
     1012.02,       -8.17,
     1012.58,       -8.19,
     1013.09,       -8.19,
     1013.65,       -8.16,
     1014.17,       -8.16,
     1014.69,       -8.14,
     1015.21,       -8.10,
     1015.69,       -8.07,
     1016.21,       -8.05,
     1016.73,       -7.98,
     1017.25,       -7.90,
     1017.73,       -7.85,
     1018.24,       -7.79,
     1018.76,       -7.73,
     1019.32,       -7.65,
     1019.84,       -7.59,
     1020.40,       -7.57,
     1020.92,       -7.47,
     1021.48,       -7.38,
     1022.00,       -7.30,
     1022.52,       -7.23,
     1022.99,       -7.15,
     1023.51,       -7.10,
     1024.03,       -6.99,
     1024.55,       -6.91,
     1025.07,       -6.84,
     1025.55,       -6.76,
     1026.07,       -6.67,
     1026.59,       -6.59,
     1027.15,       -6.51,
     1027.67,       -6.46,
     1028.18,       -6.36,
     1028.74,       -6.29,
     1029.26,       -6.26,
     1029.82,       -6.18,
     1030.34,       -6.10,
     1030.82,       -6.05,
     1031.34,       -5.93,
     1031.86,       -5.85,
     1032.38,       -5.75,
     1032.89,       -5.66,
     1033.37,       -5.57,
     1033.89,       -5.53,
     1034.41,       -5.44,
     1034.93,       -5.44,
     1035.49,       -5.40,
     1036.01,       -5.32,
     1036.57,       -5.23,
     1037.09,       -5.20,
     1037.65,       -5.10,
     1038.12,       -5.01,
     1038.64,       -4.95,
     1039.16,       -4.88,
     1039.68,       -4.81,
     1040.20,       -4.79,
     1040.72,       -4.73,
     1041.20,       -4.67,
     1041.72,       -4.61,
     1042.24,       -4.57,
     1042.76,       -4.50,
     1043.27,       -4.46,
     1043.83,       -4.41,
     1044.35,       -4.33,
     1044.91,       -4.32,
     1045.43,       -4.35,
     1045.95,       -4.35,
     1046.47,       -4.32,
     1046.99,       -4.33,
     1047.51,       -4.31,
     1048.02,       -4.30,
     1048.50,       -4.22,
     1049.02,       -4.19,
     1049.54,       -4.12,
     1050.02,       -4.04,
     1050.58,       -3.95,
     1051.14,       -3.91,
     1051.66,       -3.90,
     1052.18,       -3.86,
     1052.74,       -3.79,
     1053.25,       -3.77,
     1053.77,       -3.75,
     1054.29,       -3.66,
     1054.77,       -3.59,
     1055.33,       -3.59,
     1055.85,       -3.60,
     1056.33,       -3.55,
     1056.85,       -3.50,
     1057.37,       -3.44,
     1057.88,       -3.38,
     1058.40,       -3.36,
     1058.92,       -3.30,
     1059.44,       -3.26,
     1060.00,       -3.23,
     1060.52,       -3.21,
     1061.08,       -3.16,
     1061.60,       -3.12,
     1062.12,       -3.09,
     1062.64,       -3.09,
     1063.15,       -3.05,
     1063.67,       -3.01,
     1064.19,       -3.00,
     1064.67,       -2.99,
     1065.19,       -2.92,
     1065.71,       -2.90,
     1066.23,       -2.86,
     1066.75,       -2.84,
     1067.27,       -2.85,
     1067.82,       -2.82,
     1068.34,       -2.79,
     1068.90,       -2.73,
     1069.42,       -2.71,
     1069.94,       -2.70,
     1070.46,       -2.64,
     1070.94,       -2.60,
     1071.50,       -2.59,
     1071.98,       -2.52,
     1072.50,       -2.48,
     1073.01,       -2.43,
     1073.53,       -2.38,
     1074.05,       -2.34,
     1074.57,       -2.21,
     1075.13,       -2.22,
     1075.65,       -2.21,
     1076.17,       -2.19,
     1076.73,       -2.15,
     1077.25,       -2.14,
     1077.77,       -2.08,
     1078.28,       -2.05,
     1078.80,       -2.06,
     1079.32,       -1.97,
     1079.84,       -1.96,
     1080.36,       -1.96,
     1080.84,       -1.89,
     1081.36,       -1.87,
     1081.88,       -1.85,
     1082.40,       -1.83,
     1082.91,       -1.86,
     1083.43,       -1.83,
     1083.99,       -1.88,
     1084.51,       -1.91,
     1085.03,       -1.87,
     1085.55,       -1.87,
     1086.07,       -1.94,
     1086.59,       -1.95,
     1087.11,       -1.94,
     1087.63,       -1.97,
     1088.14,       -1.99,
     1088.66,       -2.01,
     1089.18,       -1.95,
     1089.70,       -1.95,
     1090.18,       -1.94,
     1090.74,       -1.91,
     1091.26,       -1.94,
     1091.82,       -1.91,
     1092.34,       -1.86,
     1092.85,       -1.88,
     1093.37,       -1.86,
     1093.89,       -1.79,
     1094.45,       -1.81,
     1094.93,       -1.75,
     1095.45,       -1.73,
     1095.97,       -1.73,
     1096.49,       -1.68,
     1097.01,       -1.67,
     1097.53,       -1.64,
     1098.00,       -1.61,
     1098.52,       -1.61,
     1099.08,       -1.55,
     1099.60,       -1.54,
     1100.16,       -1.54,
     1100.68,       -1.47,
     1101.20,       -1.44,
     1101.72,       -1.40,
     1102.24,       -1.37,
     1102.76,       -1.37,
     1103.27,       -1.34,
     1103.79,       -1.34,
     1104.31,       -1.32,
     1104.83,       -1.26,
     1105.31,       -1.26,
     1105.83,       -1.26,
     1106.35,       -1.25,
     1106.87,       -1.21,
     1107.43,       -1.14,
     1107.94,       -1.17,
     1108.46,       -1.20,
     1109.02,       -1.16,
     1109.54,       -1.14,
     1110.06,       -1.14,
     1110.58,       -1.13,
     1111.10,       -1.12,
     1111.62,       -1.11,
     1112.14,       -1.07,
     1112.66,       -1.07,
     1113.13,       -1.06,
     1113.65,       -1.01,
     1114.17,       -1.00,
     1114.69,       -0.99,
     1115.21,       -0.96,
     1115.77,       -0.93,
     1116.25,       -0.90,
     1116.81,       -0.88,
     1117.33,       -0.87,
     1117.84,       -0.86,
     1118.36,       -0.85,
     1118.88,       -0.78,
     1119.40,       -0.79,
     1119.92,       -0.78,
     1120.44,       -0.74,
     1120.96,       -0.72,
     1121.44,       -0.73,
     1121.96,       -0.73,
     1122.48,       -0.71,
     1123.03,       -0.64,
     1123.55,       -0.57,
     1124.07,       -0.56,
     1124.59,       -0.58,
     1125.15,       -0.57,
     1125.67,       -0.58,
     1126.19,       -0.55,
     1126.71,       -0.52,
     1127.23,       -0.50,
     1127.75,       -0.50,
     1128.26,       -0.50,
     1128.78,       -0.48,
     1129.26,       -0.45,
     1129.78,       -0.41,
     1130.30,       -0.41,
     1130.82,       -0.39,
     1131.38,       -0.42,
     1131.90,       -0.41,
     1132.42,       -0.39,
     1132.93,       -0.37,
     1133.49,       -0.34,
     1134.01,       -0.31,
     1134.53,       -0.28,
     1135.05,       -0.28,
     1135.57,       -0.27,
     1136.09,       -0.28,
     1136.57,       -0.29,
     1137.09,       -0.28,
     1137.57,       -0.24,
     1138.08,       -0.23,
     1138.60,       -0.20,
     1139.16,       -0.17,
     1139.68,       -0.17,
     1140.20,       -0.23,
     1140.76,       -0.23,
     1141.28,       -0.23,
     1141.80,       -0.23,
     1142.28,       -0.30,
     1142.83,       -0.45,
     1143.31,       -0.60,
     1143.87,       -0.68,
     1144.35,       -0.91,
     1144.87,       -1.12,
     1145.35,       -1.29,
     1145.87,       -1.52,
     1146.39,       -1.65,
     1146.95,       -1.65,
     1147.43,       -1.68,
     1147.98,       -1.70,
     1148.50,       -1.74,
     1149.06,       -1.77,
     1149.58,       -1.79,
     1150.10,       -1.60,
     1150.62,       -1.80,
     1151.14,       -1.81,
     1151.66,       -1.85,
     1152.14,       -1.86,
     1152.66,       -1.89,
     1153.13,       -1.91,
     1153.65,       -1.93,
     1154.21,       -1.99,
     1154.69,       -2.00,
     1155.21,       -2.03,
     1155.77,       -2.07,
     1156.29,       -2.08,
     1156.85,       -2.08,
     1157.37,       -2.10,
     1157.88,       -2.12,
     1158.40,       -2.15,
     1158.92,       -2.14,
     1159.44,       -2.16,
     1159.92,       -2.21,
     1160.44,       -2.25,
     1160.96,       -2.29,
     1161.44,       -2.29,
     1161.96,       -2.29,
     1162.48,       -2.29,
     1162.99,       -2.32,
     1163.55,       -2.37,
     1164.07,       -2.42,
     1164.63,       -2.46,
     1165.15,       -2.48,
     1165.67,       -2.52,
     1166.19,       -2.58,
     1166.71,       -2.67,
     1167.23,       -2.77,
     1167.75,       -2.89,
     1168.22,       -2.94,
     1168.74,       -3.07,
     1169.26,       -3.11,
     1169.74,       -3.15,
     1170.26,       -3.17,
     1170.78,       -3.21,
     1171.34,       -3.24,
     1171.86,       -3.30,
     1172.42,       -3.32,
     1172.93,       -3.35,
     1173.45,       -3.39,
     1173.97,       -3.39,
     1174.49,       -3.43,
     1175.01,       -3.46,
     1175.53,       -3.49,
     1176.05,       -3.56,
     1176.57,       -3.59,
     1177.05,       -3.63,
     1177.57,       -3.69,
     1178.04,       -3.70,
     1178.56,       -3.74,
     1179.12,       -3.82,
     1179.64,       -3.82,
     1180.20,       -3.89,
     1180.72,       -3.96,
     1181.28,       -3.99,
     1181.80,       -4.08,
     1182.28,       -4.12,
     1182.80,       -4.13,
     1183.31,       -4.22,
     1183.83,       -4.24,
     1184.35,       -4.19,
     1184.87,       -4.24,
     1185.35,       -4.30,
     1185.83,       -4.27,
     1186.35,       -4.31,
     1186.91,       -4.28,
     1187.43,       -4.31,
     1187.98,       -4.43,
     1188.50,       -4.42,
     1189.06,       -4.44,
     1189.54,       -4.53,
     1190.06,       -4.51,
     1190.58,       -4.55,
     1191.10,       -4.66,
     1191.62,       -4.64,
     1192.14,       -4.73,
     1192.62,       -4.79,
     1193.13,       -4.72,
     1193.61,       -4.82,
     1194.13,       -4.86,
     1194.65,       -4.78,
     1195.17,       -4.90,
     1195.73,       -4.86,
     1196.25,       -4.79,
     1196.77,       -4.89,
     1197.29,       -4.85,
     1197.77,       -4.85,
     1198.28,       -5.05,
     1198.80,       -5.05,
     1199.28,       -5.08,
     1199.76,       -5.18,
     1200.24,       -5.12,
     1200.72,       -5.19,
     1201.16,       -5.32,
     1201.60,       -5.29,
     1202.12,       -5.35,
     1202.60,       -5.44,
     1203.07,       -5.39,
     1203.51,       -5.44,
     1203.99,       -5.48,
     1204.47,       -5.40,
     1204.91,       -5.44,
     1205.35,       -5.45,
     1205.79,       -5.35,
     1206.19,       -5.41,
     1206.63,       -5.40,
     1207.07,       -5.31,
     1207.47,       -5.27,
     1207.86,       -5.19,
     1208.22,       -5.15,
     1208.62,       -5.16,
     1208.98,       -5.16,
     1209.34,       -5.14,
     1209.74,       -5.27,
     1210.14,       -5.18,
     1210.54,       -5.14,
     1210.90,       -5.25,
     1211.30,       -5.15,
     1211.66,       -5.11,
     1211.94,       -5.21,
     1212.26,       -5.11,
     1212.54,       -5.09,
     1212.78,       -5.18,
     1213.01,       -5.05,
     1213.25,       -5.11,
     1213.45,       -5.18,
     1213.65,       -5.09,
     1213.81,       -5.15,
     1213.97,       -5.19,
     1214.09,       -5.07,
     1214.21,       -5.18,
     1214.33,       -5.14,
     1214.41,       -5.07,
     1214.49,       -5.20,
     1214.53,       -5.11,
     1214.57,       -5.08,
     1214.61,       -5.21,
     1214.65,       -5.11,