       -0.00,       -1.06,
       -0.00,       -1.07,
        0.04,       -1.07,
        0.12,       -1.08,
        0.16,       -1.07,
        0.20,       -1.07,
        0.28,       -1.07,
        0.36,       -1.06,
        0.44,       -1.04,
        0.52,       -1.04,
        0.60,       -1.03,
        0.72,       -1.00,
        0.80,       -0.98,
        0.88,       -0.98,
        1.00,       -0.96,
        1.08,       -0.98,
        1.20,       -0.98,
        1.32,       -0.96,
        1.44,       -0.98,
        1.56,       -0.98,
        1.68,       -0.98,
        1.80,       -1.00,
        1.92,       -1.00,
        2.04,       -0.99,
        2.20,       -1.00,
        2.31,       -1.01,
        2.43,       -1.00,
        2.59,       -1.01,
        2.71,       -1.01,
        2.87,       -1.03,
        3.03,       -1.03,
        3.15,       -1.03,
        3.31,       -1.03,
        3.47,       -1.00,
        3.63,       -1.01,
        3.79,       -1.01,
        3.91,       -1.00,
        4.11,       -1.03,
        4.23,       -1.02,
        4.43,       -1.00,
        4.59,       -1.02,
        4.79,       -0.98,
        4.95,       -1.00,
        5.15,       -1.00,
        5.31,       -1.00,
        5.51,       -1.03,
        5.71,       -1.03,
        5.91,       -1.03,
        6.11,       -1.02,
        6.31,       -0.98,
        6.47,       -1.04,
        6.67,       -0.98,
        6.87,       -1.00,
        7.07,       -1.02,
        7.27,       -0.98,
        7.46,       -0.99,
        7.66,       -0.97,
        7.90,       -0.97,
        8.10,       -0.98,
        8.30,       -0.94,
        8.54,       -1.37,
        8.78,       -0.92,
        9.02,       -0.89,
        9.26,       -0.90,
        9.54,       -0.87,
        9.78,       -0.85,
       10.06,       -0.86,
       10.30,       -0.85,
       10.54,       -0.85,
       10.78,       -0.85,
       11.06,       -0.85,
       11.30,       -0.85,
       11.54,       -0.83,
       11.78,       -0.83,
       12.02,       -0.83,
       12.29,       -0.81,
       12.53,       -0.80,
       12.77,       -0.81,
       13.05,       -0.81,
       13.29,       -0.79,
       13.53,       -0.77,
       13.81,       -0.76,
       14.09,       -0.76,
       14.33,       -0.73,
       14.57,       -0.72,
       14.85,       -0.72,
       15.09,       -0.68,
       15.37,       -0.69,
       15.65,       -0.68,
       15.89,       -0.69,
       16.17,       -0.68,
       16.45,       -0.68,
       16.69,       -0.69,
       16.97,       -0.67,
       17.28,       -0.68,
       17.56,       -0.66,
       17.84,       -0.66,
       18.16,       -0.66,
       18.48,       -0.62,
       18.76,       -0.59,
       19.08,       -0.58,
       19.36,       -0.57,
       19.64,       -0.55,
       19.92,       -0.57,
       20.24,       -0.56,
       20.52,       -0.55,
       20.84,       -0.54,
       21.12,       -0.54,
       21.44,       -0.56,
       21.76,       -0.56,
       22.04,       -0.55,
       22.35,       -0.55,
       22.63,       -0.55,
       22.95,       -0.54,
       23.23,       -0.52,
       23.55,       -0.50,
       23.87,       -0.46,
       24.15,       -0.46,
       24.47,       -0.45,
       24.79,       -0.42,
       25.11,       -0.42,
       25.47,       -0.42,
       25.83,       -0.40,
       26.19,       -0.42,
       26.55,       -0.42,
       26.87,       -0.41,
       27.23,       -0.42,
       27.54,       -0.42,
       27.86,       -0.42,
       28.22,       -0.38,
       28.54,       -0.37,
       28.90,       -0.36,
       29.22,       -0.34,
       29.58,       -0.34,
       29.90,       -0.32,
       30.26,       -0.29,
       30.62,       -0.29,
       30.94,       -0.33,
       31.30,       -0.30,
       31.62,       -0.25,
       31.94,       -0.21,
       32.29,       -0.20,
       32.61,       -0.20,
       32.97,       -0.19,
       33.33,       -0.15,
       33.69,       -0.16,
       34.09,       -0.13,
       34.45,       -0.10,
       34.85,       -0.07,
       35.21,       -0.05,
       35.57,       -0.03,
       35.93,       -0.02,
       36.29,       -0.00,
       36.69,        0.04,
       37.05,        0.04,
       37.40,        0.04,
       37.76,        0.06,
       38.12,        0.07,
       38.52,        0.10,
       38.88,        0.09,
       39.24,        0.10,
       39.60,        0.11,
       39.96,        0.11,
       40.32,        0.10,
       40.68,        0.09,
       41.04,        0.10,
       41.44,        0.10,
       41.84,        0.14,
       42.28,        0.16,
       42.67,        0.16,
       43.03,        0.15,
       43.43,        0.20,
       43.83,        0.16,
       44.19,        0.18,
       44.55,        0.17,
       44.95,        0.19,
       45.31,        0.17,
       45.71,        0.15,
       46.11,        0.15,
       46.51,        0.11,
       46.91,        0.07,
       47.27,        0.07,
       47.62,        0.05,
       48.02,        0.03,
       48.38,        0.02,
       48.74,        0.00,
       49.14,       -0.07,
       49.54,       -0.22,
       49.98,       -0.35,
       50.42,       -0.61,
       50.82,       -0.92,
       51.26,       -1.18,
       51.62,       -1.51,
       52.02,       -1.78,
       52.37,       -1.96,
       52.77,       -1.99,
       53.17,       -2.01,
       53.57,       -2.01,
       53.97,       -1.99,
       54.41,       -2.02,
       54.77,       -2.07,
       55.17,       -2.08,
       55.57,       -2.10,
       55.93,       -2.10,
       56.33,       -2.08,
       56.73,       -2.08,
       57.13,       -2.09,
       57.56,       -2.09,
       57.96,       -2.07,
       58.40,       -2.06,
       58.84,       -2.06,
       59.24,       -2.05,
       59.68,       -2.03,
       60.08,       -2.03,
       60.48,       -2.03,
       60.84,       -2.03,
       61.28,       -2.02,
       61.68,       -2.04,
       62.12,       -2.05,
       62.51,       -2.06,
       62.95,       -2.03,
       63.35,       -2.03,
       63.71,       -2.02,
       64.15,       -2.03,
       64.55,       -2.03,
       64.95,       -2.08,
       65.39,       -2.00,
       65.79,       -2.00,
       66.27,       -1.97,
       66.71,       -1.96,
       67.11,       -1.97,
       67.54,       -1.98,
       67.94,       -1.95,
       68.34,       -1.94,
       68.74,       -1.92,
       69.18,       -1.90,
       69.62,       -1.90,
       70.02,       -1.90,
       70.46,       -1.86,
       70.90,       -1.85,
       71.30,       -1.83,
       71.70,       -1.83,
       72.10,       -1.82,
       72.53,       -1.81,
       72.93,       -1.78,
       73.33,       -1.76,
       73.81,       -1.73,
       74.25,       -1.72,
       74.69,       -1.70,
       75.13,       -1.64,
       75.57,       -1.60,
       76.01,       -1.56,
       76.41,       -1.46,
       76.81,       -1.38,
       77.25,       -1.32,
       77.68,       -1.29,
       78.12,       -1.25,
       78.56,       -1.20,
       78.96,       -1.17,
       79.40,       -1.16,
       79.80,       -1.11,
       80.20,       -1.09,
       80.64,       -1.07,
       81.04,       -1.06,
       81.52,       -1.05,
       81.96,       -1.07,
       82.39,       -1.04,
       82.87,       -0.99,
       83.31,       -0.97,
       83.75,       -0.97,
       84.19,       -0.95,
       84.59,       -0.94,
       85.03,       -0.94,
       85.47,       -0.91,
       85.87,       -0.90,
       86.35,       -0.88,
       86.75,       -0.85,
       87.19,       -0.85,
       87.58,       -0.85,
       88.02,       -0.84,
       88.46,       -0.85,
       88.90,       -0.83,
       89.30,       -0.84,
       89.78,       -0.86,
       90.26,       -0.87,
       90.70,       -0.88,
       91.18,       -0.85,
       91.62,       -0.83,
       92.06,       -0.82,
       92.45,       -0.79,
       92.85,       -0.76,
       93.29,       -0.76,
       93.77,       -0.75,
       94.21,       -0.72,
       94.65,       -0.68,
       95.09,       -0.67,
       95.49,       -0.64,
       95.93,       -0.61,
       96.37,       -0.60,
       96.81,       -0.58,
       97.25,       -0.55,
       97.72,       -0.03,
       98.16,       -0.48,
       98.64,       -0.45,
       99.08,       -0.42,
       99.52,       -0.41,
      100.00,       -0.39,
      100.40,       -0.35,
      100.84,       -0.32,
      101.28,       -0.29,
      101.76,       -0.31,
      102.20,       -0.29,
      102.63,       -0.27,
      103.07,       -0.22,
      103.51,       -0.20,
      103.95,       -0.17,
      104.39,       -0.15,
      104.83,       -0.15,
      105.27,       -0.15,
      105.71,       -0.11,
      106.19,       -0.05,
      106.67,       -0.04,
      107.15,       -0.02,
      107.58,       -0.01,
      108.06,        0.03,
      108.50,        0.05,
      108.94,        0.07,
      109.38,        0.07,
      109.86,        0.11,
      110.30,        0.15,
      110.74,        0.20,
      111.22,        0.19,
      111.62,        0.22,
      112.10,        0.26,
      112.49,        0.29,
      112.93,        0.32,
      113.41,        0.34,
      113.89,        0.36,
      114.37,        0.37,
      114.85,        0.39,
      115.33,        0.42,
      115.77,        0.43,
      116.21,        0.43,
      116.65,        0.42,
      117.13,        0.42,
      117.56,        0.46,
      118.04,        0.46,
      118.52,        0.47,
      118.96,        0.50,
      119.36,        0.50,
      119.84,        0.50,
      120.28,        0.50,
      120.72,        0.48,
      121.16,        0.47,
      121.64,        0.45,
      122.16,        0.42,
      122.63,        0.40,
      123.11,        0.34,
      123.59,        0.28,
      124.03,        0.14,
      124.47,       -0.09,
      124.95,       -0.40,
      125.39,       -0.71,
      125.87,       -1.02,
      126.31,       -1.33,
      126.79,       -1.64,
      127.23,       -1.95,
      127.66,       -2.22,
      128.14,       -2.34,
      128.58,       -2.40,
      129.02,       -2.35,
      129.58,       -2.37,
      130.06,       -2.37,
      130.54,       -2.34,
      131.02,       -2.36,
      131.50,       -2.34,
      131.98,       -2.31,
      132.41,       -2.31,
      132.85,       -2.32,
      133.29,       -2.35,
      133.77,       -2.35,
      134.25,       -2.32,
      134.69,       -2.31,
      135.17,       -2.26,
      135.61,       -2.26,
      136.05,       -2.28,
      136.53,       -2.25,
      136.97,       -2.25,
      137.44,       -2.25,
      137.96,       -2.19,
      138.44,       -2.12,
      138.96,       -2.07,
      139.44,       -2.03,
      139.92,       -1.97,
      140.36,       -1.90,
      140.80,       -1.83,
      141.24,       -1.81,
      141.72,       -1.80,
      142.20,       -1.80,
      142.67,       -1.78,
      143.11,       -1.77,
      143.59,       -1.75,
      144.03,       -1.73,
      144.47,       -1.67,
      144.95,       -1.62,
      145.43,       -1.58,
      145.91,       -1.56,
      146.39,       -1.55,
      146.95,       -1.53,
      147.38,       -1.50,
      147.86,       -1.47,
      148.34,       -1.46,
      148.78,       -1.45,
      149.22,       -1.42,
      149.70,       -1.40,
      150.22,       -1.38,
      150.70,       -1.38,
      151.14,       -1.34,
      151.58,       -1.33,
      152.06,       -1.29,
      152.49,       -1.24,
      152.97,       -1.20,
      153.45,       -1.17,
      153.93,       -1.16,
      154.41,       -1.17,
      154.89,       -1.17,
      155.37,       -1.16,
      155.85,       -1.15,
      156.33,       -1.11,
      156.77,       -1.10,
      157.25,       -1.05,
      157.72,       -1.05,
      158.20,       -1.01,
      158.68,       -0.98,
      159.12,       -0.93,
      159.60,       -0.90,
      160.04,       -0.85,
      160.52,       -0.85,
      160.96,       -0.85,
      161.44,       -0.84,
      161.92,       -0.81,
      162.39,       -0.78,
      162.91,       -0.76,
      163.39,       -0.75,
      163.87,       -0.75,
      164.35,       -0.69,
      164.79,       -0.68,
      165.27,       -0.68,
      165.75,       -0.66,
      166.23,       -0.66,
      166.71,       -0.63,
      167.19,       -0.63,
      167.62,       -0.60,
      168.06,       -0.59,
      168.50,       -0.59,
      168.98,       -0.55,
      169.46,       -0.55,
      169.98,       -0.50,
      170.46,       -0.46,
      170.94,       -0.44,
      171.46,       -0.44,
      171.94,       -0.46,
      172.37,       -0.45,
      172.85,       -0.44,
      173.33,       -0.42,
      173.81,       -0.36,
      174.29,       -0.36,
      174.77,       -0.25,
      175.21,       -0.32,
      175.65,       -0.35,
      176.13,       -0.29,
      176.57,       -0.30,
      177.05,       -0.33,
      177.56,       -0.33,
      178.04,       -0.33,
      178.52,       -0.30,
      179.04,       -0.30,
      179.52,       -0.30,
      180.00,       -0.31,
      180.48,       -0.28,
      180.92,       -0.27,
      181.40,       -0.25,
      181.92,       -0.23,
      182.36,       -0.20,
      182.83,       -0.20,
      183.27,       -0.18,
      183.75,       -0.16,
      184.19,       -0.13,
      184.67,       -0.11,
      185.15,       -0.12,
      185.63,       -0.11,
      186.15,       -0.11,
      186.63,       -0.11,
      187.15,       -0.11,
      187.62,       -0.12,
      188.10,       -0.12,
      188.54,       -0.11,
      189.02,       -0.12,
      189.46,       -0.07,
      189.94,       -0.03,
      190.46,       -0.04,
      190.90,       -0.07,
      191.38,       -0.05,
      191.82,       -0.07,
      192.30,       -0.07,
      192.77,       -0.07,
      193.25,       -0.07,
      193.73,       -0.07,
      194.25,       -0.07,
      194.73,       -0.06,
      195.25,       -0.07,
      195.73,       -0.07,
      196.17,       -0.07,
      196.61,       -0.07,
      197.09,       -0.10,
      197.56,       -0.10,
      198.08,       -0.11,
      198.56,       -0.11,
      199.00,       -0.11,
      199.48,       -0.11,
      199.92,       -0.12,
      200.40,       -0.14,
      200.88,       -0.15,
      201.36,       -0.15,
      201.88,       -0.18,
      202.36,       -0.18,
      202.87,       -0.19,
      203.35,       -0.14,
      203.79,       -0.12,
      204.27,       -0.12,
      204.75,       -0.11,
      205.23,       -0.05,
      205.71,       -0.02,
      206.19,       -0.02,
      206.67,       -0.05,
      207.11,       -0.07,
      207.58,       -0.02,
      208.06,        0.00,
      208.54,       -0.02,
      208.98,        0.01,
      209.50,        0.03,
      209.98,        0.04,
      210.50,        0.01,
      210.98,        0.00,
      211.46,       -0.01,
      211.94,        0.00,
      212.41,        0.00,
      212.85,        0.00,
      213.33,        0.00,
      213.85,        0.00,
      214.33,        0.00,
      214.81,        0.01,
      215.25,        0.00,
      215.73,       -0.02,
      216.21,       -0.01,
      216.65,       -0.02,
      217.13,       -0.02,
      217.64,       -0.05,
      218.12,       -0.02,
      218.60,        0.00,
      219.12,        0.00,
      219.60,       -0.01,
      220.08,       -0.02,
      220.52,       -0.02,
      221.00,       -0.03,
      221.48,       -0.02,
      222.00,       -0.04,
      222.47,       -0.05,
      222.95,       -0.07,
      223.39,       -0.05,
      223.87,        0.02,
      224.35,        0.05,
      224.83,        0.08,
      225.27,        0.09,
      225.79,        0.11,
      226.27,        0.11,
      226.79,        0.12,
      227.31,        0.12,
      227.78,        0.13,
      228.26,        0.12,
      228.70,        0.14,
      229.18,        0.17,
      229.66,        0.17,
      230.18,        0.15,
      230.66,        0.16,
      231.14,        0.20,
      231.58,        0.20,
      232.06,        0.20,
      232.49,        0.19,
      232.97,        0.20,
      233.49,        0.19,
      233.97,        0.22,
      234.49,        0.25,
      234.97,        0.26,
      235.49,        0.25,
      235.97,        0.24,
      236.45,        0.24,
      236.89,        0.25,
      237.40,        0.22,
      237.88,        0.20,
      238.36,        0.24,
      238.84,        0.24,
      239.32,        0.24,
      239.76,        0.26,
      240.24,        0.24,
      240.68,        0.27,
      241.20,        0.27,
      241.68,        0.27,
      242.20,        0.27,
      242.71,        0.24,
      243.19,        0.22,
      243.71,        0.15,
      244.19,        0.14,
      244.63,        0.15,
      245.11,        0.15,
      245.59,        0.17,
      246.11,        0.14,
      246.59,        0.13,
      247.03,        0.09,
      247.50,        0.07,
      247.98,        0.11,
      248.46,        0.15,
      248.94,        0.15,
      249.42,        0.14,
      249.94,        0.15,
      250.42,        0.15,
      250.94,        0.16,
      251.46,        0.16,
      251.94,        0.18,
      252.38,        0.19,
      252.85,        0.20,
      253.33,        0.21,
      253.85,        0.20,
      254.29,        0.23,
      254.77,        0.24,
      255.25,        0.24,
      255.73,        0.22,
      256.21,        0.24,
      256.69,        0.25,
      257.17,        0.27,
      257.68,        0.27,
      258.20,        0.28,
      258.68,        0.29,
      259.20,        0.37,
      259.68,        0.42,
      260.16,        0.43,
      260.64,        0.44,
      261.08,        0.42,
      261.56,        0.42,
      262.08,        0.42,
      262.55,        0.42,
      263.03,        0.42,
      263.47,        0.42,
      263.95,        0.42,
      264.43,        0.42,
      264.91,        0.44,
      265.43,        0.46,
      265.95,        0.46,
      266.43,        0.49,
      266.95,        0.53,
      267.42,        0.52,
      267.90,        0.54,
      268.38,        0.57,
      268.82,        0.59,
      269.34,        0.60,
      269.82,        0.63,
      270.30,        0.66,
      270.78,        0.70,
      271.26,        0.71,
      271.70,        0.72,
      272.18,        0.70,
      272.65,        0.72,
      273.17,        0.76,
      273.65,        0.76,
      274.17,        0.76,
      274.69,        0.80,
      275.17,        0.78,
      275.69,        0.81,
      276.13,        0.84,
      276.61,        0.82,
      277.09,        0.82,
      277.56,        0.81,
      278.08,        0.83,
      278.56,        0.83,
      279.04,        0.84,
      279.48,        0.85,
      279.96,        0.87,
      280.44,        0.86,
      280.92,        0.86,
      281.44,        0.85,
      281.96,        0.85,
      282.43,        0.85,
      282.91,        0.85,
      283.43,        0.84,
      283.91,        0.81,
      284.39,        0.80,
      284.87,        0.80,
      285.35,        0.81,
      285.83,        0.79,
      286.35,        0.76,
      286.83,        0.70,
      287.31,        0.64,
      287.78,        0.59,
      288.22,        0.54,
      288.70,        0.44,
      289.22,        0.38,
      289.74,        0.40,
      290.22,        0.42,
      290.74,        0.42,
      291.22,        0.42,
      291.74,        0.42,
      292.22,        0.42,
      292.65,        0.42,
      293.13,        0.43,
      293.61,        0.45,
      294.13,        0.45,
      294.61,        0.47,
      295.09,        0.48,
      295.57,        0.49,
      296.05,        0.50,
      296.53,        0.55,
      297.01,        0.59,
      297.48,        0.64,
      298.00,        0.67,
      298.52,        0.68,
      299.00,        0.69,
      299.52,        0.72,
      300.00,        0.74,
      300.48,        0.74,
      300.96,        0.75,
      301.44,        0.76,
      301.96,        0.83,
      302.43,        0.85,
      302.91,        0.89,
      303.39,        0.86,
      303.87,        0.89,
      304.35,        0.92,
      304.79,        0.93,
      305.31,        0.93,
      305.79,        0.94,
      306.31,        0.93,
      306.87,        0.96,
      307.39,        1.00,
      307.86,        1.03,
      308.34,        1.07,
      308.78,        1.09,
      309.30,        1.12,
      309.78,        1.13,
      310.26,        1.14,
      310.78,        1.16,
      311.26,        1.20,
      311.74,        1.21,
      312.18,        1.24,
      312.61,        1.21,
      313.13,        1.22,
      313.65,        1.22,
      314.17,        1.25,
      314.65,        1.26,
      315.17,        1.25,
      315.69,        1.29,
      316.17,        1.30,
      316.65,        1.27,
      317.13,        1.26,
      317.60,        1.25,
      318.12,        1.25,
      318.60,        1.26,
      319.08,        1.25,
      319.56,        1.25,
      320.00,        1.29,
      320.48,        1.27,
      320.96,        1.29,
      321.48,        1.30,
      322.00,        1.30,
      322.47,        1.29,
      322.99,        1.25,
      323.51,        1.22,
      324.03,        1.16,
      324.51,        1.12,
      324.99,        1.07,
      325.47,        1.06,
      325.95,        0.96,
      326.47,        0.90,
      326.95,        0.82,
      327.43,        0.58,
      327.86,        0.33,
      328.34,        0.09,
      328.82,       -0.14,
      329.34,       -0.20,
      329.82,       -0.20,
      330.34,       -0.20,
      330.86,       -0.21,
      331.38,       -0.15,
      331.90,       -0.12,
      332.38,       -0.14,
      332.85,       -0.15,
      333.33,       -0.17,
      333.81,       -0.15,
      334.29,       -0.21,
      334.77,       -0.24,
      335.25,       -0.25,
      335.73,       -0.24,
      336.21,       -0.25,
      336.69,       -0.28,
      337.17,       -0.28,
      337.68,       -0.30,
      338.20,       -0.33,
      338.72,       -0.31,
      339.20,       -0.30,
      339.72,       -0.30,
      340.24,       -0.28,
      340.72,       -0.27,
      341.20,       -0.29,
      341.64,       -0.28,
      342.16,       -0.28,
      342.63,       -0.28,
      343.11,       -0.28,
      343.63,       -0.33,
      344.07,       -0.33,
      344.55,       -0.34,
      345.03,       -0.31,
      345.55,       -0.28,
      346.07,       -0.29,
      346.55,       -0.28,
      347.07,       -0.22,
      347.58,       -0.24,
      348.10,       -0.22,
      348.58,       -0.21,
      349.06,       -0.21,
      349.54,       -0.18,
      350.06,       -0.12,
      350.54,       -0.10,
      351.02,       -0.03,
      351.50,       -0.02,
      351.98,        0.01,
      352.45,        0.03,
      352.93,        0.02,
      353.45,        0.02,
      353.93,        0.01,
      354.45,        0.01,
      354.97,       -0.02,
      355.45,       -0.03,
      355.97,       -0.01,
      356.45,       -0.01,
      356.93,        0.05,
      357.45,        0.04,
      357.92,        0.07,
      358.40,        0.07,
      358.88,        0.06,
      359.36,        0.06,
      359.84,        0.05,
      360.32,        0.08,
      360.80,        0.10,
      361.32,        0.10,
      361.80,        0.07,
      362.32,        0.08,
      362.83,        0.07,
      363.31,        0.09,
      363.83,        0.07,
      364.31,        0.07,
      364.79,        0.07,
      365.31,        0.09,
      365.79,        0.14,
      366.27,        0.15,
      366.75,        0.20,
      367.23,        0.23,
      367.70,        0.22,
      368.18,        0.18,
      368.66,        0.19,
      369.18,        0.20,
      369.66,        0.18,
      370.18,        0.20,
      370.70,        0.20,
      371.18,        0.20,
      371.66,        0.20,
      372.18,        0.24,
      372.65,        0.27,
      373.13,        0.27,
      373.61,        0.29,
      374.13,        0.29,
      374.61,        0.31,
      375.09,        0.32,
      375.57,        0.35,
      376.05,        0.35,
      376.49,        0.35,
      377.01,        0.33,
      377.52,        0.35,
      378.00,        0.36,
      378.48,        0.37,
      379.00,        0.39,
      379.52,        0.41,
      380.00,        0.42,
      380.48,        0.44,
      380.96,        0.44,
      381.44,        0.48,
      381.96,        0.47,
      382.44,        0.48,
      382.95,        0.50,
      383.43,        0.54,
      383.87,        0.57,
      384.35,        0.59,
      384.83,        0.63,
      385.35,        0.65,
      385.83,        0.64,
      386.35,        0.64,
      386.87,        0.68,
      387.35,        0.73,
      387.86,        0.74,
      388.34,        0.76,
      388.82,        0.82,
      389.30,        0.83,
      389.78,        0.84,
      390.30,        0.85,
      390.78,        0.87,
      391.26,        0.94,
      391.74,        0.95,
      392.18,        0.97,
      392.65,        0.98,
      393.13,        1.01,
      393.65,        1.04,
      394.17,        1.04,
      394.69,        1.07,
      395.21,        1.11,
      395.69,        1.12,
      396.17,        1.13,
      396.65,        1.15,
      397.13,        1.15,
      397.60,        1.16,
      398.12,        1.15,
      398.60,        1.15,
      399.08,        1.16,
      399.56,        1.12,
      400.00,        1.12,
      400.48,        1.12,
      400.96,        1.12,
      401.48,        1.12,
      402.00,        1.13,
      402.51,        1.14,
      402.99,        1.16,
      403.51,        1.19,
      403.99,        1.21,
      404.47,        1.22,
      404.95,        1.25,
      405.43,        1.25,
      405.91,        1.26,
      406.43,        1.29,
      406.91,        1.29,
      407.35,        1.32,
      407.82,        1.29,
      408.26,        1.24,
      408.78,        1.07,
      409.30,        0.74,
      409.82,        0.39,
      410.30,        0.02,
      410.82,       -0.24,
      411.34,       -0.28,
      411.82,       -0.30,
      412.30,       -0.26,
      412.77,       -0.28,
      413.25,       -0.30,
      413.77,       -0.33,
      414.25,       -0.32,
      414.73,       -0.28,
      415.21,       -0.27,
      415.65,       -0.26,
      416.13,       -0.22,
      416.61,       -0.15,
      417.13,       -0.07,
      417.64,       -0.01,
      418.12,        0.02,
      418.64,        0.06,
      419.16,        0.09,
      419.68,        0.11,
      420.16,        0.13,
      420.68,        0.19,
      421.16,        0.21,
      421.64,        0.20,
      422.12,        0.23,
      422.59,        0.31,
      423.07,        0.34,
      423.59,        0.35,
      424.03,        0.35,
      424.51,        0.37,
      425.03,        0.37,
      425.51,        0.37,
      426.03,        0.37,
      426.55,        0.36,
      427.07,        0.37,
      427.54,        0.37,
      428.06,        0.41,
      428.54,        0.44,
      429.06,        0.45,
      429.50,        0.42,
      429.98,        0.46,
      430.50,        0.50,
      430.98,        0.54,
      431.46,        0.55,
      431.94,        0.57,
      432.42,        0.62,
      432.89,        0.59,
      433.45,        0.66,
      433.93,        0.66,
      434.45,        0.65,
      434.97,        0.68,
      435.49,        0.68,
      435.97,        0.70,
      436.49,        0.69,
      436.93,        0.68,
      437.41,        0.71,
      437.92,        0.70,
      438.40,        0.72,
      438.88,        0.76,
      439.36,        0.76,
      439.84,        0.72,
      440.32,        0.83,
      440.80,        0.76,
      441.32,        0.78,
      441.84,        0.76,
      442.32,        0.80,
      442.83,        0.85,
      443.35,        0.85,
      443.83,        0.91,
      444.31,        0.90,
      444.79,        0.90,
      445.27,        0.92,
      445.75,        0.90,
      446.23,        0.91,
      446.75,        0.95,
      447.23,        0.93,
      447.66,        0.99,
      448.14,        1.01,
      448.62,        1.05,
      449.14,        1.08,
      449.66,        1.10,
      450.18,        1.21,
      450.66,        1.25,
      451.18,        1.25,
      451.66,        1.25,
      452.14,        1.22,
      452.61,        1.27,
      453.09,        1.30,
      453.57,        1.34,
      454.09,        1.40,
      454.57,        1.41,
      455.05,        1.44,
      455.53,        1.47,
      455.97,        1.46,
      456.45,        1.54,
      456.97,        1.55,
      457.49,        1.61,
      458.00,        1.65,
      458.48,        1.63,
      459.00,        1.70,
      459.48,        1.70,
      459.96,        1.73,
      460.44,        1.80,
      460.92,        1.76,
      461.40,        1.86,
      461.92,        1.88,
      462.40,        1.90,
      462.87,        1.97,
      463.35,        1.85,
      463.83,        1.92,
      464.27,        1.86,
      464.79,        1.83,
      465.31,        1.84,
      465.83,        1.74,
      466.31,        1.81,
      466.79,        1.78,
      467.31,        1.73,
      467.78,        1.73,
      468.26,        1.58,
      468.74,        1.64,
      469.22,        1.56,
      469.74,        1.47,
      470.22,        1.52,
      470.74,        1.32,
      471.18,        1.33,
      471.66,        1.12,
      472.14,        0.90,
      472.61,        0.82,
      473.13,        0.45,
      473.61,        0.27,
      474.13,        0.02,
      474.65,       -0.28,
      475.13,       -0.37,
      475.65,       -0.77,
      476.13,       -1.13,
      476.57,       -1.42,
      477.09,       -1.77,
      477.56,       -1.95,
      478.08,       -2.08,
      478.56,       -2.12,
      479.04,       -2.15,
      479.52,       -2.14,
      479.96,       -2.12,
      480.44,       -2.05,
      480.96,       -1.96,
      481.48,       -1.88,
      481.96,       -1.78,
      482.48,       -1.64,
      482.99,       -1.59,
      483.51,       -1.44,
      483.95,       -1.35,
      484.43,       -1.27,
      484.91,       -1.07,
      485.43,       -0.91,
      485.91,       -0.76,
      486.43,       -0.65,
      486.91,       -0.61,
      487.35,       -0.41,
      487.82,       -0.30,
      488.26,       -0.15,
      488.78,       -0.05,
      489.30,       -0.01,
      489.82,        0.03,
      490.34,        0.09,
      490.82,        0.11,
      491.34,        0.18,
      491.82,        0.19,
      492.30,        0.23,
      492.77,        0.23,
      493.25,        0.25,
      493.77,        0.15,
      494.25,        0.26,
      494.73,        0.29,
      495.21,        0.19,
      495.65,        0.24,
      496.13,        0.24,
      496.61,        0.20,
      497.13,        0.28,
      497.64,        0.20,
      498.16,        0.22,
      498.68,        0.24,
      499.16,        0.20,
      499.68,        0.30,
      500.16,        0.31,
      500.60,        0.28,
      501.12,        0.36,
      501.60,        0.28,
      502.12,        0.35,
      502.55,        0.32,
      503.03,        0.24,
      503.51,        0.34,
      503.99,        0.36,
      504.47,        0.42,
      504.99,        0.46,
      505.51,        0.35,
      505.99,        0.44,
      506.55,        0.46,
      507.07,        0.47,
      507.54,        0.56,
      508.06,        0.54,
      508.54,        0.62,
      509.02,        0.63,
      509.50,        0.59,
      509.98,        0.67,
      510.46,        0.64,
      510.98,        0.71,
      511.42,        0.75,
      511.90,        0.63,
      512.38,        0.80,
      512.89,        0.80,
      513.37,        0.81,
      513.89,        0.83,
      514.41,        0.80,
      514.93,        0.89,
      515.45,        0.90,
      515.93,        0.93,
      516.41,        0.96,
      516.89,        0.95,
      517.37,        0.98,
      517.88,        0.96,
      518.36,        0.95,
      518.84,        0.98,
      519.32,        0.95,
      519.80,        0.98,
      520.28,        1.00,
      520.76,        1.01,
      521.28,        1.05,
      521.80,        1.03,
      522.28,        1.05,
      522.79,        1.11,
      523.31,        1.13,
      523.79,        1.17,
      524.27,        1.17,
      524.75,        1.16,
      525.23,        1.21,
      525.71,        1.25,
      526.19,        1.25,
      526.63,        1.24,
      527.11,        1.29,
      527.58,        1.29,
      528.06,        1.33,
      528.54,        1.36,
      529.06,        1.38,
      529.58,        1.42,
      530.10,        1.45,
      530.62,        1.48,
      531.10,        1.54,
      531.62,        1.54,
      532.10,        1.54,
      532.57,        1.56,
      533.05,        1.56,
      533.57,        1.56,
      534.05,        1.59,
      534.57,        1.58,
      535.05,        1.64,
      535.53,        1.70,
      536.01,        1.69,
      536.49,        1.69,
      536.97,        1.68,
      537.49,        1.70,
      538.00,        1.73,
      538.48,        1.73,
      539.00,        1.70,
      539.48,        1.73,
      540.00,        1.69,
      540.48,        1.71,
      541.00,        1.69,
      541.48,        1.67,
      541.96,        1.65,
      542.48,        1.51,
      542.95,        1.49,
      543.43,        1.35,
      543.91,        1.16,
      544.35,        1.11,
      544.87,        0.92,
      545.39,        0.83,
      545.87,        0.76,
      546.39,        0.71,
      546.87,        0.68,
      547.39,        0.68,
      547.90,        0.64,
      548.38,        0.61,
      548.86,        0.57,
      549.38,        0.56,
      549.86,        0.50,
      550.34,        0.45,
      550.82,        0.48,
      551.30,        0.50,
      551.78,        0.49,
      552.26,        0.49,
      552.73,        0.46,
      553.25,        0.46,
      553.77,        0.45,
      554.25,        0.42,
      554.77,        0.41,
      555.29,        0.41,
      555.77,        0.37,
      556.29,        0.41,
      556.77,        0.42,
      557.25,        0.43,
      557.72,        0.37,
      558.20,        0.37,
      558.72,        0.37,
      559.20,        0.37,
      559.68,        0.37,
      560.12,        0.37,
      560.64,        0.37,
      561.12,        0.37,
      561.60,        0.37,
      562.12,        0.38,
      562.63,        0.41,
      563.15,        0.44,
      563.63,        0.44,
      564.11,        0.50,
      564.59,        0.51,
      565.07,        0.51,
      565.55,        0.45,
      566.07,        0.49,
      566.55,        0.47,
      567.03,        0.48,
      567.51,        0.53,
      567.98,        0.56,
      568.46,        0.56,
      568.94,        0.58,
      569.46,        0.60,
      569.94,        0.60,
      570.46,        0.63,
      570.98,        0.68,
      571.46,        0.60,
      571.94,        0.64,
      572.38,        0.67,
      572.89,        0.68,
      573.37,        0.65,
      573.85,        0.63,
      574.37,        0.66,
      574.81,        0.65,
      575.29,        0.71,
      575.77,        0.73,
      576.21,        0.74,
      576.73,        0.72,
      577.25,        0.69,
      577.72,        0.70,
      578.28,        0.76,
      578.76,        0.76,
      579.28,        0.76,
      579.72,        0.80,
      580.20,        0.79,
      580.68,        0.76,
      581.16,        0.76,
      581.68,        0.76,
      582.16,        0.76,
      582.67,        0.76,
      583.11,        0.76,
      583.59,        0.76,
      584.03,        0.75,
      584.55,        0.75,
      585.07,        0.76,
      585.59,        0.81,
      586.11,        0.79,
      586.59,        0.76,
      587.11,        0.76,
      587.58,        0.76,
      588.02,        0.75,
      588.50,        0.74,
      588.98,        0.75,
      589.50,        0.76,
      589.98,        0.77,
      590.46,        0.76,
      590.94,        0.75,
      591.42,        0.73,
      591.86,        0.70,
      592.34,        0.57,
      592.85,        0.40,
      593.37,        0.17,
      593.89,        0.09,
      594.41,        0.07,
      594.89,        0.05,
      595.41,        0.06,
      595.85,        0.05,
      596.33,        0.05,
      596.81,        0.06,
      597.33,        0.07,
      597.80,        0.07,
      598.28,        0.00,
      598.76,        0.00,
      599.20,       -0.01,
      599.68,       -0.01,
      600.16,        0.01,
      600.68,       -0.01,
      601.20,        0.01,
      601.68,        0.02,
      602.20,       -0.00,
      602.71,        0.01,
      603.23,        0.00,
      603.71,        0.05,
      604.15,        0.06,
      604.63,        0.02,
      605.11,        0.05,
      605.63,        0.09,
      606.11,        0.07,
      606.59,        0.07,
      607.07,        0.07,
      607.55,        0.11,
      608.02,        0.16,
      608.50,        0.22,
      609.02,        0.28,
      609.54,        0.31,
      610.06,        0.34,
      610.54,        0.36,
      611.06,        0.37,
      611.54,        0.43,
      612.02,        0.46,
      612.46,        0.46,
      612.93,        0.47,
      613.45,        0.48,
      613.93,        0.55,
      614.41,        0.56,
      614.89,        0.63,
      615.37,        0.65,
      615.85,        0.64,
      616.33,        0.68,
      616.85,        0.68,
      617.33,        0.68,
      617.84,        0.68,
      618.36,        0.73,
      618.88,        0.77,
      619.36,        0.77,
      619.80,        0.81,
      620.28,        0.85,
      620.76,        0.85,
      621.24,        0.89,
      621.76,        0.91,
      622.24,        0.97,
      622.71,        1.01,
      623.19,        0.99,
      623.67,        1.06,
      624.15,        1.09,
      624.63,        1.16,
      625.15,        1.22,
      625.67,        1.23,
      626.19,        1.28,
      626.71,        1.29,
      627.19,        1.33,
      627.66,        1.40,
      628.14,        1.42,
      628.58,        1.49,
      629.10,        1.46,
      629.58,        1.51,
      630.06,        1.53,
      630.58,        1.51,
      631.06,        1.60,
      631.54,        1.60,
      631.98,        1.64,
      632.46,        1.65,
      632.97,        1.67,
      633.49,        1.74,
      634.01,        1.72,
      634.49,        1.77,
      635.01,        1.68,
      635.53,        1.52,
      636.01,        1.29,
      636.49,        0.94,
      636.93,        0.55,
      637.45,        0.11,
      637.96,       -0.39,
      638.44,       -0.86,
      638.92,       -1.28,
      639.36,       -1.51,
      639.84,       -1.53,
      640.32,       -1.55,
      640.84,       -1.53,
      641.36,       -1.52,
      641.84,       -1.48,
      642.36,       -1.46,
      642.87,       -1.55,
      643.35,       -1.55,
      643.87,       -1.61,
      644.31,       -1.63,
      644.79,       -1.58,
      645.31,       -1.56,
      645.79,       -1.52,
      646.27,       -1.47,
      646.79,       -1.48,
      647.23,       -1.43,
      647.70,       -1.50,
      648.18,       -1.64,
      648.70,       -1.54,
      649.18,       -1.54,
      649.66,       -1.61,
      650.18,       -1.65,
      650.70,       -1.66,
      651.22,       -1.65,
      651.70,       -1.63,
      652.18,       -1.61,
      652.65,       -1.53,
      653.13,       -1.52,
      653.65,       -1.60,
      654.13,       -1.60,
      654.65,       -1.70,
      655.13,       -1.68,
      655.57,       -1.61,
      656.05,       -1.63,
      656.53,       -1.54,
      657.05,       -1.46,
      657.57,       -1.54,
      658.04,       -1.55,
      658.56,       -1.51,
      659.08,       -1.46,
      659.60,       -1.37,
      660.08,       -1.38,
      660.56,       -1.34,
      661.04,       -1.29,
      661.52,       -1.35,
      662.04,       -1.38,
      662.52,       -1.36,
      662.99,       -1.40,
      663.47,       -1.34,
      663.91,       -1.39,
      664.39,       -1.41,
      664.91,       -1.32,
      665.43,       -1.35,
      665.95,       -1.38,
      666.43,       -1.34,
      666.95,       -1.37,
      667.47,       -1.34,
      667.94,       -1.37,
      668.42,       -1.43,
      668.90,       -1.36,
      669.42,       -1.38,
      669.90,       -1.42,
      670.38,       -1.39,
      670.86,       -1.41,
      671.34,       -1.44,
      671.82,       -1.50,
      672.30,       -1.47,
      672.81,       -1.52,
      673.29,       -1.55,
      673.81,       -1.62,
      674.33,       -1.75,
      674.85,       -1.82,
      675.33,       -2.00,
      675.85,       -2.22,
      676.33,       -2.41,
      676.81,       -2.66,
      677.29,       -2.75,
      677.80,       -2.78,
      678.28,       -2.75,
      678.72,       -2.75,
      679.20,       -2.77,
      679.68,       -2.69,
      680.16,       -2.69,
      680.68,       -2.69,
      681.16,       -2.61,
      681.68,       -2.60,
      682.20,       -2.60,
      682.71,       -2.53,
      683.19,       -2.51,
      683.71,       -2.45,
      684.19,       -2.45,
      684.71,       -2.47,
      685.19,       -2.47,
      685.67,       -2.48,
      686.15,       -2.49,
      686.63,       -2.44,
      687.11,       -2.42,
      687.59,       -2.38,
      688.06,       -2.34,
      688.54,       -2.33,
      689.06,       -2.34,
      689.54,       -2.28,
      690.06,       -2.31,
      690.58,       -2.32,
      691.10,       -2.29,
      691.62,       -2.33,
      692.10,       -2.31,
      692.58,       -2.31,
      693.05,       -2.29,
      693.53,       -2.25,
      694.01,       -2.30,
      694.53,       -2.32,
      695.01,       -2.26,
      695.49,       -2.26,
      695.97,       -2.25,
      696.45,       -2.22,
      696.93,       -2.21,
      697.45,       -2.16,
      697.96,       -2.12,
      698.48,       -2.09,
      699.00,       -2.09,
      699.52,       -2.07,
      700.00,       -2.04,
      700.48,       -2.00,
      700.96,       -1.94,
      701.44,       -1.96,
      701.96,       -1.92,
      702.44,       -1.90,
      702.91,       -1.92,
      703.39,       -1.90,
      703.87,       -1.93,
      704.35,       -1.86,
      704.87,       -1.82,
      705.35,       -1.82,
      705.87,       -1.83,
      706.39,       -1.81,
      706.91,       -1.85,
      707.43,       -1.89,
      707.86,       -1.92,
      708.38,       -1.96,
      708.82,       -1.96,
      709.34,       -1.98,
      709.82,       -1.94,
      710.30,       -1.88,
      710.78,       -1.84,
      711.26,       -1.82,
      711.74,       -1.81,
      712.18,       -1.79,
      712.69,       -1.75,
      713.21,       -1.76,
      713.73,       -1.76,
      714.25,       -1.73,
      714.73,       -1.73,
      715.25,       -1.68,
      715.73,       -1.66,
      716.21,       -1.70,
      716.69,       -1.65,
      717.21,       -1.66,
      717.68,       -1.69,
      718.16,       -1.64,
      718.64,       -1.65,
      719.12,       -1.65,
      719.60,       -1.64,
      720.08,       -1.64,
      720.56,       -1.63,
      721.08,       -1.64,
      721.60,       -1.68,
      722.12,       -1.65,
      722.60,       -1.71,
      723.11,       -1.75,
      723.59,       -1.73,
      724.07,       -1.78,
      724.55,       -1.81,
      725.03,       -1.86,
      725.55,       -1.92,
      726.03,       -1.94,
      726.51,       -2.02,
      726.99,       -2.05,
      727.47,       -2.08,
      727.90,       -2.15,
      728.42,       -2.23,
      728.94,       -2.38,
      729.46,       -2.58,
      729.94,       -2.78,
      730.42,       -3.06,
      730.94,       -3.40,
      731.46,       -3.62,
      731.90,       -3.79,
      732.38,       -3.95,
      732.85,       -3.98,
      733.37,       -3.99,
      733.85,       -3.99,
      734.33,       -3.99,
      734.81,       -4.00,
      735.29,       -3.95,
      735.77,       -3.89,
      736.25,       -3.89,
      736.77,       -3.91,
      737.25,       -3.94,
      737.76,       -3.96,
      738.28,       -3.95,
      738.76,       -3.91,
      739.28,       -3.87,
      739.72,       -3.82,
      740.20,       -3.78,
      740.68,       -3.78,
      741.20,       -3.74,
      741.68,       -3.71,
      742.16,       -3.69,
      742.64,       -3.63,
      743.11,       -3.62,
      743.59,       -3.60,
      744.07,       -3.56,
      744.55,       -3.55,
      745.07,       -3.52,
      745.59,       -3.52,
      746.07,       -3.52,
      746.59,       -3.52,
      747.07,       -3.49,
      747.55,       -3.47,
      748.02,       -3.45,
      748.50,       -3.41,
      749.02,       -3.41,
      749.50,       -3.36,
      749.98,       -3.34,
      750.46,       -3.32,
      750.94,       -3.30,
      751.42,       -3.26,
      751.86,       -3.22,
      752.38,       -3.19,
      752.85,       -3.17,
      753.37,       -3.10,
      753.89,       -3.07,
      754.41,       -3.04,
      754.89,       -2.99,
      755.37,       -2.98,
      755.85,       -2.97,
      756.33,       -2.98,
      756.85,       -2.99,
      757.33,       -2.97,
      757.80,       -2.99,
      758.32,       -2.97,
      758.76,       -2.93,
      759.24,       -2.87,
      759.68,       -2.86,
      760.20,       -2.82,
      760.72,       -2.82,
      761.24,       -2.81,
      761.72,       -2.78,
      762.24,       -2.75,
      762.75,       -2.73,
      763.23,       -2.69,
      763.71,       -2.69,
      764.19,       -2.66,
      764.67,       -2.62,
      765.19,       -2.60,
      765.67,       -2.60,
      766.15,       -2.59,
      766.59,       -2.57,
      767.07,       -2.57,
      767.55,       -2.51,
      768.02,       -2.43,
      768.54,       -2.43,
      769.06,       -2.41,
      769.54,       -2.40,
      770.06,       -2.37,
      770.58,       -2.37,
      771.06,       -2.35,
      771.54,       -2.38,
      772.02,       -2.38,
      772.54,       -2.37,
      773.01,       -2.34,
      773.49,       -2.28,
      773.97,       -2.24,
      774.45,       -2.21,
      774.89,       -2.17,
      775.37,       -2.14,
      775.85,       -2.15,
      776.37,       -2.14,
      776.89,       -2.11,
      777.41,       -2.09,
      777.88,       -2.08,
      778.40,       -2.07,
      778.92,       -2.03,
      779.40,       -1.99,
      779.84,       -1.98,
      780.36,       -1.94,
      780.84,       -1.94,
      781.32,       -1.94,
      781.80,       -1.93,
      782.28,       -1.90,
      782.75,       -1.90,
      783.23,       -1.88,
      783.67,       -1.88,
      784.19,       -1.81,
      784.71,       -1.75,
      785.23,       -1.68,
      785.71,       -1.68,
      786.23,       -1.64,
      786.75,       -1.68,
      787.23,       -1.66,
      787.70,       -1.68,
      788.18,       -1.63,
      788.62,       -1.59,
      789.14,       -1.56,
      789.62,       -1.53,
      790.14,       -1.51,
      790.62,       -1.51,
      791.06,       -1.48,
      791.54,       -1.50,
      792.02,       -1.50,
      792.54,       -1.46,
      793.05,       -1.45,
      793.57,       -1.42,
      794.09,       -1.42,
      794.57,       -1.40,
      795.09,       -1.39,
      795.53,       -1.37,
      796.01,       -1.38,
      796.49,       -1.36,
      797.01,       -1.35,
      797.49,       -1.34,
      797.96,       -1.35,
      798.44,       -1.34,
      798.92,       -1.34,
      799.40,       -1.34,
      799.88,       -1.42,
      800.40,       -1.46,
      800.88,       -1.56,
      801.40,       -1.66,
      801.92,       -1.68,
      802.44,       -1.68,
      802.91,       -1.69,
      803.39,       -1.73,
      803.87,       -1.73,
      804.35,       -1.69,
      804.83,       -1.67,
      805.31,       -1.66,
      805.83,       -1.64,
      806.31,       -1.60,
      806.79,       -1.64,
      807.27,       -1.64,
      807.70,       -1.66,
      808.22,       -1.65,
      808.74,       -1.65,
      809.26,       -1.64,
      809.78,       -1.64,
      810.26,       -1.64,
      810.74,       -1.58,
      811.22,       -1.64,
      811.70,       -1.64,
      812.18,       -1.67,
      812.66,       -1.66,
      813.13,       -1.65,
      813.65,       -1.64,
      814.13,       -1.66,
      814.61,       -1.64,
      815.09,       -1.61,
      815.53,       -1.58,
      816.05,       -1.59,
      816.53,       -1.59,
      817.05,       -1.60,
      817.53,       -1.61,
      818.04,       -1.63,
      818.56,       -1.60,
      819.04,       -1.57,
      819.52,       -1.53,
      819.96,       -1.46,
      820.44,       -1.40,
      820.92,       -1.38,
      821.44,       -1.36,
      821.92,       -1.32,
      822.40,       -1.27,
      822.87,       -1.22,
      823.35,       -1.18,
      823.83,       -1.13,
      824.31,       -1.07,
      824.79,       -1.10,
      825.31,       -1.05,
      825.83,       -1.03,
      826.35,       -1.03,
      826.83,       -0.98,
      827.31,       -0.96,
      827.74,       -0.90,
      828.22,       -0.85,
      828.70,       -0.85,
      829.22,       -0.81,
      829.70,       -0.82,
      830.18,       -0.83,
      830.66,       -0.84,
      831.14,       -0.81,
      831.62,       -0.79,
      832.10,       -0.78,
      832.58,       -0.75,
      833.09,       -0.74,
      833.61,       -0.73,
      834.13,       -0.73,
      834.61,       -0.70,
      835.09,       -0.69,
      835.53,       -0.67,
      836.01,       -0.65,
      836.49,       -0.67,
      837.01,       -0.65,
      837.49,       -0.66,
      837.96,       -0.63,
      838.44,       -0.62,
      838.92,       -0.63,
      839.36,       -0.63,
      839.84,       -0.63,
      840.36,       -0.63,
      840.88,       -0.65,
      841.36,       -0.78,
      841.88,       -0.95,
      842.40,       -1.16,
      842.87,       -1.42,
      843.31,       -1.66,
      843.79,       -1.77,
      844.27,       -1.79,
      844.75,       -1.81,
      845.27,       -1.81,
      845.75,       -1.80,
      846.23,       -1.78,
      846.67,       -1.79,
      847.15,       -1.87,
      847.63,       -1.88,
      848.14,       -1.88,
      848.66,       -1.95,
      849.14,       -1.95,
      849.66,       -1.99,
      850.18,       -2.03,
      850.66,       -2.03,
      851.14,       -2.08,
      851.62,       -2.10,
      852.06,       -2.14,
      852.58,       -2.22,
      853.05,       -2.29,
      853.57,       -2.37,
      854.01,       -2.56,
      854.49,       -2.60,
      854.97,       -2.79,
      855.45,       -3.01,
      855.93,       -3.15,
      856.45,       -3.34,
      856.97,       -3.50,
      857.45,       -3.55,
      857.96,       -3.70,
      858.48,       -3.93,
      858.96,       -4.01,
      859.40,       -4.27,
      859.88,       -4.52,
      860.36,       -4.61,
      860.88,       -4.92,
      861.32,       -5.22,
      861.84,       -5.40,
      862.28,       -5.62,
      862.75,       -5.74,
      863.23,       -5.70,
      863.71,       -5.76,
      864.23,       -5.82,
      864.75,       -5.77,
      865.23,       -5.75,
      865.75,       -5.83,
      866.27,       -5.83,
      866.75,       -5.79,
      867.23,       -5.79,
      867.71,       -5.76,
      868.18,       -5.81,
      868.62,       -5.86,
      869.18,       -5.93,
      869.62,       -5.97,
      870.10,       -6.01,
      870.58,       -6.00,
      871.06,       -5.97,
      871.54,       -6.05,
      872.02,       -6.07,
      872.54,       -6.08,
      873.05,       -6.14,
      873.57,       -6.22,
      874.05,       -6.21,
      874.57,       -6.19,
      875.05,       -6.23,
      875.53,       -6.24,
      875.97,       -6.25,
      876.45,       -6.25,
      876.97,       -6.24,
      877.45,       -6.23,
      877.96,       -6.24,
      878.40,       -6.27,
      878.88,       -6.27,
      879.36,       -6.35,
      879.84,       -6.41,
      880.36,       -6.41,
      880.88,       -6.47,
      881.40,       -6.48,
      881.88,       -6.53,
      882.40,       -6.55,
      882.87,       -6.57,
      883.31,       -6.56,
      883.79,       -6.53,
      884.27,       -6.51,
      884.79,       -6.51,
      885.27,       -6.49,
      885.79,       -6.47,
      886.23,       -6.53,
      886.71,       -6.54,
      887.19,       -6.61,
      887.67,       -6.63,
      888.18,       -6.67,
      888.70,       -6.73,
      889.18,       -6.75,
      889.74,       -6.73,
      890.22,       -6.71,
      890.70,       -6.67,
      891.18,       -6.70,
      891.66,       -6.71,
      892.10,       -6.71,
      892.62,       -6.68,
      893.09,       -6.74,
      893.61,       -6.75,
      894.09,       -6.75,
      894.61,       -6.73,
      895.05,       -6.67,
      895.53,       -6.66,
      896.01,       -6.63,
      896.53,       -6.62,
      897.05,       -6.62,
      897.57,       -6.58,
      898.04,       -6.57,
      898.56,       -6.53,
      899.04,       -6.49,
      899.52,       -6.44,
      900.00,       -6.42,
      900.48,       -6.39,
      901.00,       -6.35,
      901.48,       -6.36,
      901.96,       -6.40,
      902.44,       -6.42,
      902.91,       -6.42,
      903.35,       -6.40,
      903.87,       -6.30,
      904.39,       -6.27,
      904.87,       -6.26,
      905.39,       -6.27,
      905.91,       -6.23,
      906.43,       -6.18,
      906.91,       -6.12,
      907.39,       -6.04,
      907.82,       -5.97,
      908.34,       -5.96,
      908.82,       -5.93,
      909.34,       -5.92,
      909.82,       -5.90,
      910.30,       -5.89,
      910.78,       -5.85,
      911.22,       -5.83,
      911.70,       -5.81,
      912.22,       -5.73,
      912.70,       -5.69,
      913.21,       -5.69,
      913.73,       -5.68,
      914.25,       -5.69,
      914.77,       -5.69,
      915.25,       -5.67,
      915.69,       -5.62,
      916.17,       -5.57,
      916.65,       -5.50,
      917.17,       -5.41,
      917.65,       -5.36,
      918.12,       -5.37,
      918.60,       -5.33,
      919.08,       -5.27,
      919.52,       -5.26,
      920.04,       -5.19,
      920.52,       -5.13,
      921.04,       -5.08,
      921.56,       -5.02,
      922.08,       -5.00,
      922.56,       -5.00,
      923.03,       -4.94,
      923.51,       -4.87,
      923.95,       -4.86,
      924.43,       -4.80,
      924.95,       -4.77,
      925.43,       -4.74,
      925.91,       -4.70,
      926.43,       -4.66,
      926.87,       -4.66,
      927.35,       -4.68,
      927.82,       -4.66,
      928.34,       -4.65,
      928.86,       -4.61,
      929.34,       -4.56,
      929.86,       -4.50,
      930.38,       -4.49,
      930.86,       -4.47,
      931.30,       -4.44,
      931.78,       -4.41,
      932.26,       -4.37,
      932.77,       -4.30,
      933.25,       -4.22,
      933.73,       -4.18,
      934.17,       -4.17,
      934.65,       -4.11,
      935.13,       -4.03,
      935.61,       -3.97,
      936.13,       -3.90,
      936.65,       -3.82,
      937.17,       -3.74,
      937.65,       -3.64,
      938.16,       -3.58,
      938.64,       -3.52,
      939.12,       -3.41,
      939.60,       -3.36,
      940.08,       -3.32,
      940.60,       -3.21,
      941.08,       -3.17,
      941.56,       -3.12,
      942.04,       -3.08,
      942.48,       -3.00,
      942.95,       -2.95,
      943.43,       -2.87,
      943.95,       -2.78,
      944.47,       -2.71,
      944.99,       -2.64,
      945.47,       -2.64,
      945.99,       -2.60,
      946.51,       -2.51,
      946.99,       -2.51,
      947.43,       -2.43,
      947.94,       -2.35,
      948.42,       -2.34,
      948.90,       -2.29,
      949.38,       -2.23,
      949.86,       -2.20,
      950.34,       -2.16,
      950.82,       -2.12,
      951.30,       -2.15,
      951.78,       -2.14,
      952.30,       -2.12,
      952.81,       -2.10,
      953.33,       -2.08,
      953.85,       -2.06,
      954.33,       -2.04,
      954.85,       -2.04,
      955.29,       -2.06,
      955.77,       -2.04,
      956.25,       -2.03,
      956.77,       -2.03,
      957.25,       -2.03,
      957.76,       -2.01,
      958.20,       -2.01,
      958.68,       -2.05,
      959.16,       -2.09,
      959.64,       -2.22,
      960.16,       -2.31,
      960.68,       -2.32,
      961.20,       -2.28,
      961.72,       -2.24,
      962.20,       -2.18,
      962.72,       -2.14,
      963.19,       -2.13,
      963.63,       -2.11,
      964.11,       -2.07,
      964.63,       -2.05,
      965.11,       -2.00,
      965.63,       -1.94,
      966.11,       -1.90,
      966.59,       -1.86,
      967.03,       -1.84,
      967.51,       -1.83,
      968.02,       -1.76,
      968.54,       -1.74,
      969.06,       -1.73,
      969.58,       -1.66,
      970.10,       -1.64,
      970.58,       -1.64,
      971.06,       -1.65,
      971.58,       -1.72,
      972.06,       -1.77,
      972.54,       -1.86,
      973.01,       -2.05,
      973.53,       -2.34,
      974.01,       -2.71,
      974.49,       -3.09,
      974.97,       -3.47,
      975.45,       -3.82,
      975.97,       -4.18,
      976.45,       -4.56,
      976.97,       -4.93,
      977.49,       -5.31,
      978.00,       -5.65,
      978.48,       -5.97,
      979.00,       -6.35,
      979.48,       -6.75,
      980.00,       -7.13,
      980.48,       -7.48,
      981.00,       -7.77,
      981.48,       -7.99,
      981.96,       -8.02,
      982.44,       -8.03,
      982.91,       -8.35,
      983.39,       -8.02,
      983.91,       -7.97,
      984.39,       -7.96,
      984.91,       -7.93,
      985.43,       -7.89,
      985.91,       -7.82,
      986.43,       -7.78,
      986.95,       -7.76,
      987.43,       -7.76,
      987.90,       -7.82,
      988.42,       -7.74,
      988.90,       -7.71,
      989.38,       -7.69,
      989.90,       -7.67,
      990.38,       -7.61,
      990.86,       -7.59,
      991.34,       -7.53,
      991.82,       -7.45,
      992.34,       -7.42,
      992.81,       -7.38,
      993.33,       -7.31,
      993.81,       -7.29,
      994.33,       -7.22,
      994.85,       -7.15,
      995.37,       -7.07,
      995.85,       -7.01,
      996.37,       -6.97,
      996.85,       -6.89,
      997.33,       -6.83,
      997.80,       -6.75,
      998.32,       -6.70,
      998.80,       -6.62,
      999.28,       -6.53,
      999.76,       -6.49,
     1000.24,       -6.40,
     1000.72,       -6.34,
     1001.24,       -6.24,
     1001.76,       -6.16,
     1002.28,       -6.06,
     1002.79,       -5.99,
     1003.27,       -5.89,
     1003.75,       -5.80,
     1004.27,       -5.72,
     1004.75,       -5.65,
     1005.23,       -5.60,
     1005.71,       -5.51,
     1006.23,       -5.49,
     1006.71,       -5.46,
     1007.19,       -5.40,
     1007.63,       -5.33,
     1008.14,       -5.22,
     1008.62,       -5.11,
     1009.14,       -5.03,
     1009.66,       -4.98,
     1010.18,       -4.92,
     1010.70,       -4.87,
     1011.18,       -4.79,
     1011.66,       -4.74,
     1012.18,       -4.68,
     1012.66,       -4.62,
     1013.13,       -4.54,
     1013.65,       -4.46,
     1014.13,       -4.39,
     1014.61,       -4.39,
     1015.05,       -4.28,
     1015.53,       -4.20,
     1016.05,       -4.17,
     1016.53,       -4.13,
     1017.05,       -4.09,
     1017.57,       -4.07,
     1018.08,       -4.01,
     1018.60,       -3.98,
     1019.08,       -3.94,
     1019.60,       -3.90,
     1020.08,       -3.88,
     1020.56,       -3.82,
     1021.04,       -3.78,
     1021.56,       -3.74,
     1022.04,       -3.70,
     1022.52,       -3.69,
     1022.99,       -3.69,
     1023.47,       -3.64,
     1023.95,       -3.42,
     1024.47,       -3.52,
     1024.99,       -3.46,
     1025.47,       -3.48,
     1025.99,       -3.47,
     1026.51,       -3.41,
     1027.03,       -3.41,
     1027.51,       -3.41,
     1028.02,       -3.40,
     1028.50,       -3.42,
     1028.98,       -3.43,
     1029.50,       -3.42,
     1029.94,       -3.44,
     1030.42,       -3.43,
     1030.90,       -3.45,
     1031.38,       -3.45,
     1031.90,       -3.45,
     1032.38,       -3.44,
     1032.89,       -3.44,
     1033.41,       -3.43,
     1033.93,       -3.35,
     1034.45,       -3.30,
     1034.93,       -3.26,
     1035.45,       -3.21,
     1035.93,       -3.21,
     1036.41,       -3.20,
     1036.89,       -3.17,
     1037.37,       -3.17,
     1037.84,       -3.16,
     1038.32,       -3.14,
     1038.80,       -3.11,
     1039.32,       -3.08,
     1039.80,       -3.04,
     1040.28,       -3.00,
     1040.80,       -3.00,
     1041.32,       -3.03,
     1041.84,       -3.03,
     1042.32,       -2.94,
     1042.83,       -2.98,
     1043.35,       -2.97,
     1043.83,       -2.94,
     1044.31,       -2.94,
     1044.79,       -2.91,
     1045.27,       -2.91,
     1045.79,       -2.91,
     1046.27,       -2.88,
     1046.75,       -2.84,
     1047.23,       -2.84,
     1047.71,       -2.82,
     1048.18,       -2.78,
     1048.70,       -2.75,
     1049.22,       -2.75,
     1049.74,       -2.76,
     1050.26,       -2.76,
     1050.74,       -2.71,
     1051.26,       -2.68,
     1051.74,       -2.64,
     1052.22,       -2.61,
     1052.70,       -2.61,
     1053.21,       -2.60,
     1053.69,       -2.62,
     1054.17,       -2.65,
     1054.65,       -2.66,
     1055.13,       -2.66,
     1055.61,       -2.69,
     1056.13,       -2.69,
     1056.61,       -2.74,
     1057.13,       -2.79,
     1057.65,       -2.82,
     1058.16,       -2.87,
     1058.68,       -2.91,
     1059.16,       -2.96,
     1059.64,       -3.01,
     1060.12,       -3.04,
     1060.64,       -3.08,
     1061.12,       -3.13,
     1061.60,       -3.16,
     1062.08,       -3.18,
     1062.60,       -3.17,
     1063.07,       -3.17,
     1063.55,       -3.17,
     1064.03,       -3.17,
     1064.55,       -3.17,
     1065.07,       -3.17,
     1065.55,       -3.18,
     1066.07,       -3.12,
     1066.59,       -3.08,
     1067.07,       -3.08,
     1067.59,       -3.06,
     1068.06,       -3.01,
     1068.54,       -2.99,
     1069.02,       -2.95,
     1069.54,       -2.90,
     1070.02,       -2.88,
     1070.50,       -2.83,
     1070.98,       -2.78,
     1071.46,       -2.77,
     1071.98,       -2.70,
     1072.50,       -2.67,
     1072.97,       -2.64,
     1073.49,       -2.60,
     1074.01,       -2.56,
     1074.49,       -2.53,
     1075.01,       -2.50,
     1075.49,       -2.45,
     1075.97,       -2.44,
     1076.49,       -2.39,
     1076.97,       -2.35,
     1077.45,       -2.30,
     1077.92,       -2.23,
     1078.44,       -2.18,
     1078.92,       -2.12,
     1079.40,       -2.06,
     1079.88,       -2.01,
     1080.40,       -2.01,
     1080.92,       -1.99,
     1081.44,       -1.92,
     1081.92,       -1.90,
     1082.44,       -1.88,
     1082.91,       -1.85,
     1083.39,       -1.81,
     1083.87,       -1.80,
     1084.35,       -1.78,
     1084.87,       -1.73,
     1085.39,       -1.69,
     1085.87,       -1.66,
     1086.35,       -1.63,
     1086.83,       -1.63,
     1087.31,       -1.60,
     1087.82,       -1.55,
     1088.30,       -1.54,
     1088.82,       -1.48,
     1089.30,       -1.45,
     1089.82,       -1.42,
     1090.34,       -1.37,
     1090.86,       -1.35,
     1091.34,       -1.32,
     1091.82,       -1.26,
     1092.34,       -1.25,
     1092.81,       -1.23,
     1093.29,       -1.20,
     1093.77,       -1.16,
     1094.29,       -1.11,
     1094.77,       -1.07,
     1095.25,       -1.05,
     1095.73,       -1.00,
     1096.25,       -0.99,
     1096.73,       -0.93,
     1097.25,       -0.86,
     1097.73,       -0.85,
     1098.24,       -0.85,
     1098.76,       -0.83,
     1099.24,       -0.81,
     1099.76,       -0.79,
     1100.20,       -0.80,
     1100.72,       -0.74,
     1101.20,       -0.68,
     1101.72,       -0.68,
     1102.20,       -0.68,
     1102.68,       -0.63,
     1103.15,       -0.63,
     1103.63,       -0.64,
     1104.11,       -0.66,
     1104.63,       -0.67,
     1105.11,       -0.66,
     1105.63,       -0.65,
     1106.15,       -0.64,
     1106.67,       -0.66,
     1107.15,       -0.63,
     1107.67,       -0.63,
     1108.14,       -0.63,
     1108.62,       -0.65,
     1109.10,       -0.67,
     1109.62,       -0.73,
     1110.10,       -0.77,
     1110.58,       -0.76,
     1111.02,       -0.81,
     1111.50,       -0.85,
     1112.02,       -0.88,
     1112.54,       -0.87,
     1113.01,       -0.88,
     1113.53,       -0.87,
     1114.05,       -0.81,
     1114.57,       -0.76,
     1115.05,       -0.76,
     1115.57,       -0.73,
     1116.05,       -0.68,
     1116.53,       -0.70,
     1117.01,       -0.71,
     1117.53,       -0.67,
     1118.00,       -0.64,
     1118.44,       -0.59,
     1118.92,       -0.56,
     1119.40,       -0.51,
     1119.92,       -0.47,
     1120.40,       -0.47,
     1120.92,       -0.42,
     1121.44,       -0.42,
     1121.96,       -0.39,
     1122.48,       -0.32,
     1122.95,       -0.24,
     1123.43,       -0.22,
     1123.95,       -0.15,
     1124.43,       -0.15,
     1124.91,       -0.15,
     1125.43,       -0.11,
     1125.87,       -0.06,
     1126.35,       -0.07,
     1126.83,        0.01,
     1127.31,        0.10,
     1127.83,        0.15,
     1128.30,        0.12,
     1128.82,        0.11,
     1129.34,        0.16,
     1129.86,        0.20,
     1130.38,        0.24,
     1130.86,        0.27,
     1131.34,        0.32,
     1131.86,        0.35,
     1132.34,        0.38,
     1132.82,        0.42,
     1133.29,        0.44,
     1133.77,        0.49,
     1134.25,        0.52,
     1134.73,        0.52,
     1135.17,        0.50,
     1135.69,        0.41,
     1136.21,        0.37,
     1136.73,        0.14,
     1137.21,       -0.04,
     1137.73,       -0.32,
     1138.24,       -0.68,
     1138.72,       -0.91,
     1139.24,       -1.18,
     1139.68,       -1.42,
     1140.20,       -1.67,
     1140.68,       -1.95,
     1141.16,       -2.21,
     1141.64,       -2.43,
     1142.12,       -2.74,
     1142.60,       -3.06,
     1143.07,       -3.34,
     1143.55,       -3.64,
     1144.07,       -3.90,
     1144.55,       -4.16,
     1145.07,       -4.44,
     1145.59,       -4.73,
     1146.11,       -4.97,
     1146.63,       -5.10,
     1147.11,       -5.11,
     1147.59,       -5.18,
     1148.02,       -5.26,
     1148.54,       -5.25,
     1149.02,       -5.30,
     1149.50,       -5.31,
     1149.98,       -5.29,
     1150.46,       -5.37,
     1150.94,       -5.42,
     1151.42,       -5.46,
     1151.94,       -5.49,
     1152.42,       -5.48,
     1152.93,       -5.45,
     1153.45,       -5.53,
     1153.97,       -5.53,
     1154.49,       -5.56,
     1154.97,       -5.59,
     1155.41,       -5.60,
     1155.89,       -5.63,
     1156.41,       -5.66,
     1156.89,       -5.67,
     1157.37,       -5.68,
     1157.84,       -5.71,
     1158.32,       -5.64,
     1158.80,       -5.62,
     1159.28,       -5.57,
     1159.80,       -5.48,
     1160.28,       -5.40,
     1160.80,       -5.35,
     1161.32,       -5.25,
     1161.84,       -5.18,
     1162.32,       -5.15,
     1162.80,       -5.05,
     1163.27,       -5.00,
     1163.75,       -4.93,
     1164.23,       -4.83,
     1164.75,       -4.84,
     1165.23,       -4.79,
     1165.71,       -4.66,
     1166.19,       -4.67,
     1166.67,       -4.69,
     1167.15,       -4.64,
     1167.63,       -4.61,
     1168.14,       -4.51,
     1168.66,       -4.42,
     1169.18,       -4.48,
     1169.70,       -4.38,
     1170.18,       -4.35,
     1170.66,       -4.39,
     1171.14,       -4.23,
     1171.62,       -4.20,
     1172.10,       -4.25,
     1172.62,       -4.12,
     1173.09,       -4.17,
     1173.61,       -4.25,
     1174.09,       -4.13,
     1174.53,       -4.27,
     1175.01,       -4.30,
     1175.49,       -4.25,
     1176.01,       -4.43,
     1176.53,       -4.35,
     1177.05,       -4.30,
     1177.53,       -4.44,
     1178.04,       -4.31,
     1178.56,       -4.33,
     1179.04,       -4.45,
     1179.52,       -4.35,
     1180.00,       -4.44,
     1180.48,       -4.54,
     1181.00,       -4.48,
     1181.48,       -4.64,
     1181.96,       -4.65,
     1182.44,       -4.58,
     1182.91,       -4.72,
     1183.39,       -4.67,
     1183.91,       -4.68,
     1184.39,       -4.79,
     1184.91,       -4.73,
     1185.39,       -4.67,
     1185.91,       -4.77,
     1186.43,       -4.66,
     1186.91,       -4.66,
     1187.35,       -4.73,
     1187.83,       -4.61,
     1188.34,       -4.71,
     1188.86,       -4.75,
     1189.34,       -4.61,
     1189.82,       -4.65,
     1190.30,       -4.65,
     1190.74,       -4.56,
     1191.22,       -4.69,
     1191.74,       -4.57,
     1192.22,       -4.47,
     1192.74,       -4.61,
     1193.25,       -4.52,
     1193.73,       -4.48,
     1194.25,       -4.55,
     1194.73,       -4.38,
     1195.17,       -4.35,
     1195.69,       -4.37,
     1196.13,       -4.22,
     1196.65,       -4.26,
     1197.13,       -4.26,
     1197.57,       -4.09,
     1198.00,       -4.17,
     1198.44,       -4.15,
     1198.88,       -4.07,
     1199.32,       -4.13,
     1199.80,       -4.09,
     1200.28,       -4.00,
     1200.72,       -4.04,
     1201.20,       -3.96,
     1201.64,       -3.91,
     1202.08,       -3.92,
     1202.52,       -3.82,
     1202.91,       -3.82,
     1203.35,       -3.88,
     1203.75,       -3.76,
     1204.15,       -3.75,
     1204.55,       -3.81,
     1204.95,       -3.78,
     1205.31,       -3.92,
     1205.71,       -3.91,
     1206.07,       -3.83,
     1206.43,       -3.84,
     1206.79,       -3.84,
     1207.15,       -3.80,
     1207.55,       -3.89,
     1207.90,       -3.82,
     1208.30,       -3.79,
     1208.66,       -3.85,
     1209.06,       -3.74,
     1209.38,       -3.76,
     1209.74,       -3.74,
     1210.06,       -3.65,
     1210.38,       -3.66,
     1210.70,       -3.63,
     1211.02,       -3.54,
     1211.34,       -3.59,
     1211.66,       -3.54,
     1211.94,       -3.47,
     1212.26,       -3.54,
     1212.54,       -3.45,
     1212.85,       -3.44,
     1213.13,       -3.55,
     1213.41,       -3.43,
     1213.69,       -3.44,
     1213.93,       -3.43,
     1214.09,       -3.30,
     1214.29,       -3.38,
     1214.49,       -3.35,
     1214.61,       -3.28,
     1214.77,       -3.35,
     1214.89,       -3.30,
     1215.01,       -3.27,
     1215.09,       -3.35,
     1215.17,       -3.27,
     1215.21,       -3.29,
     1215.21,       -3.34,
     1215.25,       -3.26,
     1215.25,       -3.31,
     1215.25,       -3.33,
     1215.25,       -3.30,
     1215.25,       -3.36,
     1215.25,       -3.32,
     1215.29,       -3.32,
