       -0.00,       -0.95,
       -0.00,       -0.94,
        0.04,       -0.94,
        0.12,       -0.94,
        0.16,       -0.94,
        0.20,       -0.94,
        0.24,       -0.94,
        0.32,       -0.94,
        0.36,       -0.94,
        0.44,       -0.91,
        0.52,       -0.90,
        0.56,       -0.90,
        0.64,       -0.87,
        0.72,       -0.87,
        0.84,       -0.85,
        0.92,       -0.84,
        1.00,       -0.84,
        1.12,       -0.76,
        1.20,       -0.76,
        1.32,       -0.76,
        1.44,       -0.73,
        1.56,       -0.73,
        1.68,       -0.65,
        1.80,       -0.65,
        1.92,       -0.63,
        2.04,       -0.59,
        2.16,       -0.63,
        2.31,       -0.63,
        2.43,       -0.61,
        2.59,       -0.63,
        2.71,       -0.59,
        2.87,       -0.63,
        3.03,       -0.60,
        3.15,       -0.57,
        3.31,       -0.59,
        3.47,       -0.60,
        3.63,       -0.59,
        3.79,       -0.59,
        3.95,       -0.59,
        4.07,       -0.58,
        4.23,       -0.59,
        4.39,       -0.61,
        4.55,       -0.60,
        4.67,       -0.61,
        4.83,       -0.61,
        4.99,       -0.61,
        5.15,       -0.59,
        5.27,       -0.58,
        5.43,       -0.54,
        5.59,       -0.55,
        5.75,       -0.55,
        5.95,       -0.55,
        6.15,       -0.51,
        6.35,       -0.53,
        6.55,       -0.52,
        6.71,       -0.54,
        6.95,       -0.54,
        7.15,       -0.55,
        7.34,       -0.55,
        7.58,       -0.55,
        7.78,       -0.55,
        7.98,       -0.52,
        8.18,       -0.51,
        8.38,       -0.54,
        8.62,       -0.50,
        8.82,       -0.51,
        9.06,       -0.50,
        9.26,       -0.47,
        9.50,       -0.48,
        9.74,       -0.48,
        9.98,       -0.48,
       10.22,       -0.46,
       10.46,       -0.45,
       10.70,       -0.42,
       10.98,       -0.42,
       11.26,       -0.43,
       11.50,       -0.43,
       11.78,       -0.42,
       12.02,       -0.41,
       12.29,       -0.44,
       12.53,       -0.44,
       12.77,       -0.43,
       13.05,       -0.44,
       13.29,       -0.39,
       13.57,       -0.39,
       13.85,       -0.33,
       14.09,       -0.32,
       14.37,       -0.29,
       14.65,       -0.27,
       14.93,       -0.28,
       15.21,       -0.28,
       15.49,       -0.32,
       15.73,       -0.32,
       16.01,       -0.32,
       16.29,       -0.31,
       16.57,       -0.29,
       16.85,       -0.28,
       17.13,       -0.27,
       17.40,       -0.26,
       17.68,       -0.21,
       17.96,       -0.23,
       18.24,       -0.24,
       18.56,       -0.23,
       18.92,       -0.24,
       19.24,       -0.23,
       19.56,       -0.20,
       19.88,       -0.18,
       20.20,       -0.18,
       20.52,       -0.18,
       20.80,       -0.15,
       21.12,       -0.12,
       21.44,       -0.11,
       21.76,       -0.12,
       22.08,       -0.12,
       22.39,       -0.11,
       22.71,       -0.10,
       23.03,       -0.07,
       23.35,       -0.07,
       23.67,       -0.02,
       24.03,       -0.02,
       24.35,       -0.02,
       24.67,        0.01,
       24.99,        0.05,
       25.35,        0.07,
       25.67,        0.08,
       25.99,        0.11,
       26.35,        0.15,
       26.71,        0.14,
       27.07,        0.14,
       27.42,        0.13,
       27.78,        0.13,
       28.18,        0.12,
       28.54,        0.13,
       28.86,        0.13,
       29.22,        0.18,
       29.58,        0.21,
       29.94,        0.21,
       30.30,        0.21,
       30.66,        0.20,
       31.02,        0.22,
       31.38,        0.22,
       31.74,        0.25,
       32.10,        0.26,
       32.41,        0.25,
       32.77,        0.28,
       33.13,        0.28,
       33.49,        0.28,
       33.85,        0.26,
       34.21,        0.26,
       34.57,        0.25,
       34.93,        0.30,
       35.33,        0.32,
       35.69,        0.33,
       36.09,        0.33,
       36.45,        0.35,
       36.85,        0.33,
       37.21,        0.33,
       37.56,        0.32,
       37.92,        0.32,
       38.28,        0.32,
       38.68,        0.32,
       39.04,        0.32,
       39.44,        0.32,
       39.80,        0.32,
       40.20,        0.31,
       40.56,        0.32,
       40.92,        0.31,
       41.28,        0.33,
       41.64,        0.33,
       42.04,        0.34,
       42.39,        0.34,
       42.79,        0.32,
       43.19,        0.31,
       43.63,        0.31,
       44.03,        0.31,
       44.43,        0.32,
       44.83,        0.31,
       45.23,        0.27,
       45.59,        0.26,
       45.99,        0.24,
       46.39,        0.23,
       46.79,        0.22,
       47.19,        0.20,
       47.58,        0.16,
       47.98,        0.18,
       48.38,        0.13,
       48.78,        0.09,
       49.14,        0.02,
       49.54,       -0.01,
       49.94,       -0.07,
       50.34,       -0.14,
       50.74,       -0.30,
       51.18,       -0.45,
       51.62,       -0.55,
       52.06,       -0.67,
       52.45,       -0.76,
       52.85,       -0.78,
       53.25,       -0.81,
       53.65,       -0.82,
       54.05,       -0.79,
       54.45,       -0.79,
       54.89,       -0.67,
       55.29,       -0.76,
       55.69,       -0.76,
       56.09,       -0.76,
       56.53,       -0.76,
       56.93,       -0.79,
       57.32,       -0.79,
       57.72,       -0.78,
       58.12,       -0.78,
       58.52,       -0.77,
       58.96,       -0.78,
       59.40,       -0.80,
       59.84,       -0.80,
       60.28,       -0.81,
       60.68,       -0.80,
       61.08,       -0.81,
       61.52,       -0.81,
       61.96,       -0.81,
       62.39,       -0.83,
       62.79,       -0.81,
       63.23,       -0.81,
       63.67,       -0.79,
       64.07,       -0.81,
       64.51,       -0.84,
       64.91,       -0.86,
       65.31,       -0.87,
       65.71,       -0.90,
       66.15,       -0.90,
       66.55,       -0.90,
       67.03,       -0.91,
       67.42,       -0.92,
       67.90,       -0.93,
       68.34,       -0.94,
       68.78,       -0.95,
       69.22,       -0.94,
       69.62,       -0.95,
       70.06,       -0.96,
       70.50,       -0.95,
       70.94,       -0.96,
       71.38,       -1.01,
       71.82,       -1.02,
       72.22,       -1.05,
       72.65,       -1.05,
       73.09,       -1.09,
       73.49,       -1.11,
       73.93,       -1.11,
       74.37,       -1.15,
       74.81,       -1.16,
       75.25,       -1.20,
       75.73,       -1.23,
       76.17,       -1.25,
       76.61,       -1.29,
       77.05,       -1.34,
       77.48,       -1.37,
       77.92,       -1.39,
       78.36,       -1.49,
       78.80,       -1.53,
       79.24,       -1.62,
       79.68,       -1.78,
       80.12,       -1.93,
       80.56,       -2.15,
       81.00,       -2.34,
       81.40,       -2.39,
       81.84,       -2.42,
       82.28,       -2.43,
       82.75,       -2.46,
       83.19,       -2.45,
       83.67,       -2.43,
       84.15,       -2.43,
       84.59,       -2.43,
       85.03,       -2.42,
       85.47,       -2.41,
       85.91,       -2.38,
       86.35,       -2.38,
       86.79,       -2.36,
       87.27,       -2.33,
       87.70,       -2.30,
       88.14,       -2.29,
       88.58,       -2.29,
       89.02,       -2.28,
       89.46,       -2.29,
       89.90,       -2.29,
       90.34,       -2.29,
       90.82,       -2.29,
       91.30,       -2.27,
       91.78,       -2.24,
       92.22,       -2.24,
       92.65,       -2.22,
       93.13,       -2.19,
       93.57,       -2.17,
       94.01,       -2.16,
       94.45,       -2.12,
       94.93,       -2.12,
       95.37,       -2.08,
       95.85,       -2.06,
       96.29,       -2.06,
       96.73,       -2.06,
       97.17,       -2.07,
       97.60,       -2.06,
       98.08,       -2.06,
       98.52,       -2.06,
       98.96,       -2.07,
       99.44,       -2.04,
       99.96,       -2.03,
      100.44,       -2.03,
      100.92,       -2.03,
      101.36,       -2.05,
      101.80,       -2.08,
      102.24,       -2.08,
      102.71,       -2.10,
      103.19,       -2.09,
      103.63,       -2.08,
      104.11,       -2.08,
      104.55,       -2.06,
      104.99,       -2.07,
      105.43,       -2.08,
      105.91,       -2.08,
      106.35,       -2.06,
      106.83,       -2.07,
      107.31,       -2.09,
      107.78,       -2.08,
      108.26,       -2.09,
      108.74,       -2.09,
      109.22,       -2.08,
      109.66,       -2.08,
      110.10,       -2.05,
      110.58,       -2.03,
      111.06,       -2.03,
      111.54,       -2.01,
      111.98,       -1.98,
      112.41,       -1.99,
      112.89,       -1.99,
      113.33,       -2.01,
      113.81,       -2.03,
      114.25,       -2.03,
      114.73,       -2.02,
      115.21,       -2.03,
      115.69,       -2.02,
      116.21,       -2.03,
      116.69,       -2.03,
      117.17,       -2.03,
      117.60,       -2.03,
      118.08,       -2.03,
      118.52,       -2.03,
      119.00,       -2.02,
      119.48,       -1.99,
      119.96,       -1.94,
      120.40,       -1.90,
      120.84,       -1.90,
      121.32,       -1.89,
      121.80,       -1.87,
      122.24,       -1.87,
      122.71,       -1.86,
      123.19,       -1.83,
      123.71,       -1.82,
      124.19,       -1.81,
      124.67,       -1.77,
      125.15,       -1.74,
      125.59,       -1.73,
      126.07,       -1.70,
      126.51,       -1.66,
      126.99,       -1.64,
      127.46,       -1.64,
      127.90,       -1.60,
      128.38,       -1.55,
      128.82,       -1.51,
      129.30,       -1.45,
      129.78,       -1.38,
      130.22,       -1.32,
      130.70,       -1.26,
      131.18,       -1.22,
      131.70,       -1.16,
      132.22,       -1.13,
      132.69,       -1.11,
      133.17,       -1.03,
      133.61,       -0.98,
      134.09,       -0.92,
      134.57,       -0.84,
      135.05,       -0.76,
      135.53,       -0.69,
      136.01,       -0.65,
      136.49,       -0.61,
      136.93,       -0.53,
      137.40,       -0.46,
      137.88,       -0.37,
      138.36,       -0.30,
      138.84,       -0.27,
      139.36,       -0.23,
      139.84,       -0.21,
      140.36,       -0.18,
      140.84,       -0.11,
      141.32,       -0.07,
      141.76,       -0.03,
      142.24,        0.13,
      142.71,        0.04,
      143.19,        0.03,
      143.67,        0.02,
      144.15,        0.02,
      144.63,        0.00,
      145.07,        0.01,
      145.55,        0.01,
      146.03,       -0.02,
      146.51,       -0.02,
      147.03,       -0.02,
      147.50,       -0.02,
      147.98,       -0.04,
      148.50,       -0.02,
      148.98,        0.05,
      149.46,        0.07,
      149.94,        0.11,
      150.42,        0.12,
      150.90,        0.11,
      151.38,        0.08,
      151.86,        0.09,
      152.34,        0.10,
      152.81,        0.09,
      153.29,        0.10,
      153.77,        0.11,
      154.21,        0.15,
      154.73,        0.16,
      155.21,        0.20,
      155.69,        0.24,
      156.21,        0.27,
      156.69,        0.28,
      157.21,        0.28,
      157.64,        0.28,
      158.12,        0.27,
      158.60,        0.27,
      159.12,        0.29,
      159.60,        0.30,
      160.08,        0.37,
      160.56,        0.37,
      161.04,        0.41,
      161.52,        0.44,
      162.00,        0.46,
      162.43,        0.48,
      162.95,        0.50,
      163.47,        0.49,
      163.95,        0.52,
      164.47,        0.52,
      164.95,        0.55,
      165.43,        0.59,
      165.91,        0.59,
      166.39,        0.62,
      166.87,        0.63,
      167.38,        0.63,
      167.86,        0.62,
      168.34,        0.63,
      168.82,        0.72,
      169.26,        0.70,
      169.74,        0.71,
      170.22,        0.71,
      170.70,        0.70,
      171.22,        0.69,
      171.74,        0.70,
      172.26,        0.67,
      172.73,        0.68,
      173.21,        0.62,
      173.69,        0.61,
      174.17,        0.57,
      174.65,        0.64,
      175.17,        0.65,
      175.65,        0.65,
      176.17,        0.64,
      176.65,        0.62,
      177.09,        0.67,
      177.56,        0.61,
      178.04,        0.62,
      178.52,        0.61,
      179.04,        0.60,
      179.56,        0.59,
      180.08,        0.61,
      180.60,        0.64,
      181.08,        0.68,
      181.56,        0.79,
      182.04,        0.67,
      182.51,        0.63,
      182.99,        0.63,
      183.51,        0.64,
      183.99,        0.63,
      184.47,        0.61,
      184.95,        0.63,
      185.43,        0.63,
      185.91,        0.64,
      186.39,        0.63,
      186.91,        0.63,
      187.42,        0.62,
      187.90,        0.62,
      188.42,        0.22,
      188.94,        0.59,
      189.42,        0.59,
      189.90,        0.58,
      190.38,        0.60,
      190.86,        0.61,
      191.38,        0.62,
      191.86,        0.58,
      192.34,        0.58,
      192.81,        0.58,
      193.29,        0.59,
      193.77,        0.62,
      194.25,        0.65,
      194.77,        0.66,
      195.29,        0.67,
      195.77,        0.69,
      196.29,        0.73,
      196.81,        0.72,
      197.29,        0.68,
      197.76,        0.66,
      198.24,        0.65,
      198.72,        0.63,
      199.20,        0.64,
      199.72,        0.63,
      200.20,        0.64,
      200.68,        0.65,
      201.16,        0.67,
      201.64,        0.67,
      202.16,        0.66,
      202.63,        0.65,
      203.15,        0.65,
      203.63,        0.64,
      204.19,        0.65,
      204.67,        0.64,
      205.19,        0.63,
      205.63,        0.65,
      206.11,        0.69,
      206.59,        0.70,
      207.11,        0.69,
      207.58,        0.71,
      208.10,        0.72,
      208.58,        0.71,
      209.06,        0.70,
      209.54,        0.67,
      210.02,        0.68,
      210.54,        0.66,
      211.02,        0.66,
      211.54,        0.68,
      212.06,        0.68,
      212.57,        0.68,
      213.05,        0.68,
      213.53,        0.68,
      214.01,        0.68,
      214.49,        0.71,
      215.01,        0.71,
      215.53,        0.71,
      216.01,        0.71,
      216.49,        0.72,
      216.97,        0.75,
      217.44,        0.76,
      217.92,        0.76,
      218.44,        0.81,
      218.92,        0.81,
      219.48,        0.81,
      219.96,        0.85,
      220.48,        0.86,
      220.96,        0.90,
      221.44,        0.90,
      221.92,        0.90,
      222.39,        0.90,
      222.91,        0.89,
      223.43,        0.90,
      223.91,        0.90,
      224.39,        0.91,
      224.87,        0.93,
      225.35,        0.94,
      225.87,        0.98,
      226.35,        1.00,
      226.87,        1.01,
      227.38,        1.00,
      227.90,        1.04,
      228.38,        1.05,
      228.90,        1.05,
      229.38,        1.03,
      229.86,        1.03,
      230.34,        1.06,
      230.86,        1.09,
      231.38,        1.11,
      231.86,        1.14,
      232.34,        1.16,
      232.81,        1.20,
      233.33,        1.19,
      233.81,        1.20,
      234.29,        1.19,
      234.81,        1.20,
      235.33,        1.24,
      235.81,        1.25,
      236.33,        1.27,
      236.85,        1.29,
      237.37,        1.27,
      237.80,        1.28,
      238.28,        1.26,
      238.80,        1.28,
      239.32,        1.30,
      239.80,        1.31,
      240.32,        1.30,
      240.80,        1.29,
      241.28,        1.29,
      241.76,        1.32,
      242.24,        1.30,
      242.79,        1.31,
      243.27,        1.33,
      243.79,        1.35,
      244.31,        1.35,
      244.79,        1.38,
      245.31,        1.39,
      245.79,        1.38,
      246.27,        1.38,
      246.79,        1.39,
      247.31,        1.38,
      247.78,        1.40,
      248.30,        1.43,
      248.78,        1.45,
      249.26,        1.46,
      249.74,        1.46,
      250.22,        1.45,
      250.74,        1.46,
      251.26,        1.45,
      251.78,        1.44,
      252.30,        1.45,
      252.81,        1.39,
      253.29,        1.44,
      253.77,        1.43,
      254.25,        1.42,
      254.77,        1.41,
      255.25,        1.38,
      255.77,        1.35,
      256.29,        1.36,
      256.77,        1.39,
      257.25,        1.41,
      257.72,        1.36,
      258.20,        1.35,
      258.72,        1.37,
      259.24,        1.39,
      259.76,        1.38,
      260.28,        1.37,
      260.80,        1.35,
      261.28,        1.36,
      261.76,        1.33,
      262.24,        1.31,
      262.75,        1.34,
      263.27,        1.32,
      263.75,        1.32,
      264.27,        1.32,
      264.75,        1.31,
      265.23,        1.25,
      265.71,        1.14,
      266.19,        0.94,
      266.71,        0.69,
      267.23,        0.33,
      267.74,       -0.02,
      268.26,       -0.20,
      268.78,       -0.20,
      269.30,       -0.15,
      269.78,       -0.15,
      270.26,       -0.13,
      270.78,       -0.13,
      271.26,       -0.12,
      271.78,       -0.11,
      272.26,       -0.11,
      272.73,       -0.09,
      273.21,       -0.06,
      273.69,       -0.02,
      274.17,       -0.01,
      274.73,       -0.01,
      275.25,       -0.02,
      275.77,       -0.00,
      276.29,        0.02,
      276.81,        0.05,
      277.29,        0.07,
      277.76,        0.11,
      278.24,        0.17,
      278.76,        0.20,
      279.28,        0.26,
      279.80,        0.31,
      280.28,        0.28,
      280.72,        0.27,
      281.20,        0.29,
      281.72,        0.30,
      282.20,        0.30,
      282.71,        0.32,
      283.27,        0.32,
      283.79,        0.32,
      284.31,        0.32,
      284.83,        0.32,
      285.31,        0.30,
      285.79,        0.33,
      286.27,        0.41,
      286.79,        0.48,
      287.31,        0.50,
      287.82,        0.48,
      288.30,        0.46,
      288.78,        0.44,
      289.26,        0.42,
      289.74,        0.46,
      290.26,        0.49,
      290.78,        0.50,
      291.30,        0.46,
      291.82,        0.42,
      292.38,        0.42,
      292.85,        0.43,
      293.37,        0.42,
      293.85,        0.38,
      294.33,        0.37,
      294.85,        0.37,
      295.37,        0.36,
      295.85,        0.33,
      296.33,        0.32,
      296.85,        0.32,
      297.33,        0.31,
      297.80,        0.28,
      298.28,        0.27,
      298.80,        0.28,
      299.36,        0.27,
      299.88,        0.31,
      300.40,        0.33,
      300.92,        0.33,
      301.40,        0.32,
      301.88,        0.32,
      302.40,        0.34,
      302.91,        0.37,
      303.39,        0.37,
      303.87,        0.38,
      304.39,        0.42,
      304.87,        0.42,
      305.35,        0.43,
      305.83,        0.44,
      306.35,        0.48,
      306.87,        0.51,
      307.42,        0.55,
      307.94,        0.61,
      308.46,        0.68,
      308.98,        0.76,
      309.46,        0.83,
      309.94,        0.88,
      310.42,        0.94,
      310.94,        0.97,
      311.46,        1.00,
      311.98,        1.00,
      312.45,        0.99,
      312.93,        1.00,
      313.41,        1.04,
      313.93,        1.03,
      314.45,        1.03,
      314.97,        1.03,
      315.49,        1.03,
      316.01,        1.03,
      316.53,        1.03,
      317.05,        1.07,
      317.56,        1.12,
      318.00,        1.12,
      318.48,        1.09,
      319.00,        1.09,
      319.52,        1.11,
      320.04,        1.10,
      320.56,        1.10,
      321.04,        1.10,
      321.52,        1.10,
      322.00,        1.08,
      322.51,        1.11,
      323.03,        1.13,
      323.59,        1.15,
      324.11,        1.12,
      324.63,        1.13,
      325.15,        1.14,
      325.63,        1.16,
      326.11,        1.18,
      326.59,        1.20,
      327.11,        1.26,
      327.62,        1.31,
      328.14,        1.34,
      328.62,        1.35,
      329.14,        1.36,
      329.62,        1.37,
      330.10,        1.34,
      330.62,        1.34,
      331.14,        1.34,
      331.66,        1.34,
      332.22,        1.34,
      332.73,        1.36,
      333.21,        1.38,
      333.73,        1.34,
      334.21,        1.37,
      334.73,        1.38,
      335.21,        1.39,
      335.73,        1.38,
      336.25,        1.38,
      336.73,        1.37,
      337.25,        1.41,
      337.72,        1.41,
      338.20,        1.42,
      338.72,        1.42,
      339.24,        1.43,
      339.76,        1.43,
      340.28,        1.43,
      340.80,        1.44,
      341.32,        1.44,
      341.84,        1.47,
      342.32,        1.51,
      342.83,        1.49,
      343.31,        1.51,
      343.83,        1.50,
      344.35,        1.54,
      344.83,        1.57,
      345.35,        1.59,
      345.83,        1.58,
      346.31,        1.60,
      346.87,        1.64,
      347.39,        1.63,
      347.90,        1.66,
      348.38,        1.67,
      348.90,        1.66,
      349.46,        1.64,
      349.94,        1.64,
      350.46,        1.63,
      350.94,        1.65,
      351.46,        1.64,
      351.98,        1.66,
      352.45,        1.65,
      352.97,        1.69,
      353.45,        1.72,
      353.93,        1.77,
      354.45,        1.76,
      354.97,        1.78,
      355.49,        1.76,
      356.01,        1.74,
      356.53,        1.77,
      357.05,        1.77,
      357.56,        1.77,
      358.04,        1.76,
      358.56,        1.80,
      359.08,        1.84,
      359.56,        1.84,
      360.08,        1.86,
      360.56,        1.89,
      361.08,        1.89,
      361.56,        1.93,
      362.04,        1.93,
      362.55,        1.94,
      363.07,        1.94,
      363.59,        1.95,
      364.11,        1.97,
      364.63,        1.96,
      365.15,        1.94,
      365.67,        1.96,
      366.15,        1.98,
      366.67,        2.02,
      367.15,        2.03,
      367.66,        2.04,
      368.18,        2.06,
      368.66,        2.05,
      369.18,        2.08,
      369.66,        2.08,
      370.14,        2.12,
      370.66,        2.16,
      371.18,        2.17,
      371.70,        2.21,
      372.22,        2.26,
      372.73,        2.29,
      373.25,        2.33,
      373.77,        2.34,
      374.25,        2.37,
      374.73,        2.40,
      375.25,        2.44,
      375.77,        2.48,
      376.29,        2.51,
      376.77,        2.55,
      377.25,        2.58,
      377.72,        2.60,
      378.24,        2.63,
      378.72,        2.64,
      379.28,        2.65,
      379.80,        2.66,
      380.32,        2.69,
      380.84,        2.70,
      381.36,        2.74,
      381.84,        2.78,
      382.32,        2.78,
      382.83,        2.78,
      383.35,        2.81,
      383.87,        2.85,
      384.35,        2.87,
      384.83,        2.90,
      385.31,        2.91,
      385.83,        2.92,
      386.31,        2.95,
      386.83,        2.99,
      387.35,        2.99,
      387.86,        3.00,
      388.42,        3.00,
      388.90,        3.04,
      389.42,        3.03,
      389.90,        3.03,
      390.42,        3.04,
      390.90,        3.03,
      391.42,        3.05,
      391.94,        3.05,
      392.42,        3.05,
      392.89,        3.04,
      393.41,        3.05,
      393.85,        3.06,
      394.37,        3.05,
      394.89,        3.04,
      395.41,        3.02,
      395.97,        3.00,
      396.49,        2.87,
      396.97,        2.70,
      397.48,        2.51,
      397.96,        2.26,
      398.48,        1.86,
      398.96,        1.55,
      399.48,        1.24,
      400.00,        0.94,
      400.48,        0.59,
      400.96,        0.24,
      401.40,       -0.06,
      401.92,       -0.35,
      402.44,       -0.68,
      402.95,       -1.01,
      403.47,       -1.22,
      404.03,       -1.38,
      404.55,       -1.59,
      405.03,       -1.72,
      405.55,       -1.79,
      406.03,       -1.90,
      406.55,       -1.96,
      407.03,       -1.99,
      407.54,       -1.99,
      408.06,       -1.99,
      408.54,       -2.00,
      409.02,       -1.99,
      409.50,       -2.00,
      409.98,       -2.01,
      410.54,       -1.97,
      411.06,       -1.97,
      411.58,       -1.92,
      412.10,       -1.90,
      412.61,       -1.86,
      413.13,       -1.79,
      413.61,       -1.78,
      414.09,       -1.74,
      414.61,       -1.66,
      415.13,       -1.60,
      415.65,       -1.49,
      416.13,       -1.36,
      416.61,       -1.24,
      417.09,       -1.14,
      417.56,       -1.03,
      418.12,       -0.90,
      418.64,       -0.76,
      419.20,       -0.63,
      419.72,       -0.53,
      420.24,       -0.42,
      420.76,       -0.35,
      421.28,       -0.26,
      421.80,       -0.18,
      422.28,       -0.11,
      422.79,       -0.03,
      423.31,        0.04,
      423.79,        0.11,
      424.27,        0.16,
      424.79,        0.23,
      425.27,        0.34,
      425.75,        0.39,
      426.27,        0.45,
      426.79,        0.52,
      427.31,        0.58,
      427.82,        0.59,
      428.38,        0.63,
      428.90,        0.69,
      429.42,        0.76,
      429.90,        0.79,
      430.42,        0.78,
      430.94,        0.79,
      431.42,        0.81,
      431.94,        0.79,
      432.42,        0.76,
      432.93,        0.73,
      433.41,        0.71,
      433.89,        0.71,
      434.41,        0.70,
      434.93,        0.71,
      435.45,        0.71,
      436.01,        0.72,
      436.49,        0.71,
      437.05,        0.71,
      437.52,        0.69,
      438.00,        0.68,
      438.52,        0.67,
      439.00,        0.62,
      439.52,        0.62,
      440.04,        0.59,
      440.52,        0.53,
      441.00,        0.51,
      441.48,        0.49,
      441.96,        0.45,
      442.51,        0.43,
      443.03,        0.40,
      443.55,        0.38,
      444.07,        0.37,
      444.59,        0.33,
      445.11,        0.32,
      445.59,        0.28,
      446.11,        0.28,
      446.55,        0.25,
      447.07,        0.23,
      447.58,        0.24,
      448.10,        0.25,
      448.58,        0.27,
      449.06,        0.26,
      449.54,        0.25,
      450.06,        0.24,
      450.58,        0.25,
      451.14,        0.27,
      451.66,        0.25,
      452.18,        0.21,
      452.69,        0.21,
      453.17,        0.22,
      453.65,        0.23,
      454.13,        0.21,
      454.65,        0.23,
      455.17,        0.24,
      455.65,        0.24,
      456.17,        0.26,
      456.65,        0.31,
      457.13,        0.33,
      457.60,        0.36,
      458.12,        0.37,
      458.68,        0.37,
      459.20,        0.38,
      459.72,        0.37,
      460.24,        0.37,
      460.76,        0.37,
      461.24,        0.35,
      461.72,        0.33,
      462.20,        0.32,
      462.71,        0.32,
      463.23,        0.33,
      463.75,        0.36,
      464.23,        0.40,
      464.71,        0.43,
      465.23,        0.50,
      465.71,        0.43,
      466.23,        0.37,
      466.75,        0.37,
      467.27,        0.37,
      467.82,        0.37,
      468.34,        0.41,
      468.86,        0.44,
      469.30,        0.46,
      469.78,        0.47,
      470.30,        0.53,
      470.82,        0.55,
      471.34,        0.55,
      471.86,        0.58,
      472.34,        0.63,
      472.81,        0.62,
      473.29,        0.63,
      473.81,        0.66,
      474.33,        0.66,
      474.85,        0.71,
      475.37,        0.70,
      475.89,        0.66,
      476.41,        0.72,
      476.93,        0.72,
      477.41,        0.77,
      477.88,        0.79,
      478.40,        0.77,
      478.92,        0.78,
      479.40,        0.77,
      479.92,        0.81,
      480.40,        0.80,
      480.92,        0.81,
      481.40,        0.81,
      481.88,        0.81,
      482.44,        0.79,
      482.95,        0.80,
      483.47,        0.81,
      483.99,        0.83,
      484.51,        0.82,
      484.99,        0.81,
      485.47,        0.84,
      485.99,        0.84,
      486.47,        0.84,
      486.99,        0.86,
      487.51,        0.86,
      488.02,        0.85,
      488.50,        0.85,
      488.98,        0.85,
      489.50,        0.89,
      489.98,        0.90,
      490.50,        0.91,
      491.06,        0.89,
      491.58,        0.91,
      492.06,        0.90,
      492.57,        0.88,
      493.09,        0.89,
      493.57,        0.91,
      494.09,        0.90,
      494.65,        0.91,
      495.17,        0.95,
      495.69,        0.94,
      496.17,        0.94,
      496.69,        0.94,
      497.17,        0.95,
      497.64,        1.00,
      498.16,        1.03,
      498.68,        1.05,
      499.24,        1.07,
      499.72,        1.07,
      500.24,        1.08,
      500.76,        1.06,
      501.28,        1.07,
      501.76,        1.06,
      502.24,        1.06,
      502.75,        1.06,
      503.27,        1.10,
      503.79,        1.08,
      504.31,        1.04,
      504.79,        1.03,
      505.27,        1.05,
      505.75,        1.05,
      506.27,        1.05,
      506.83,        1.05,
      507.31,        1.05,
      507.82,        1.05,
      508.38,        1.05,
      508.90,        1.05,
      509.38,        1.02,
      509.86,        1.01,
      510.38,        0.94,
      510.90,        1.11,
      511.42,        0.90,
      511.94,        0.84,
      512.42,        0.80,
      512.89,        0.73,
      513.37,        0.70,
      513.89,        0.71,
      514.41,        0.69,
      514.93,        0.61,
      515.45,        0.60,
      515.97,        0.56,
      516.49,        0.51,
      517.05,        0.49,
      517.53,        0.46,
      518.00,        0.42,
      518.52,        0.37,
      519.04,        0.35,
      519.56,        0.32,
      520.04,        0.30,
      520.56,        0.24,
      521.04,        0.19,
      521.52,        0.19,
      522.04,        0.20,
      522.52,        0.20,
      523.11,        0.21,
      523.63,        0.22,
      524.15,        0.26,
      524.67,        0.24,
      525.15,        0.27,
      525.63,        0.28,
      526.11,        0.27,
      526.63,        0.30,
      527.15,        0.30,
      527.66,        0.30,
      528.18,        0.31,
      528.66,        0.32,
      529.14,        0.33,
      529.62,        0.37,
      530.14,        0.42,
      530.66,        0.40,
      531.18,        0.42,
      531.74,        0.46,
      532.26,        0.52,
      532.77,        0.53,
      533.29,        0.59,
      533.81,        0.63,
      534.29,        0.68,
      534.81,        0.78,
      535.33,        0.77,
      535.85,        0.81,
      536.33,        0.85,
      536.85,        0.86,
      537.33,        0.94,
      537.76,        0.95,
      538.28,        0.95,
      538.84,        1.06,
      539.36,        1.04,
      539.88,        1.10,
      540.40,        1.25,
      540.92,        1.15,
      541.48,        1.16,
      541.96,        1.22,
      542.48,        1.29,
      542.95,        1.34,
      543.47,        1.37,
      543.99,        1.42,
      544.47,        1.46,
      544.95,        1.50,
      545.43,        1.52,
      545.95,        1.57,
      546.47,        1.64,
      546.99,        1.68,
      547.51,        1.73,
      548.02,        1.79,
      548.58,        1.85,
      549.10,        1.91,
      549.62,        1.98,
      550.10,        2.04,
      550.62,        2.09,
      551.10,        2.12,
      551.62,        2.16,
      552.14,        2.21,
      552.61,        2.23,
      553.09,        2.25,
      553.57,        2.25,
      554.09,        2.34,
      554.61,        2.34,
      555.13,        2.33,
      555.65,        2.34,
      556.21,        2.38,
      556.73,        2.38,
      557.25,        2.38,
      557.72,        2.43,
      558.20,        2.49,
      558.72,        2.55,
      559.24,        2.61,
      559.72,        2.61,
      560.20,        2.64,
      560.72,        2.65,
      561.20,        2.69,
      561.68,        2.75,
      562.20,        2.77,
      562.71,        2.78,
      563.27,        2.80,
      563.79,        2.82,
      564.31,        2.86,
      564.83,        2.90,
      565.31,        2.91,
      565.79,        2.87,
      566.31,        2.97,
      566.83,        2.91,
      567.31,        2.87,
      567.82,        2.83,
      568.30,        2.69,
      568.78,        2.38,
      569.26,        2.02,
      569.78,        1.61,
      570.30,        1.17,
      570.82,        0.76,
      571.34,        0.36,
      571.86,       -0.02,
      572.38,       -0.35,
      572.89,       -0.54,
      573.37,       -0.56,
      573.85,       -0.55,
      574.37,       -0.59,
      574.89,       -0.66,
      575.37,       -0.72,
      575.85,       -0.76,
      576.37,       -0.80,
      576.85,       -0.80,
      577.33,       -0.81,
      577.84,       -0.81,
      578.36,       -0.81,
      578.88,       -0.79,
      579.40,       -0.80,
      579.92,       -0.81,
      580.44,       -0.81,
      580.96,       -0.81,
      581.44,       -0.84,
      581.92,       -1.00,
      582.44,       -1.12,
      582.91,       -1.14,
      583.43,       -1.18,
      583.95,       -1.21,
      584.43,       -1.30,
      584.95,       -1.42,
      585.43,       -1.50,
      585.91,       -1.53,
      586.47,       -1.64,
      586.99,       -1.81,
      587.51,       -1.94,
      588.02,       -2.08,
      588.54,       -2.23,
      589.02,       -2.37,
      589.50,       -2.50,
      590.02,       -2.73,
      590.50,       -2.88,
      591.02,       -2.99,
      591.50,       -3.14,
      592.02,       -3.30,
      592.50,       -3.47,
      592.97,       -3.64,
      593.49,       -3.78,
      594.01,       -3.96,
      594.53,       -4.13,
      595.05,       -4.23,
      595.57,       -4.29,
      596.09,       -4.37,
      596.61,       -4.83,
      597.09,       -4.44,
      597.60,       -4.47,
      598.08,       -4.47,
      598.56,       -4.48,
      599.08,       -4.49,
      599.60,       -4.46,
      600.08,       -4.46,
      600.60,       -4.48,
      601.08,       -4.48,
      601.56,       -4.48,
      602.08,       -4.44,
      602.59,       -4.38,
      603.11,       -4.31,
      603.67,       -4.24,
      604.19,       -4.22,
      604.71,       -4.18,
      605.19,       -4.12,
      605.67,       -4.04,
      606.15,       -3.99,
      606.67,       -3.97,
      607.19,       -3.98,
      607.70,       -3.97,
      608.18,       -3.91,
      608.66,       -3.89,
      609.14,       -3.87,
      609.66,       -3.81,
      610.18,       -3.76,
      610.70,       -3.68,
      611.22,       -3.65,
      611.74,       -3.60,
      612.30,       -3.47,
      612.77,       -3.41,
      613.25,       -3.43,
      613.73,       -3.43,
      614.21,       -3.37,
      614.73,       -3.36,
      615.25,       -3.30,
      615.77,       -3.26,
      616.25,       -3.25,
      616.73,       -3.21,
      617.21,       -3.17,
      617.72,       -3.14,
      618.24,       -3.08,
      618.76,       -3.03,
      619.28,       -2.96,
      619.88,       -2.93,
      620.36,       -2.90,
      620.84,       -2.86,
      621.32,       -2.80,
      621.84,       -2.73,
      622.32,       -2.72,
      622.83,       -2.69,
      623.35,       -2.65,
      623.83,       -2.60,
      624.31,       -2.60,
      624.79,       -2.61,
      625.27,       -2.57,
      625.79,       -2.56,
      626.31,       -2.56,
      626.83,       -2.52,
      627.35,       -2.51,
      627.86,       -2.52,
      628.38,       -2.51,
      628.86,       -2.44,
      629.34,       -2.37,
      629.82,       -2.33,
      630.34,       -2.37,
      630.86,       -2.34,
      631.38,       -2.29,
      631.86,       -2.25,
      632.34,       -2.22,
      632.85,       -2.19,
      633.33,       -2.17,
      633.81,       -2.16,
      634.33,       -2.16,
      634.85,       -2.12,
      635.37,       -2.09,
      635.89,       -2.07,
      636.41,       -2.01,
      636.93,       -2.02,
      637.41,       -1.99,
      637.88,       -1.94,
      638.36,       -1.94,
      638.88,       -1.90,
      639.40,       -1.84,
      639.88,       -1.84,
      640.36,       -1.78,
      640.84,       -1.77,
      641.32,       -1.75,
      641.84,       -1.67,
      642.36,       -1.67,
      642.83,       -1.64,
      643.35,       -1.59,
      643.87,       -1.57,
      644.39,       -1.55,
      644.91,       -1.54,
      645.39,       -1.52,
      645.87,       -1.46,
      646.35,       -1.41,
      646.87,       -1.33,
      647.39,       -1.32,
      647.86,       -1.29,
      648.38,       -1.26,
      648.82,       -1.25,
      649.30,       -1.21,
      649.82,       -1.19,
      650.30,       -1.15,
      650.82,       -1.09,
      651.34,       -1.07,
      651.86,       -1.05,
      652.38,       -1.03,
      652.89,       -0.99,
      653.41,       -0.96,
      653.85,       -0.93,
      654.37,       -0.91,
      654.85,       -0.90,
      655.37,       -0.86,
      655.89,       -0.85,
      656.37,       -0.84,
      656.85,       -0.76,
      657.33,       -0.74,
      657.76,       -0.76,
      658.28,       -0.72,
      658.80,       -0.69,
      659.32,       -0.71,
      659.84,       -0.64,
      660.36,       -0.62,
      660.88,       -0.59,
      661.40,       -0.56,
      661.88,       -0.59,
      662.36,       -0.55,
      662.87,       -0.54,
      663.35,       -0.55,
      663.87,       -0.50,
      664.35,       -0.52,
      664.83,       -0.52,
      665.27,       -0.46,
      665.79,       -0.50,
      666.27,       -0.44,
      666.83,       -0.40,
      667.31,       -0.42,
      667.82,       -0.37,
      668.34,       -0.42,
      668.86,       -0.42,
      669.38,       -0.38,
      669.86,       -0.45,
      670.34,       -0.41,
      670.86,       -0.49,
      671.34,       -0.55,
      671.86,       -0.48,
      672.34,       -0.53,
      672.77,       -0.56,
      673.25,       -0.59,
      673.73,       -0.79,
      674.25,       -1.05,
      674.77,       -1.41,
      675.29,       -1.83,
      675.81,       -2.29,
      676.33,       -2.72,
      676.85,       -3.03,
      677.33,       -3.08,
      677.84,       -3.23,
      678.32,       -3.34,
      678.80,       -3.41,
      679.32,       -3.53,
      679.80,       -3.58,
      680.28,       -3.59,
      680.76,       -3.66,
      681.24,       -3.68,
      681.72,       -3.69,
      682.24,       -3.69,
      682.75,       -3.68,
      683.23,       -3.69,
      683.75,       -3.67,
      684.27,       -3.69,
      684.79,       -3.69,
      685.31,       -3.69,
      685.79,       -3.63,
      686.27,       -3.59,
      686.79,       -3.55,
      687.27,       -3.54,
      687.74,       -3.53,
      688.22,       -3.49,
      688.70,       -3.48,
      689.18,       -3.46,
      689.66,       -3.39,
      690.18,       -3.34,
      690.70,       -3.28,
      691.22,       -3.21,
      691.74,       -3.19,
      692.26,       -3.17,
      692.73,       -3.15,
      693.25,       -3.13,
      693.77,       -3.13,
      694.25,       -3.14,
      694.73,       -3.12,
      695.21,       -3.10,
      695.73,       -3.06,
      696.21,       -3.04,
      696.69,       -3.01,
      697.17,       -2.99,
      697.64,       -2.97,
      698.16,       -2.99,
      698.64,       -2.99,
      699.16,       -3.03,
      699.68,       -3.07,
      700.20,       -3.08,
      700.72,       -3.08,
      701.24,       -3.10,
      701.72,       -3.16,
      702.24,       -3.17,
      702.67,       -3.15,
      703.19,       -3.17,
      703.67,       -3.19,
      704.15,       -3.20,
      704.63,       -3.24,
      705.11,       -3.26,
      705.59,       -3.24,
      706.11,       -3.26,
      706.63,       -3.29,
      707.15,       -3.28,
      707.66,       -3.31,
      708.18,       -3.32,
      708.66,       -3.34,
      709.18,       -3.39,
      709.70,       -3.38,
      710.14,       -3.38,
      710.66,       -3.38,
      711.10,       -3.36,
      711.58,       -3.39,
      712.06,       -3.38,
      712.54,       -3.39,
      713.05,       -3.46,
      713.49,       -3.41,
      714.01,       -3.40,
      714.53,       -3.44,
      715.05,       -3.39,
      715.57,       -3.39,
      716.05,       -3.42,
      716.57,       -3.36,
      717.09,       -3.39,
      717.57,       -3.41,
      718.04,       -3.37,
      718.52,       -3.37,
      719.04,       -3.34,
      719.52,       -3.30,
      720.00,       -3.30,
      720.48,       -3.30,
      720.96,       -3.30,
      721.44,       -3.28,
      721.96,       -3.26,
      722.44,       -3.22,
      722.99,       -3.21,
      723.47,       -3.21,
      723.99,       -3.21,
      724.51,       -3.21,
      724.99,       -3.19,
      725.47,       -3.17,
      725.95,       -3.17,
      726.43,       -3.15,
      726.91,       -3.20,
      727.43,       -3.15,
      727.90,       -3.15,
      728.38,       -3.15,
      728.86,       -3.16,
      729.30,       -3.21,
      729.82,       -3.24,
      730.34,       -3.24,
      730.86,       -3.25,
      731.38,       -3.23,
      731.86,       -3.22,
      732.38,       -3.20,
      732.85,       -3.19,
      733.33,       -3.15,
      733.81,       -3.11,
      734.29,       -3.10,
      734.81,       -3.08,
      735.29,       -3.07,
      735.77,       -3.04,
      736.25,       -3.01,
      736.73,       -2.98,
      737.21,       -2.95,
      737.68,       -2.94,
      738.20,       -2.91,
      738.72,       -2.88,
      739.20,       -2.86,
      739.72,       -2.82,
      740.24,       -2.79,
      740.72,       -2.81,
      741.16,       -2.79,
      741.64,       -2.74,
      742.16,       -2.68,
      742.64,       -2.65,
      743.15,       -2.65,
      743.63,       -2.62,
      744.11,       -2.58,
      744.55,       -2.55,
      745.03,       -2.51,
      745.51,       -2.48,
      746.03,       -2.47,
      746.51,       -2.47,
      747.03,       -2.47,
      747.55,       -2.43,
      748.06,       -2.41,
      748.54,       -2.39,
      749.02,       -2.36,
      749.50,       -2.32,
      749.98,       -2.32,
      750.50,       -2.27,
      750.98,       -2.24,
      751.46,       -2.22,
      751.94,       -2.17,
      752.42,       -2.13,
      752.89,       -2.12,
      753.37,       -2.08,
      753.85,       -2.04,
      754.37,       -2.03,
      754.89,       -2.03,
      755.37,       -2.00,
      755.89,       -1.99,
      756.41,       -1.94,
      756.89,       -1.89,
      757.37,       -1.82,
      757.84,       -1.81,
      758.32,       -1.78,
      758.84,       -1.77,
      759.32,       -1.74,
      759.80,       -1.73,
      760.28,       -1.68,
      760.76,       -1.64,
      761.20,       -1.63,
      761.72,       -1.55,
      762.20,       -1.50,
      762.71,       -1.45,
      763.23,       -1.44,
      763.75,       -1.35,
      764.23,       -1.29,
      764.75,       -1.19,
      765.19,       -1.14,
      765.67,       -1.15,
      766.19,       -1.12,
      766.67,       -1.08,
      767.19,       -1.06,
      767.66,       -1.04,
      768.14,       -1.03,
      768.58,       -0.96,
      769.06,       -0.95,
      769.54,       -0.91,
      770.06,       -0.87,
      770.58,       -0.82,
      771.10,       -0.78,
      771.58,       -0.75,
      772.10,       -0.69,
      772.58,       -0.66,
      773.05,       -0.64,
      773.53,       -0.57,
      774.01,       -0.54,
      774.53,       -0.47,
      775.01,       -0.46,
      775.53,       -0.44,
      775.97,       -0.41,
      776.45,       -0.37,
      776.93,       -0.32,
      777.37,       -0.26,
      777.88,       -0.22,
      778.40,       -0.20,
      778.92,       -0.15,
      779.44,       -0.11,
      779.96,       -0.08,
      780.44,       -0.06,
      780.92,       -0.02,
      781.40,       -0.00,
      781.88,        0.06,
      782.40,        0.10,
      782.87,        0.11,
      783.35,        0.14,
      783.83,        0.14,
      784.31,        0.18,
      784.75,        0.23,
      785.23,        0.28,
      785.75,        0.33,
      786.27,        0.35,
      786.79,        0.35,
      787.31,        0.35,
      787.78,        0.38,
      788.30,        0.40,
      788.78,        0.46,
      789.26,        0.52,
      789.74,        0.59,
      790.22,        0.59,
      790.70,        0.59,
      791.22,        0.61,
      791.70,        0.65,
      792.18,        0.70,
      792.62,        0.71,
      793.09,        0.72,
      793.61,        0.77,
      794.13,        0.76,
      794.61,        0.76,
      795.13,        0.80,
      795.65,        0.81,
      796.17,        0.80,
      796.65,        0.76,
      797.13,        0.74,
      797.61,        0.72,
      798.04,        0.74,
      798.56,        0.74,
      799.08,        0.79,
      799.56,        0.81,
      800.04,        0.84,
      800.48,        0.85,
      800.96,        0.89,
      801.44,        0.92,
      801.96,        0.92,
      802.48,        0.92,
      802.99,        0.94,
      803.47,        1.00,
      804.03,        1.04,
      804.51,        1.04,
      804.99,        1.14,
      805.43,        1.15,
      805.91,        1.09,
      806.39,        1.01,
      806.91,        0.83,
      807.39,        0.60,
      807.86,        0.30,
      808.34,       -0.08,
      808.82,       -0.34,
      809.30,       -0.60,
      809.82,       -0.84,
      810.34,       -0.98,
      810.86,       -1.30,
      811.38,       -1.51,
      811.86,       -1.64,
      812.38,       -1.93,
      812.81,       -2.11,
      813.29,       -2.34,
      813.77,       -2.66,
      814.25,       -2.89,
      814.73,       -3.22,
      815.25,       -3.44,
      815.73,       -3.65,
      816.21,       -3.96,
      816.65,       -4.29,
      817.13,       -4.52,
      817.65,       -4.78,
      818.16,       -5.02,
      818.68,       -5.06,
      819.16,       -5.14,
      819.68,       -5.18,
      820.16,       -5.14,
      820.64,       -5.14,
      821.12,       -5.21,
      821.60,       -5.16,
      822.08,       -5.14,
      822.56,       -5.14,
      823.03,       -5.09,
      823.55,       -5.14,
      824.03,       -5.18,
      824.47,       -5.14,
      824.95,       -5.12,
      825.43,       -5.03,
      825.95,       -5.01,
      826.47,       -5.05,
      826.99,       -5.10,
      827.47,       -5.14,
      827.94,       -5.25,
      828.42,       -5.30,
      828.90,       -5.32,
      829.38,       -5.42,
      829.86,       -5.50,
      830.34,       -5.59,
      830.86,       -5.68,
      831.34,       -5.71,
      831.82,       -5.70,
      832.26,       -5.68,
      832.73,       -5.69,
      833.21,       -5.71,
      833.73,       -5.79,
      834.21,       -5.92,
      834.73,       -5.95,
      835.25,       -6.01,
      835.73,       -6.12,
      836.21,       -6.16,
      836.69,       -6.17,
      837.17,       -6.19,
      837.65,       -6.23,
      838.12,       -6.32,
      838.64,       -6.55,
      839.12,       -6.63,
      839.60,       -6.68,
      840.08,       -6.75,
      840.56,       -6.71,
      841.00,       -6.75,
      841.48,       -6.82,
      842.00,       -6.80,
      842.52,       -6.75,
      843.03,       -6.76,
      843.51,       -6.78,
      843.99,       -6.83,
      844.47,       -6.84,
      844.95,       -6.82,
      845.43,       -6.80,
      845.91,       -6.81,
      846.43,       -6.94,
      846.91,       -7.02,
      847.39,       -7.02,
      847.86,       -7.04,
      848.34,       -7.04,
      848.78,       -7.00,
      849.26,       -6.97,
      849.78,       -6.97,
      850.30,       -7.10,
      850.78,       -7.22,
      851.30,       -7.21,
      851.82,       -7.18,
      852.30,       -7.11,
      852.77,       -7.10,
      853.25,       -6.88,
      853.73,       -7.10,
      854.21,       -7.16,
      854.69,       -7.12,
      855.21,       -7.07,
      855.69,       -7.03,
      856.13,       -7.03,
      856.61,       -7.01,
      857.09,       -6.98,
      857.57,       -6.88,
      858.08,       -6.82,
      858.60,       -6.77,
      859.12,       -6.71,
      859.60,       -6.68,
      860.12,       -6.66,
      860.56,       -6.60,
      861.04,       -6.55,
      861.52,       -6.53,
      862.00,       -6.51,
      862.52,       -6.45,
      862.99,       -6.36,
      863.47,       -6.28,
      863.91,       -6.20,
      864.39,       -6.18,
      864.87,       -6.23,
      865.35,       -6.23,
      865.87,       -6.17,
      866.39,       -6.10,
      866.91,       -6.07,
      867.43,       -6.03,
      867.90,       -6.04,
      868.38,       -6.02,
      868.86,       -5.97,
      869.34,       -5.92,
      869.82,       -5.91,
      870.30,       -5.90,
      870.78,       -5.82,
      871.26,       -5.75,
      871.74,       -5.68,
      872.22,       -5.62,
      872.70,       -5.56,
      873.17,       -5.57,
      873.69,       -5.54,
      874.21,       -5.53,
      874.73,       -5.47,
      875.21,       -5.46,
      875.73,       -5.43,
      876.21,       -5.39,
      876.69,       -5.34,
      877.17,       -5.31,
      877.65,       -5.33,
      878.12,       -5.31,
      878.60,       -5.29,
      879.12,       -5.26,
      879.60,       -5.25,
      880.04,       -5.19,
      880.52,       -5.14,
      881.00,       -5.06,
      881.52,       -4.99,
      882.04,       -4.94,
      882.52,       -4.88,
      883.03,       -4.83,
      883.55,       -4.76,
      884.03,       -4.70,
      884.51,       -4.57,
      884.99,       -4.49,
      885.47,       -4.47,
      885.95,       -4.44,
      886.43,       -4.39,
      886.95,       -4.35,
      887.43,       -4.31,
      887.90,       -4.20,
      888.34,       -4.10,
      888.82,       -4.04,
      889.34,       -3.96,
      889.82,       -3.92,
      890.34,       -3.87,
      890.86,       -3.78,
      891.34,       -3.76,
      891.86,       -3.69,
      892.34,       -3.61,
      892.77,       -3.58,
      893.25,       -3.56,
      893.77,       -3.53,
      894.25,       -3.47,
      894.77,       -3.39,
      895.21,       -3.39,
      895.69,       -3.33,
      896.17,       -3.31,
      896.65,       -3.32,
      897.13,       -3.29,
      897.65,       -3.24,
      898.12,       -3.21,
      898.64,       -3.17,
      899.16,       -3.15,
      899.68,       -3.14,
      900.12,       -3.14,
      900.60,       -3.12,
      901.08,       -3.10,
      901.56,       -3.14,
      902.08,       -3.22,
      902.56,       -3.34,
      903.07,       -3.47,
      903.55,       -3.52,
      904.03,       -3.51,
      904.47,       -3.47,
      904.95,       -3.43,
      905.47,       -3.39,
      905.99,       -3.34,
      906.51,       -3.31,
      907.03,       -3.21,
      907.51,       -3.13,
      907.98,       -3.08,
      908.50,       -2.99,
      908.98,       -2.91,
      909.42,       -2.89,
      909.90,       -2.78,
      910.42,       -2.71,
      910.90,       -2.60,
      911.42,       -2.48,
      911.90,       -2.38,
      912.34,       -2.31,
      912.81,       -2.25,
      913.33,       -2.19,
      913.81,       -2.09,
      914.33,       -2.02,
      914.85,       -1.96,
      915.33,       -1.93,
      915.85,       -1.88,
      916.33,       -1.82,
      916.81,       -1.74,
      917.25,       -1.66,
      917.76,       -1.65,
      918.24,       -1.60,
      918.72,       -1.55,
      919.24,       -1.54,
      919.72,       -1.51,
      920.20,       -1.46,
      920.64,       -1.45,
      921.16,       -1.37,
      921.64,       -1.33,
      922.12,       -1.24,
      922.64,       -1.17,
      923.15,       -1.14,
      923.67,       -1.16,
      924.15,       -1.19,
      924.59,       -1.17,
      925.07,       -1.18,
      925.55,       -1.20,
      926.07,       -1.26,
      926.55,       -1.29,
      927.03,       -1.41,
      927.51,       -1.55,
      927.98,       -1.73,
      928.46,       -1.81,
      928.94,       -1.80,
      929.42,       -1.77,
      929.94,       -1.78,
      930.46,       -1.78,
      930.98,       -1.78,
      931.46,       -1.75,
      931.94,       -1.76,
      932.42,       -1.73,
      932.89,       -1.69,
      933.37,       -1.66,
      933.85,       -1.67,
      934.37,       -1.70,
      934.85,       -1.68,
      935.33,       -1.68,
      935.81,       -1.68,
      936.25,       -1.66,
      936.73,       -1.67,
      937.21,       -1.70,
      937.73,       -1.73,
      938.24,       -1.77,
      938.76,       -1.86,
      939.24,       -1.99,
      939.76,       -2.22,
      940.24,       -2.53,
      940.72,       -2.89,
      941.20,       -3.26,
      941.68,       -3.60,
      942.20,       -3.92,
      942.68,       -4.22,
      943.15,       -4.50,
      943.59,       -4.85,
      944.07,       -5.20,
      944.55,       -5.54,
      945.03,       -5.93,
      945.55,       -6.29,
      946.07,       -6.59,
      946.55,       -6.75,
      947.07,       -6.36,
      947.59,       -6.82,
      948.10,       -6.83,
      948.54,       -6.83,
      949.02,       -6.83,
      949.54,       -6.83,
      950.02,       -6.86,
      950.54,       -6.91,
      950.98,       -6.91,
      951.46,       -6.93,
      951.94,       -6.96,
      952.42,       -6.97,
      952.89,       -6.96,
      953.37,       -6.96,
      953.89,       -6.95,
      954.41,       -6.88,
      954.93,       -6.86,
      955.45,       -6.86,
      955.93,       -6.87,
      956.41,       -6.86,
      956.89,       -6.84,
      957.37,       -6.83,
      957.88,       -6.82,
      958.36,       -6.84,
      958.84,       -6.78,
      959.32,       -6.74,
      959.80,       -6.75,
      960.28,       -6.76,
      960.76,       -6.80,
      961.24,       -6.75,
      961.76,       -6.62,
      962.28,       -6.52,
      962.79,       -6.49,
      963.31,       -6.49,
      963.79,       -6.48,
      964.31,       -6.47,
      964.79,       -6.46,
      965.27,       -6.42,
      965.71,       -6.35,
      966.23,       -6.32,
      966.75,       -6.32,
      967.23,       -6.29,
      967.71,       -6.21,
      968.18,       -6.15,
      968.62,       -6.10,
      969.14,       -6.09,
      969.66,       -6.03,
      970.18,       -6.01,
      970.66,       -5.97,
      971.18,       -5.96,
      971.70,       -5.91,
      972.22,       -5.80,
      972.70,       -5.71,
      973.17,       -5.70,
      973.65,       -5.68,
      974.13,       -5.66,
      974.65,       -5.65,
      975.13,       -5.63,
      975.61,       -5.62,
      976.13,       -5.53,
      976.61,       -5.48,
      977.05,       -5.43,
      977.57,       -5.35,
      978.08,       -5.30,
      978.60,       -5.27,
      979.08,       -5.19,
      979.60,       -5.09,
      980.12,       -5.03,
      980.60,       -5.00,
      981.12,       -4.92,
      981.60,       -4.86,
      982.08,       -4.78,
      982.60,       -4.71,
      983.07,       -4.64,
      983.55,       -4.58,
      984.03,       -4.54,
      984.51,       -4.45,
      985.03,       -4.39,
      985.51,       -4.36,
      986.03,       -4.28,
      986.51,       -4.22,
      987.03,       -4.18,
      987.55,       -4.17,
      988.02,       -4.09,
      988.54,       -4.06,
      989.02,       -4.00,
      989.54,       -3.91,
      990.02,       -3.88,
      990.54,       -3.87,
      991.02,       -3.83,
      991.50,       -3.81,
      991.98,       -3.78,
      992.46,       -3.74,
      992.93,       -3.69,
      993.45,       -3.65,
      993.93,       -3.63,
      994.45,       -3.57,
      994.97,       -3.53,
      995.45,       -3.51,
      995.97,       -3.48,
      996.49,       -3.49,
      996.97,       -3.47,
      997.45,       -3.39,
      997.96,       -3.32,
      998.44,       -3.29,
      998.92,       -3.23,
      999.44,       -3.16,
      999.92,       -3.06,
     1000.40,       -2.99,
     1000.88,       -2.93,
     1001.36,       -2.16,
     1001.88,       -2.81,
     1002.36,       -2.74,
     1002.83,       -2.64,
     1003.35,       -2.56,
     1003.87,       -2.54,
     1004.39,       -2.49,
     1004.87,       -2.43,
     1005.39,       -2.40,
     1005.87,       -2.35,
     1006.35,       -2.27,
     1006.83,       -2.21,
     1007.35,       -2.20,
     1007.82,       -2.15,
     1008.30,       -2.12,
     1008.78,       -2.05,
     1009.26,       -2.00,
     1009.78,       -1.98,
     1010.22,       -1.94,
     1010.74,       -1.93,
     1011.26,       -1.86,
     1011.78,       -1.81,
     1012.30,       -1.79,
     1012.78,       -1.79,
     1013.29,       -1.74,
     1013.77,       -1.73,
     1014.25,       -1.68,
     1014.77,       -1.64,
     1015.25,       -1.64,
     1015.73,       -1.63,
     1016.21,       -1.55,
     1016.69,       -1.52,
     1017.17,       -1.60,
     1017.65,       -1.56,
     1018.16,       -1.46,
     1018.68,       -1.45,
     1019.16,       -1.45,
     1019.68,       -1.42,
     1020.20,       -1.45,
     1020.72,       -1.46,
     1021.20,       -1.44,
     1021.68,       -1.38,
     1022.20,       -1.33,
     1022.68,       -1.30,
     1023.15,       -1.25,
     1023.63,       -1.25,
     1024.15,       -1.22,
     1024.63,       -1.16,
     1025.07,       -1.11,
     1025.55,       -1.08,
     1026.07,       -1.04,
     1026.59,       -1.03,
     1027.11,       -1.00,
     1027.63,       -0.96,
     1028.10,       -0.94,
     1028.62,       -0.90,
     1029.10,       -0.83,
     1029.62,       -0.80,
     1030.10,       -0.81,
     1030.58,       -0.34,
     1031.10,       -0.80,
     1031.58,       -0.80,
     1032.06,       -0.78,
     1032.50,       -0.76,
     1032.97,       -0.82,
     1033.49,       -0.79,
     1033.97,       -0.85,
     1034.49,       -0.85,
     1035.01,       -0.89,
     1035.53,       -0.94,
     1036.05,       -0.94,
     1036.53,       -0.95,
     1037.05,       -0.95,
     1037.53,       -0.97,
     1038.00,       -0.98,
     1038.52,       -0.96,
     1039.00,       -0.95,
     1039.48,       -0.95,
     1039.96,       -0.90,
     1040.44,       -0.89,
     1040.88,       -0.86,
     1041.40,       -0.81,
     1041.92,       -0.82,
     1042.40,       -0.81,
     1042.91,       -0.76,
     1043.43,       -0.72,
     1043.95,       -0.69,
     1044.47,       -0.64,
     1044.95,       -0.64,
     1045.43,       -0.61,
     1045.91,       -0.61,
     1046.43,       -0.58,
     1046.91,       -0.59,
     1047.39,       -0.54,
     1047.86,       -0.50,
     1048.34,       -0.50,
     1048.82,       -0.47,
     1049.30,       -0.44,
     1049.82,       -0.39,
     1050.30,       -0.39,
     1050.82,       -0.41,
     1051.34,       -0.40,
     1051.86,       -0.39,
     1052.38,       -0.37,
     1052.85,       -0.38,
     1053.33,       -0.38,
     1053.85,       -0.40,
     1054.29,       -0.42,
     1054.81,       -0.42,
     1055.29,       -0.41,
     1055.77,       -0.42,
     1056.25,       -0.37,
     1056.73,       -0.35,
     1057.21,       -0.37,
     1057.73,       -0.37,
     1058.24,       -0.34,
     1058.72,       -0.37,
     1059.24,       -0.37,
     1059.76,       -0.34,
     1060.28,       -0.30,
     1060.76,       -0.27,
     1061.28,       -0.22,
     1061.76,       -0.22,
     1062.24,       -0.22,
     1062.72,       -0.21,
     1063.19,       -0.18,
     1063.71,       -0.17,
     1064.19,       -0.15,
     1064.67,       -0.13,
     1065.15,       -0.15,
     1065.67,       -0.16,
     1066.15,       -0.16,
     1066.67,       -0.16,
     1067.19,       -0.15,
     1067.71,       -0.14,
     1068.22,       -0.15,
     1068.70,       -0.11,
     1069.18,       -0.21,
     1069.66,       -0.22,
     1070.14,       -0.24,
     1070.66,       -0.27,
     1071.14,       -0.29,
     1071.66,       -0.38,
     1072.14,       -0.41,
     1072.62,       -0.42,
     1073.09,       -0.41,
     1073.57,       -0.42,
     1074.09,       -0.40,
     1074.61,       -0.42,
     1075.13,       -0.35,
     1075.61,       -0.32,
     1076.13,       -0.27,
     1076.61,       -0.21,
     1077.13,       -0.18,
     1077.61,       -0.15,
     1078.08,       -0.15,
     1078.56,       -0.11,
     1079.08,       -0.08,
     1079.56,       -0.04,
     1080.04,       -0.04,
     1080.52,        0.01,
     1081.00,        0.06,
     1081.52,        0.07,
     1082.00,        0.11,
     1082.52,        0.11,
     1083.03,        0.13,
     1083.55,        0.16,
     1084.03,        0.24,
     1084.51,        0.24,
     1084.99,        0.24,
     1085.51,        0.23,
     1085.99,        0.22,
     1086.51,        0.20,
     1086.99,        0.07,
     1087.47,       -0.17,
     1087.98,       -0.46,
     1088.46,       -0.67,
     1088.94,       -0.85,
     1089.42,       -0.90,
     1089.94,       -1.00,
     1090.46,       -1.15,
     1090.94,       -1.23,
     1091.46,       -1.39,
     1091.94,       -1.56,
     1092.46,       -1.62,
     1092.97,       -1.90,
     1093.45,       -2.16,
     1093.97,       -2.39,
     1094.45,       -2.75,
     1094.93,       -3.08,
     1095.41,       -3.44,
     1095.89,       -3.84,
     1096.37,       -4.17,
     1096.85,       -4.45,
     1097.37,       -4.72,
     1097.88,       -4.94,
     1098.36,       -5.25,
     1098.88,       -5.54,
     1099.36,       -5.85,
     1099.88,       -6.05,
     1100.40,       -6.13,
     1100.88,       -6.03,
     1101.36,       -5.92,
     1101.84,       -5.87,
     1102.36,       -5.82,
     1102.83,       -5.80,
     1103.31,       -5.87,
     1103.83,       -5.87,
     1104.27,       -5.89,
     1104.75,       -5.91,
     1105.23,       -5.83,
     1105.75,       -5.85,
     1106.23,       -5.94,
     1106.75,       -5.97,
     1107.27,       -6.03,
     1107.79,       -6.14,
     1108.30,       -6.17,
     1108.78,       -6.18,
     1109.26,       -6.23,
     1109.74,       -6.16,
     1110.26,       -6.16,
     1110.74,       -6.23,
     1111.26,       -6.14,
     1111.74,       -6.16,
     1112.22,       -6.27,
     1112.66,       -6.23,
     1113.17,       -6.32,
     1113.65,       -6.42,
     1114.17,       -6.36,
     1114.65,       -6.49,
     1115.17,       -6.54,
     1115.69,       -6.53,
     1116.21,       -6.62,
     1116.69,       -6.64,
     1117.17,       -6.55,
     1117.69,       -6.56,
     1118.16,       -6.53,
     1118.68,       -6.40,
     1119.16,       -6.53,
     1119.64,       -6.58,
     1120.12,       -6.42,
     1120.56,       -6.53,
     1121.04,       -6.56,
     1121.56,       -6.40,
     1122.04,       -6.45,
     1122.56,       -6.48,
     1123.07,       -6.38,
     1123.59,       -6.53,
     1124.11,       -6.50,
     1124.59,       -6.36,
     1125.07,       -6.45,
     1125.55,       -6.32,
     1126.07,       -6.15,
     1126.55,       -6.31,
     1127.03,       -6.19,
     1127.55,       -6.03,
     1127.98,       -6.09,
     1128.46,       -5.94,
     1128.94,       -5.83,
     1129.42,       -5.99,
     1129.94,       -5.84,
     1130.46,       -5.72,
     1130.98,       -5.88,
     1131.50,       -5.75,
     1131.98,       -5.70,
     1132.50,       -5.85,
     1132.97,       -5.66,
     1133.45,       -5.58,
     1133.93,       -5.67,
     1134.45,       -5.50,
     1134.93,       -5.52,
     1135.41,       -5.62,
     1135.85,       -5.44,
     1136.33,       -5.44,
     1136.81,       -5.45,
     1137.33,       -5.32,
     1137.84,       -5.38,
     1138.32,       -5.42,
     1138.84,       -5.31,
     1139.36,       -5.34,
     1139.88,       -5.30,
     1140.36,       -5.16,
     1140.84,       -5.16,
     1141.32,       -5.13,
     1141.80,       -5.00,
     1142.32,       -5.09,
     1142.80,       -5.09,
     1143.27,       -5.05,
     1143.75,       -5.14,
     1144.19,       -5.07,
     1144.67,       -5.02,
     1145.19,       -5.08,
     1145.71,       -4.99,
     1146.19,       -4.96,
     1146.71,       -5.07,
     1147.23,       -4.95,
     1147.75,       -4.92,
     1148.22,       -4.93,
     1148.70,       -4.82,
     1149.18,       -4.83,
     1149.66,       -4.87,
     1150.14,       -4.72,
     1150.66,       -4.72,
     1151.14,       -4.77,
     1151.62,       -4.64,
     1152.10,       -4.67,
     1152.54,       -4.64,
     1153.05,       -4.49,
     1153.57,       -4.56,
     1154.05,       -4.52,
     1154.57,       -4.40,
     1155.09,       -4.43,
     1155.61,       -4.34,
     1156.09,       -4.26,
     1156.57,       -4.36,
     1157.05,       -4.26,
     1157.53,       -4.20,
     1158.00,       -4.33,
     1158.48,       -4.24,
     1159.00,       -4.23,
     1159.44,       -4.26,
     1159.92,       -4.17,
     1160.40,       -4.15,
     1160.88,       -4.17,
     1161.40,       -4.06,
     1161.92,       -4.04,
     1162.44,       -4.01,
     1162.91,       -3.85,
     1163.43,       -3.89,
     1163.95,       -3.84,
     1164.43,       -3.69,
     1164.87,       -3.75,
     1165.35,       -3.67,
     1165.83,       -3.55,
     1166.35,       -3.60,
     1166.83,       -3.47,
     1167.31,       -3.43,
     1167.79,       -3.43,
     1168.26,       -3.30,
     1168.74,       -3.30,
     1169.26,       -3.20,
     1169.74,       -3.02,
     1170.26,       -2.98,
     1170.78,       -2.95,
     1171.30,       -2.89,
     1171.82,       -2.94,
     1172.30,       -2.86,
     1172.78,       -2.78,
     1173.25,       -2.82,
     1173.73,       -2.77,
     1174.25,       -2.78,
     1174.73,       -2.82,
     1175.21,       -2.70,
     1175.69,       -2.65,
     1176.17,       -2.60,
     1176.65,       -2.57,
     1177.13,       -2.60,
     1177.65,       -2.60,
     1178.16,       -2.56,
     1178.68,       -2.53,
     1179.20,       -2.49,
     1179.68,       -2.46,
     1180.16,       -2.50,
     1180.64,       -2.47,
     1181.12,       -2.45,
     1181.64,       -2.46,
     1182.12,       -2.39,
     1182.60,       -2.42,
     1183.07,       -2.43,
     1183.55,       -2.44,
     1184.03,       -2.40,
     1184.51,       -2.43,
     1184.99,       -2.42,
     1185.51,       -2.39,
     1185.99,       -2.35,
     1186.51,       -2.32,
     1186.99,       -2.28,
     1187.51,       -2.22,
     1187.98,       -2.23,
     1188.46,       -2.24,
     1188.90,       -2.21,
     1189.38,       -2.21,
     1189.86,       -2.16,
     1190.30,       -2.09,
     1190.78,       -2.10,
     1191.22,       -2.10,
     1191.62,       -2.01,
     1192.06,       -1.94,
     1192.46,       -1.87,
     1192.93,       -1.79,
     1193.37,       -1.76,
     1193.77,       -1.68,
     1194.21,       -1.70,
     1194.65,       -1.73,
     1195.09,       -1.67,
     1195.49,       -1.64,
     1195.89,       -1.62,
     1196.29,       -1.60,
     1196.65,       -1.58,
     1197.09,       -1.54,
     1197.45,       -1.51,
     1197.85,       -1.48,
     1198.20,       -1.38,
     1198.56,       -1.33,
     1198.92,       -1.29,
     1199.24,       -1.26,
     1199.60,       -1.24,
     1199.92,       -1.20,
     1200.28,       -1.23,
     1200.64,       -1.20,
     1201.00,       -1.18,
     1201.32,       -1.15,
     1201.68,       -1.09,
     1202.04,       -1.06,
     1202.40,       -1.05,
     1202.72,       -1.07,
     1202.99,       -1.05,
     1203.31,       -1.04,
     1203.63,       -1.01,
     1203.91,       -1.04,
     1204.23,       -1.06,
     1204.51,       -1.05,
     1204.79,       -1.04,
     1205.11,       -1.04,
     1205.39,       -1.10,
     1205.63,       -1.13,
     1205.87,       -1.11,
     1206.07,       -1.10,
     1206.27,       -1.11,
     1206.43,       -1.10,
     1206.55,       -1.10,
     1206.71,       -1.13,
     1206.79,       -1.16,
     1206.87,       -1.17,
     1206.95,       -1.16,
     1206.99,       -1.16,
     1207.03,       -1.17,
     1207.07,       -1.18,
     1207.07,       -1.20,
     1207.07,       -1.20,
     1207.07,       -1.20,
     1207.07,       -1.20,
     1207.07,       -1.20,
     1207.07,       -1.20,
     1207.07,       -1.20,
     1207.07,       -1.22,
     1207.07,       -1.21,
     1207.07,       -1.21,
     1207.07,       -1.22,
     1207.11,       -1.22,