       -0.00,       -1.11,
       -0.00,       -1.11,
        0.04,       -1.11,
        0.08,       -1.11,
        0.16,       -1.11,
        0.20,       -1.11,
        0.24,       -1.10,
        0.28,       -1.08,
        0.36,       -1.08,
        0.44,       -1.07,
        0.48,       -1.07,
        0.56,       -1.03,
        0.64,       -1.03,
        0.72,       -0.98,
        0.80,       -0.98,
        0.92,       -0.93,
        1.00,       -0.90,
        1.12,       -0.86,
        1.24,       -0.85,
        1.36,       -0.78,
        1.48,       -0.76,
        1.60,       -0.78,
        1.72,       -0.72,
        1.88,       -0.73,
        2.00,       -0.69,
        2.12,       -0.64,
        2.27,       -0.68,
        2.39,       -0.62,
        2.55,       -0.60,
        2.67,       -0.63,
        2.83,       -0.54,
        2.99,       -0.60,
        3.15,       -0.55,
        3.31,       -0.52,
        3.47,       -0.53,
        3.63,       -0.52,
        3.79,       -0.49,
        3.95,       -0.46,
        4.07,       -0.44,
        4.23,       -0.46,
        4.39,       -0.42,
        4.55,       -0.42,
        4.71,       -0.38,
        4.87,       -0.36,
        5.03,       -0.38,
        5.19,       -0.30,
        5.35,       -0.33,
        5.51,       -0.29,
        5.71,       -0.25,
        5.91,       -0.27,
        6.07,       -0.20,
        6.31,       -0.20,
        6.51,       -0.18,
        6.71,       -0.14,
        6.91,       -0.17,
        7.15,       -0.09,
        7.38,       -0.10,
        7.58,       -0.07,
        7.82,       -0.02,
        8.06,       -0.06,
        8.26,        0.03,
        8.50,        0.00,
        8.74,       -0.00,
        8.98,        0.05,
        9.22,        0.01,
        9.46,        0.08,
        9.74,        0.07,
        9.98,        0.09,
       10.22,        0.15,
       10.50,        0.09,
       10.78,        0.19,
       11.06,        0.15,
       11.34,        0.14,
       11.62,        0.22,
       11.90,        0.15,
       12.18,        0.23,
       12.45,        0.22,
       12.73,        0.19,
       13.01,        0.27,
       13.29,        0.20,
       13.57,        0.24,
       13.85,        0.27,
       14.17,        0.23,
       14.45,        0.28,
       14.73,        0.29,
       15.05,        0.32,
       15.33,        0.37,
       15.61,        0.33,
       15.93,        0.39,
       16.21,        0.40,
       16.49,        0.37,
       16.81,        0.46,
       17.13,        0.44,
       17.40,        0.50,
       17.72,        0.52,
       18.04,        0.44,
       18.36,        0.52,
       18.68,        0.50,
       19.00,        0.50,
       19.36,        0.59,
       19.68,        0.55,
       20.04,        0.62,
       20.36,        0.63,
       20.72,        0.59,
       21.04,        0.68,
       21.36,        0.66,
       21.72,        0.68,
       22.08,        0.73,
       22.39,        0.70,
       22.75,        0.75,
       23.07,        0.73,
       23.43,        0.70,
       23.79,        0.76,
       24.15,        0.69,
       24.51,        0.78,
       24.83,        0.81,
       25.19,        0.79,
       25.55,        0.85,
       25.87,        0.86,
       26.23,        0.89,
       26.59,        0.95,
       27.03,        0.90,
       27.38,        1.01,
       27.78,        0.98,
       28.18,        0.99,
       28.58,        1.05,
       28.94,        0.98,
       29.30,        1.03,
       29.70,        1.05,
       30.06,        1.04,
       30.46,        1.12,
       30.82,        1.12,
       31.22,        1.16,
       31.62,        1.16,
       31.98,        1.11,
       32.37,        1.21,
       32.73,        1.19,
       33.13,        1.23,
       33.53,        1.29,
       33.89,        1.25,
       34.29,        1.31,
       34.69,        1.32,
       35.09,        1.33,
       35.53,        1.37,
       35.93,        1.36,
       36.37,        1.39,
       36.77,        1.40,
       37.17,        1.42,
       37.56,        1.45,
       37.92,        1.44,
       38.36,        1.42,
       38.76,        1.42,
       39.20,        1.43,
       39.60,        1.43,
       40.00,        1.42,
       40.40,        1.39,
       40.84,        1.36,
       41.24,        1.35,
       41.64,        1.28,
       42.04,        1.19,
       42.47,        0.96,
       42.87,        0.64,
       43.35,        0.37,
       43.79,        0.04,
       44.23,       -0.31,
       44.67,       -0.59,
       45.07,       -0.88,
       45.51,       -1.11,
       45.91,       -1.40,
       46.35,       -1.78,
       46.75,       -2.08,
       47.19,       -2.33,
       47.62,       -2.39,
       48.06,       -2.39,
       48.46,       -2.39,
       48.90,       -2.42,
       49.30,       -2.41,
       49.74,       -2.40,
       50.14,       -2.43,
       50.58,       -2.45,
       51.02,       -2.44,
       51.50,       -2.46,
       51.94,       -2.47,
       52.41,       -2.49,
       52.85,       -2.50,
       53.29,       -2.49,
       53.73,       -2.47,
       54.17,       -2.47,
       54.61,       -2.47,
       55.05,       -2.48,
       55.53,       -2.49,
       55.93,       -2.56,
       56.41,       -2.61,
       56.85,       -2.64,
       57.29,       -2.65,
       57.72,       -2.59,
       58.16,       -2.59,
       58.60,       -2.55,
       59.08,       -2.55,
       59.56,       -2.55,
       60.04,       -2.56,
       60.52,       -2.50,
       61.00,       -2.50,
       61.48,       -2.47,
       61.92,       -2.50,
       62.35,       -2.49,
       62.79,       -2.50,
       63.27,       -2.51,
       63.75,       -2.51,
       64.19,       -2.51,
       64.67,       -2.49,
       65.11,       -2.51,
       65.59,       -2.51,
       66.03,       -2.49,
       66.51,       -2.45,
       66.99,       -2.43,
       67.46,       -2.41,
       67.98,       -2.39,
       68.46,       -2.40,
       68.94,       -2.43,
       69.42,       -2.41,
       69.86,       -2.39,
       70.34,       -2.34,
       70.78,       -2.34,
       71.26,       -2.34,
       71.74,       -2.34,
       72.22,       -2.36,
       72.69,       -2.35,
       73.13,       -2.32,
       73.57,       -2.30,
       74.05,       -2.28,
       74.53,       -2.27,
       75.01,       -2.25,
       75.57,       -2.23,
       76.05,       -2.21,
       76.57,       -2.20,
       77.01,       -2.19,
       77.48,       -2.19,
       77.96,       -2.15,
       78.40,       -2.12,
       78.88,       -2.08,
       79.40,       -2.06,
       79.88,       -2.03,
       80.36,       -2.00,
       80.84,       -2.01,
       81.28,       -1.97,
       81.80,       -1.95,
       82.28,       -1.93,
       82.75,       -1.93,
       83.23,       -1.90,
       83.75,       -1.87,
       84.23,       -1.86,
       84.75,       -1.86,
       85.23,       -1.85,
       85.71,       -1.85,
       86.19,       -1.78,
       86.67,       -1.74,
       87.19,       -1.73,
       87.66,       -1.73,
       88.18,       -1.73,
       88.66,       -1.73,
       89.14,       -1.73,
       89.62,       -1.77,
       90.10,       -1.77,
       90.58,       -1.79,
       91.10,       -1.79,
       91.58,       -1.78,
       92.10,       -1.81,
       92.61,       -1.82,
       93.09,       -1.81,
       93.61,       -1.81,
       94.09,       -1.81,
       94.57,       -1.78,
       95.09,       -1.77,
       95.57,       -1.74,
       96.09,       -1.70,
       96.57,       -1.68,
       97.05,       -1.66,
       97.52,       -1.66,
       98.04,       -1.66,
       98.52,       -1.64,
       99.00,       -1.64,
       99.52,       -1.64,
      100.08,       -1.61,
      100.60,       -1.60,
      101.08,       -1.60,
      101.60,       -1.60,
      102.08,       -1.59,
      102.59,       -1.58,
      103.07,       -1.55,
      103.59,       -1.55,
      104.11,       -1.58,
      104.63,       -1.58,
      105.11,       -1.60,
      105.59,       -1.62,
      106.07,       -1.64,
      106.59,       -1.67,
      107.11,       -1.73,
      107.62,       -1.81,
      108.14,       -2.03,
      108.66,       -2.32,
      109.18,       -2.67,
      109.70,       -3.04,
      110.18,       -3.21,
      110.70,       -3.24,
      111.22,       -3.32,
      111.74,       -3.37,
      112.26,       -3.33,
      112.73,       -3.27,
      113.21,       -3.19,
      113.69,       -3.13,
      114.21,       -3.08,
      114.73,       -3.01,
      115.25,       -2.95,
      115.81,       -2.88,
      116.33,       -2.83,
      116.85,       -2.81,
      117.36,       -2.74,
      117.88,       -2.64,
      118.40,       -2.57,
      118.88,       -2.54,
      119.44,       -2.44,
      119.96,       -2.36,
      120.48,       -2.29,
      120.96,       -2.23,
      121.44,       -2.14,
      121.96,       -2.08,
      122.47,       -1.98,
      122.99,       -1.92,
      123.55,       -1.86,
      124.07,       -1.79,
      124.63,       -1.74,
      125.15,       -1.72,
      125.67,       -1.68,
      126.19,       -1.59,
      126.71,       -1.55,
      127.23,       -1.52,
      127.78,       -1.45,
      128.30,       -1.37,
      128.82,       -1.30,
      129.30,       -1.20,
      129.82,       -1.08,
      130.34,       -1.05,
      130.90,       -1.05,
      131.46,       -1.02,
      131.98,       -0.94,
      132.53,       -0.90,
      133.09,       -0.78,
      133.61,       -0.69,
      134.13,       -0.61,
      134.65,       -0.51,
      135.17,       -0.40,
      135.69,       -0.33,
      136.25,       -0.30,
      136.77,       -0.26,
      137.25,       -0.21,
      137.76,       -0.15,
      138.28,       -0.03,
      138.80,        0.05,
      139.36,        0.12,
      139.88,        0.17,
      140.48,        0.24,
      141.00,        0.27,
      141.52,        0.32,
      142.04,        0.37,
      142.55,        0.43,
      143.11,        0.46,
      143.63,        0.49,
      144.15,        0.51,
      144.67,        0.56,
      145.19,        0.63,
      145.71,        0.67,
      146.23,        0.68,
      146.75,        0.68,
      147.27,        0.73,
      147.86,        0.76,
      148.42,        0.80,
      148.94,        0.83,
      149.50,        0.85,
      150.02,        0.87,
      150.54,        0.93,
      151.06,        0.98,
      151.62,        1.02,
      152.14,        1.01,
      152.69,        1.04,
      153.17,        1.11,
      153.69,        1.13,
      154.21,        1.12,
      154.77,        1.15,
      155.29,        1.17,
      155.85,        1.20,
      156.41,        1.22,
      156.97,        1.22,
      157.48,        1.29,
      158.00,        1.34,
      158.56,        1.40,
      159.08,        1.42,
      159.64,        1.42,
      160.20,        1.45,
      160.72,        1.46,
      161.20,        1.51,
      161.72,        1.61,
      162.28,        1.64,
      162.79,        1.64,
      163.35,        1.69,
      163.95,        1.73,
      164.51,        1.77,
      165.03,        1.80,
      165.59,        1.84,
      166.11,        1.87,
      166.63,        1.89,
      167.19,        1.89,
      167.74,        1.90,
      168.26,        1.90,
      168.78,        1.99,
      169.30,        2.00,
      169.82,        2.04,
      170.34,        2.08,
      170.90,        2.12,
      171.46,        2.16,
      172.02,        2.16,
      172.57,        2.20,
      173.13,        2.21,
      173.65,        2.21,
      174.21,        2.25,
      174.73,        2.29,
      175.29,        2.32,
      175.85,        2.37,
      176.37,        2.43,
      176.89,        2.50,
      177.40,        2.54,
      177.92,        2.53,
      178.48,        2.54,
      179.04,        2.59,
      179.60,        2.60,
      180.16,        2.64,
      180.72,        2.70,
      181.28,        2.75,
      181.80,        2.80,
      182.36,        2.82,
      182.87,        2.86,
      183.43,        2.91,
      183.99,        2.97,
      184.55,        3.03,
      185.07,        3.09,
      185.55,        3.13,
      186.07,        3.17,
      186.63,        3.21,
      187.19,        3.25,
      187.74,        3.34,
      188.34,        3.36,
      188.90,        3.39,
      189.46,        3.45,
      189.98,        3.52,
      190.50,        3.52,
      191.06,        3.52,
      191.62,        3.53,
      192.18,        3.53,
      192.69,        3.55,
      193.21,        3.56,
      193.73,        3.56,
      194.25,        3.60,
      194.81,        3.70,
      195.37,        3.74,
      195.97,        3.78,
      196.53,        3.83,
      197.09,        3.88,
      197.60,        3.92,
      198.16,        3.96,
      198.68,        4.04,
      199.24,        4.11,
      199.80,        4.15,
      200.36,        4.20,
      200.88,        4.22,
      201.40,        4.28,
      201.92,        4.31,
      202.43,        4.32,
      203.03,        4.35,
      203.59,        4.41,
      204.15,        4.52,
      204.75,        4.54,
      205.27,        4.54,
      205.83,        4.54,
      206.35,        4.53,
      206.91,        4.51,
      207.46,        4.47,
      208.02,        4.31,
      208.54,        4.04,
      209.06,        3.70,
      209.58,        3.32,
      210.14,        2.96,
      210.70,        2.57,
      211.26,        2.19,
      211.82,        1.80,
      212.41,        1.42,
      212.97,        1.01,
      213.49,        0.58,
      214.05,        0.10,
      214.57,       -0.36,
      215.13,       -0.79,
      215.69,       -1.01,
      216.25,       -1.01,
      216.77,       -1.02,
      217.29,       -1.02,
      217.80,       -1.04,
      218.36,       -1.08,
      218.92,       -1.11,
      219.48,       -1.11,
      220.08,       -1.13,
      220.64,       -1.20,
      221.20,       -1.25,
      221.72,       -1.30,
      222.28,       -1.32,
      222.79,       -1.34,
      223.35,       -1.31,
      223.91,       -1.29,
      224.47,       -1.26,
      224.99,       -1.22,
      225.55,       -1.22,
      226.03,       -1.25,
      226.59,       -1.27,
      227.19,       -1.28,
      227.74,       -1.24,
      228.34,       -1.20,
      228.90,       -1.25,
      229.46,       -1.27,
      229.98,       -1.29,
      230.54,       -1.30,
      231.06,       -1.32,
      231.66,       -1.33,
      232.22,       -1.27,
      232.73,       -1.15,
      233.25,       -1.03,
      233.81,       -0.95,
      234.37,       -0.93,
      234.89,       -0.93,
      235.49,       -0.93,
      236.05,       -0.84,
      236.61,       -0.74,
      237.21,       -0.68,
      237.72,       -0.63,
      238.28,       -0.56,
      238.84,       -0.63,
      239.36,       -0.62,
      239.96,       -0.60,
      240.52,       -0.55,
      241.04,       -0.58,
      241.56,       -0.55,
      242.08,       -0.50,
      242.63,       -0.46,
      243.19,       -0.45,
      243.79,       -0.46,
      244.39,       -0.44,
      244.95,       -0.39,
      245.51,       -0.29,
      246.03,       -0.23,
      246.59,       -0.24,
      247.15,       -0.22,
      247.70,       -0.19,
      248.26,       -0.13,
      248.82,       -0.08,
      249.34,       -0.02,
      249.90,       -0.03,
      250.42,       -0.01,
      250.98,        0.05,
      251.58,        0.08,
      252.14,        0.15,
      252.69,        0.20,
      253.29,        0.20,
      253.81,        0.26,
      254.37,        0.30,
      254.93,        0.32,
      255.49,        0.29,
      256.05,        0.32,
      256.61,        0.37,
      257.13,        0.42,
      257.68,        0.42,
      258.20,        0.39,
      258.80,        0.41,
      259.32,        0.49,
      259.92,        0.55,
      260.48,        0.59,
      261.08,        0.64,
      261.64,        0.64,
      262.16,        0.65,
      262.71,        0.71,
      263.27,        0.79,
      263.83,        0.87,
      264.39,        0.87,
      264.95,        0.81,
      265.47,        0.81,
      265.99,        0.86,
      266.59,        0.91,
      267.15,        0.94,
      267.70,        0.98,
      268.26,        1.03,
      268.86,        1.03,
      269.42,        1.03,
      269.98,        1.04,
      270.50,        1.03,
      271.06,        1.07,
      271.62,        1.08,
      272.22,        1.15,
      272.73,        1.16,
      273.29,        1.21,
      273.81,        1.24,
      274.37,        1.23,
      274.93,        1.23,
      275.53,        1.21,
      276.09,        1.22,
      276.65,        1.25,
      277.25,        1.29,
      277.80,        1.30,
      278.32,        1.35,
      278.88,        1.39,
      279.44,        1.38,
      280.00,        1.45,
      280.56,        1.53,
      281.12,        1.60,
      281.64,        1.61,
      282.16,        1.61,
      282.75,        1.63,
      283.35,        1.68,
      283.91,        1.68,
      284.47,        1.72,
      285.03,        1.73,
      285.63,        1.71,
      286.15,        1.70,
      286.71,        1.71,
      287.27,        1.74,
      287.82,        1.79,
      288.42,        1.84,
      288.98,        1.86,
      289.50,        1.87,
      290.02,        1.92,
      290.58,        2.00,
      291.18,        2.08,
      291.78,        2.10,
      292.38,        2.10,
      292.93,        2.11,
      293.49,        2.17,
      294.05,        2.24,
      294.61,        2.25,
      295.17,        2.24,
      295.73,        2.28,
      296.29,        2.34,
      296.85,        2.36,
      297.41,        2.40,
      297.92,        2.47,
      298.48,        2.52,
      299.04,        2.58,
      299.64,        2.67,
      300.24,        2.69,
      300.80,        2.72,
      301.36,        2.76,
      301.92,        2.83,
      302.47,        2.88,
      303.03,        2.88,
      303.59,        2.89,
      304.15,        2.95,
      304.71,        2.96,
      305.27,        2.96,
      305.79,        3.02,
      306.35,        3.07,
      306.91,        3.08,
      307.50,        3.12,
      308.06,        3.15,
      308.66,        3.34,
      309.22,        3.25,
      309.78,        3.30,
      310.34,        3.35,
      310.90,        3.38,
      311.46,        3.47,
      312.02,        3.56,
      312.57,        3.61,
      313.13,        3.66,
      313.69,        3.72,
      314.25,        3.79,
      314.77,        3.78,
      315.37,        3.78,
      315.93,        3.82,
      316.53,        3.84,
      317.09,        3.87,
      317.68,        3.83,
      318.24,        3.90,
      318.80,        3.81,
      319.36,        3.80,
      319.92,        3.81,
      320.48,        3.77,
      321.04,        3.84,
      321.56,        3.79,
      322.12,        3.85,
      322.67,        3.85,
      323.23,        3.86,
      323.83,        3.87,
      324.39,        3.89,
      324.99,        3.92,
      325.59,        3.95,
      326.11,        3.98,
      326.71,        4.02,
      327.27,        4.00,
      327.82,        4.00,
      328.38,        4.00,
      328.94,        4.04,
      329.50,        3.96,
      330.02,        3.92,
      330.58,        3.94,
      331.18,        3.88,
      331.78,        3.93,
      332.38,        3.94,
      332.93,        3.97,
      333.53,        3.94,
      334.09,        3.94,
      334.65,        3.95,
      335.21,        3.91,
      335.77,        3.94,
      336.33,        3.92,
      336.89,        3.94,
      337.44,        3.91,
      337.96,        3.84,
      338.52,        3.90,
      339.12,        3.82,
      339.68,        3.88,
      340.28,        3.78,
      340.84,        3.74,
      341.44,        3.73,
      342.04,        3.60,
      342.59,        3.62,
      343.11,        3.39,
      343.67,        3.43,
      344.23,        3.26,
      344.79,        3.03,
      345.35,        2.89,
      345.91,        2.54,
      346.47,        2.38,
      347.03,        2.05,
      347.62,        1.77,
      348.18,        1.70,
      348.78,        1.40,
      349.38,        1.34,
      349.94,        1.16,
      350.50,        0.98,
      351.10,        0.94,
      351.62,        0.77,
      352.22,        0.75,
      352.73,        0.66,
      353.29,        0.50,
      353.85,        0.46,
      354.37,        0.24,
      354.97,        0.19,
      355.53,        0.11,
      356.13,       -0.04,
      356.73,       -0.08,
      357.29,       -0.27,
      357.88,       -0.35,
      358.44,       -0.40,
      359.00,       -0.53,
      359.56,       -0.55,
      360.12,       -0.67,
      360.68,       -0.76,
      361.20,       -0.82,
      361.76,       -0.93,
      362.32,       -0.98,
      362.87,       -1.01,
      363.43,       -1.18,
      364.03,       -1.29,
      364.63,       -1.51,
      365.19,       -1.81,
      365.79,       -2.20,
      366.35,       -2.60,
      366.95,       -3.01,
      367.50,       -3.40,
      368.06,       -3.65,
      368.58,       -3.73,
      369.14,       -3.81,
      369.70,       -3.96,
      370.22,       -4.12,
      370.82,       -4.14,
      371.38,       -4.23,
      371.98,       -4.34,
      372.53,       -4.42,
      373.13,       -4.47,
      373.73,       -4.49,
      374.29,       -4.52,
      374.85,       -4.58,
      375.41,       -4.57,
      375.97,       -4.48,
      376.53,       -4.41,
      377.05,       -4.37,
      377.60,       -4.28,
      378.12,       -4.18,
      378.72,       -4.04,
      379.28,       -3.82,
      379.88,       -3.56,
      380.44,       -3.34,
      381.04,       -3.13,
      381.64,       -2.92,
      382.20,       -2.69,
      382.75,       -2.48,
      383.31,       -2.33,
      383.87,       -2.20,
      384.43,       -2.12,
      384.99,       -2.01,
      385.51,       -1.91,
      386.07,       -1.85,
      386.63,       -1.73,
      387.19,       -1.59,
      387.78,       -1.49,
      388.34,       -1.42,
      388.94,       -1.33,
      389.50,       -1.20,
      390.10,       -1.11,
      390.66,       -1.03,
      391.18,       -0.94,
      391.78,       -0.83,
      392.34,       -0.73,
      392.89,       -0.63,
      393.41,       -0.55,
      393.93,       -0.49,
      394.49,       -0.44,
      395.09,       -0.37,
      395.65,       -0.33,
      396.25,       -0.24,
      396.81,       -0.17,
      397.41,       -0.11,
      397.96,       -0.05,
      398.52,        0.03,
      399.08,        0.11,
      399.64,        0.15,
      400.20,        0.26,
      400.76,        0.36,
      401.32,        0.40,
      401.84,        0.47,
      402.36,        0.55,
      402.95,        0.64,
      403.51,        0.66,
      404.11,        0.64,
      404.71,        0.68,
      405.27,        0.68,
      405.87,        0.74,
      406.43,        0.80,
      406.95,        0.86,
      407.54,        0.92,
      408.10,        0.94,
      408.66,        0.98,
      409.22,        1.04,
      409.74,        1.09,
      410.30,        1.16,
      410.82,        1.19,
      411.42,        1.27,
      411.98,        1.20,
      412.57,        1.20,
      413.17,        1.19,
      413.73,        1.17,
      414.33,        1.16,
      414.89,        1.16,
      415.45,        1.18,
      416.01,        1.17,
      416.57,        1.19,
      417.13,        1.28,
      417.64,        1.33,
      418.20,        1.33,
      418.80,        1.35,
      419.32,        1.36,
      419.92,        1.38,
      420.48,        1.45,
      421.08,        1.48,
      421.68,        1.53,
      422.24,        1.54,
      422.83,        1.59,
      423.39,        1.68,
      423.95,        1.68,
      424.51,        1.73,
      425.07,        1.81,
      425.59,        1.84,
      426.15,        1.87,
      426.75,        1.81,
      427.31,        1.91,
      427.86,        1.96,
      428.42,        1.94,
      429.02,        1.97,
      429.62,        2.00,
      430.18,        2.02,
      430.78,        2.08,
      431.34,        2.10,
      431.90,        2.07,
      432.46,        2.05,
      433.01,        2.08,
      433.57,        2.07,
      434.09,        2.08,
      434.69,        2.12,
      435.25,        2.11,
      435.85,        2.11,
      436.41,        2.08,
      436.97,        2.08,
      437.56,        2.10,
      438.12,        2.06,
      438.72,        2.07,
      439.24,        2.05,
      439.84,        2.09,
      440.36,        2.18,
      440.96,        2.25,
      441.48,        2.26,
      442.04,        2.29,
      442.59,        2.29,
      443.19,        2.34,
      443.79,        2.34,
      444.35,        2.37,
      444.95,        2.43,
      445.51,        2.46,
      446.07,        2.54,
      446.67,        2.61,
      447.23,        2.69,
      447.74,        2.78,
      448.30,        2.79,
      448.86,        2.84,
      449.42,        2.87,
      449.98,        2.93,
      450.54,        2.97,
      451.10,        3.04,
      451.70,        3.05,
      452.30,        3.08,
      452.81,        3.13,
      453.41,        3.17,
      453.97,        3.19,
      454.53,        3.20,
      455.09,        3.21,
      455.65,        3.24,
      456.21,        3.30,
      456.77,        3.32,
      457.33,        3.34,
      457.84,        3.37,
      458.40,        3.40,
      459.00,        3.44,
      459.56,        3.47,
      460.16,        3.52,
      460.76,        3.60,
      461.32,        3.64,
      461.88,        3.66,
      462.40,        3.66,
      462.95,        3.66,
      463.51,        3.66,
      464.11,        3.69,
      464.67,        3.68,
      465.19,        3.71,
      465.75,        3.70,
      466.31,        3.71,
      466.87,        3.74,
      467.47,        3.77,
      468.06,        3.74,
      468.62,        3.74,
      469.22,        3.76,
      469.78,        3.75,
      470.30,        3.80,
      470.86,        3.85,
      471.42,        3.87,
      472.02,        3.89,
      472.57,        3.91,
      473.09,        3.89,
      473.65,        3.88,
      474.21,        3.86,
      474.77,        3.96,
      475.37,        4.00,
      475.97,        4.02,
      476.53,        4.05,
      477.13,        4.06,
      477.68,        4.04,
      478.20,        4.04,
      478.76,        4.00,
      479.32,        3.96,
      479.88,        3.93,
      480.44,        3.91,
      481.00,        3.89,
      481.56,        3.88,
      482.12,        3.86,
      482.67,        3.86,
      483.27,        3.86,
      483.87,        3.87,
      484.43,        3.85,
      485.03,        3.84,
      485.59,        3.78,
      486.15,        3.78,
      486.67,        3.77,
      487.23,        3.77,
      487.78,        3.78,
      488.34,        3.83,
      488.94,        3.83,
      489.46,        3.84,
      489.98,        3.83,
      490.58,        3.82,
      491.14,        3.80,
      491.74,        3.81,
      492.34,        3.83,
      492.93,        3.84,
      493.49,        3.86,
      494.05,        3.86,
      494.61,        3.84,
      495.13,        3.80,
      495.69,        3.73,
      496.25,        3.69,
      496.81,        3.58,
      497.37,        3.57,
      497.92,        3.48,
      498.48,        3.43,
      499.04,        3.38,
      499.64,        3.26,
      500.24,        3.22,
      500.84,        3.20,
      501.40,        3.17,
      501.96,        3.09,
      502.52,        3.05,
      503.07,        3.06,
      503.63,        2.98,
      504.19,        2.99,
      504.75,        2.92,
      505.27,        2.91,
      505.83,        2.91,
      506.39,        2.91,
      506.95,        2.88,
      507.54,        2.85,
      508.14,        2.79,
      508.74,        2.69,
      509.30,        2.61,
      509.90,        2.59,
      510.46,        2.56,
      511.02,        2.53,
      511.58,        2.45,
      512.10,        2.41,
      512.65,        2.38,
      513.21,        2.36,
      513.77,        2.40,
      514.33,        2.34,
      514.89,        2.40,
      515.49,        2.36,
      516.09,        2.39,
      516.65,        2.42,
      517.25,        2.35,
      517.80,        2.34,
      518.40,        2.29,
      518.96,        2.27,
      519.52,        2.15,
      520.08,        1.96,
      520.60,        1.71,
      521.16,        1.43,
      521.72,        1.04,
      522.28,        0.70,
      522.83,        0.33,
      523.43,       -0.07,
      524.03,       -0.45,
      524.59,       -0.89,
      525.15,       -1.34,
      525.71,       -1.72,
      526.27,       -2.09,
      526.83,       -2.46,
      527.39,       -2.88,
      527.94,       -3.33,
      528.54,       -3.78,
      529.06,       -4.18,
      529.62,       -4.48,
      530.14,       -4.55,
      530.74,       -4.57,
      531.34,       -4.46,
      531.90,       -4.40,
      532.50,       -4.39,
      533.09,       -4.35,
      533.65,       -4.39,
      534.25,       -4.46,
      534.81,       -4.46,
      535.37,       -4.49,
      535.93,       -4.51,
      536.49,       -4.50,
      537.05,       -4.49,
      537.56,       -4.49,
      538.12,       -4.45,
      538.72,       -4.45,
      539.28,       -4.46,
      539.88,       -4.55,
      540.48,       -4.65,
      541.04,       -4.70,
      541.64,       -4.74,
      542.20,       -4.79,
      542.75,       -4.79,
      543.35,       -4.80,
      543.91,       -4.79,
      544.47,       -4.82,
      545.03,       -4.87,
      545.55,       -4.90,
      546.07,       -4.87,
      546.67,       -4.87,
      547.27,       -4.83,
      547.82,       -4.74,
      548.42,       -4.60,
      549.02,       -4.52,
      549.58,       -4.54,
      550.18,       -4.61,
      550.74,       -4.61,
      551.30,       -4.57,
      551.86,       -4.52,
      552.42,       -4.43,
      552.97,       -4.39,
      553.53,       -4.35,
      554.05,       -4.32,
      554.61,       -4.28,
      555.21,       -4.29,
      555.81,       -4.27,
      556.37,       -4.26,
      556.97,       -4.24,
      557.53,       -4.17,
      558.08,       -4.09,
      558.68,       -4.09,
      559.24,       -4.04,
      559.80,       -3.96,
      560.36,       -3.94,
      560.88,       -3.89,
      561.44,       -3.83,
      562.00,       -3.75,
      562.52,       -3.65,
      563.11,       -3.68,
      563.71,       -3.55,
      564.27,       -3.51,
      564.87,       -3.44,
      565.47,       -3.40,
      566.03,       -3.31,
      566.55,       -3.25,
      567.15,       -3.20,
      567.70,       -3.15,
      568.26,       -3.16,
      568.82,       -3.10,
      569.34,       -3.07,
      569.90,       -3.02,
      570.46,       -2.94,
      571.02,       -2.91,
      571.62,       -2.91,
      572.22,       -2.88,
      572.77,       -2.86,
      573.33,       -2.82,
      573.85,       -2.72,
      574.45,       -2.69,
      574.97,       -2.62,
      575.57,       -2.56,
      576.13,       -2.47,
      576.69,       -2.34,
      577.21,       -2.37,
      577.76,       -2.36,
      578.32,       -2.26,
      578.92,       -2.21,
      579.48,       -2.14,
      580.08,       -2.11,
      580.64,       -2.08,
      581.24,       -2.00,
      581.76,       -1.99,
      582.32,       -2.01,
      582.87,       -1.99,
      583.43,       -1.93,
      584.03,       -1.85,
      584.59,       -1.80,
      585.15,       -1.77,
      585.67,       -1.66,
      586.23,       -1.56,
      586.83,       -1.56,
      587.39,       -1.55,
      587.94,       -1.50,
      588.54,       -1.45,
      589.10,       -1.39,
      589.66,       -1.38,
      590.18,       -1.31,
      590.78,       -1.23,
      591.34,       -1.20,
      591.90,       -1.16,
      592.46,       -1.12,
      593.01,       -1.13,
      593.53,       -1.08,
      594.09,       -1.05,
      594.69,       -1.01,
      595.25,       -0.98,
      595.85,       -0.96,
      596.41,       -0.98,
      597.01,       -0.91,
      597.53,       -0.86,
      598.08,       -0.83,
      598.64,       -0.78,
      599.20,       -0.72,
      599.80,       -0.69,
      600.36,       -0.63,
      600.92,       -0.57,
      601.44,       -0.55,
      602.00,       -0.55,
      602.56,       -0.55,
      603.15,       -0.56,
      603.75,       -0.56,
      604.35,       -0.53,
      604.91,       -0.54,
      605.47,       -0.56,
      605.99,       -0.58,
      606.55,       -0.59,
      607.15,       -0.63,
      607.70,       -0.68,
      608.26,       -0.72,
      608.82,       -0.78,
      609.34,       -0.84,
      609.90,       -0.90,
      610.46,       -0.97,
      611.06,       -1.03,
      611.66,       -1.10,
      612.22,       -1.20,
      612.81,       -1.39,
      613.37,       -1.75,
      613.89,       -2.21,
      614.45,       -2.69,
      615.01,       -3.17,
      615.57,       -3.56,
      616.17,       -3.66,
      616.73,       -3.70,
      617.25,       -3.74,
      617.80,       -3.71,
      618.36,       -3.67,
      618.96,       -3.71,
      619.56,       -3.61,
      620.12,       -3.62,
      620.72,       -3.65,
      621.28,       -3.60,
      621.80,       -3.64,
      622.32,       -3.61,
      622.87,       -3.50,
      623.51,       -3.46,
      624.07,       -3.38,
      624.63,       -3.28,
      625.19,       -3.28,
      625.71,       -3.20,
      626.27,       -3.17,
      626.87,       -3.05,
      627.47,       -2.96,
      628.02,       -2.90,
      628.62,       -2.86,
      629.22,       -2.79,
      629.78,       -2.78,
      630.30,       -2.76,
      630.82,       -2.69,
      631.42,       -2.70,
      631.98,       -2.65,
      632.54,       -2.58,
      633.09,       -2.51,
      633.61,       -2.43,
      634.17,       -2.35,
      634.77,       -2.32,
      635.37,       -2.27,
      635.97,       -2.24,
      636.53,       -2.19,
      637.13,       -2.11,
      637.68,       -2.05,
      638.24,       -1.97,
      638.76,       -1.88,
      639.36,       -1.81,
      639.92,       -1.78,
      640.48,       -1.77,
      641.00,       -1.75,
      641.56,       -1.68,
      642.12,       -1.61,
      642.71,       -1.60,
      643.27,       -1.51,
      643.87,       -1.49,
      644.43,       -1.42,
      645.03,       -1.33,
      645.63,       -1.32,
      646.19,       -1.25,
      646.71,       -1.20,
      647.27,       -1.18,
      647.82,       -1.10,
      648.38,       -1.05,
      648.94,       -1.04,
      649.50,       -0.93,
      650.06,       -0.90,
      650.62,       -0.82,
      651.22,       -0.71,
      651.78,       -0.76,
      652.38,       -0.64,
      652.97,       -0.61,
      653.57,       -0.62,
      654.13,       -0.55,
      654.69,       -0.53,
      655.25,       -0.45,
      655.77,       -0.37,
      656.33,       -0.35,
      656.89,       -0.29,
      657.45,       -0.27,
      658.00,       -0.22,
      658.56,       -0.20,
      659.16,       -0.20,
      659.72,       -0.18,
      660.32,       -0.11,
      660.92,       -0.14,
      661.48,       -0.07,
      662.08,       -0.07,
      662.63,       -0.07,
      663.19,       -0.05,
      663.75,       -0.15,
      664.27,       -0.28,
      664.83,       -0.55,
      665.39,       -0.90,
      665.95,       -1.31,
      666.51,       -1.76,
      667.11,       -2.16,
      667.70,       -2.53,
      668.26,       -2.78,
      668.86,       -3.13,
      669.42,       -3.58,
      670.02,       -4.02,
      670.58,       -4.44,
      671.14,       -4.83,
      671.70,       -5.19,
      672.26,       -5.42,
      672.77,       -5.42,
      673.33,       -5.52,
      673.89,       -5.57,
      674.45,       -5.62,
      675.05,       -5.75,
      675.61,       -5.78,
      676.21,       -5.79,
      676.81,       -5.88,
      677.37,       -5.90,
      677.96,       -5.88,
      678.52,       -5.97,
      679.08,       -5.96,
      679.64,       -5.92,
      680.20,       -6.02,
      680.72,       -5.98,
      681.28,       -5.99,
      681.84,       -6.08,
      682.40,       -6.07,
      682.99,       -6.01,
      683.55,       -6.03,
      684.15,       -5.97,
      684.75,       -5.93,
      685.31,       -5.91,
      685.91,       -5.86,
      686.47,       -5.81,
      687.03,       -5.83,
      687.59,       -5.70,
      688.14,       -5.61,
      688.70,       -5.55,
      689.22,       -5.44,
      689.78,       -5.40,
      690.34,       -5.31,
      690.94,       -5.22,
      691.54,       -5.13,
      692.10,       -5.05,
      692.69,       -4.93,
      693.29,       -4.84,
      693.85,       -4.76,
      694.41,       -4.62,
      694.97,       -4.48,
      695.53,       -4.32,
      696.09,       -4.17,
      696.65,       -4.06,
      697.21,       -3.98,
      697.76,       -3.89,
      698.32,       -3.82,
      698.88,       -3.72,
      699.48,       -3.63,
      700.08,       -3.61,
      700.64,       -3.50,
      701.24,       -3.35,
      701.84,       -3.30,
      702.40,       -3.25,
      702.95,       -3.17,
      703.55,       -3.10,
      704.07,       -2.99,
      704.63,       -2.91,
      705.19,       -2.85,
      705.75,       -2.75,
      706.31,       -2.68,
      706.87,       -2.59,
      707.47,       -2.52,
      708.02,       -2.46,
      708.62,       -2.36,
      709.22,       -2.26,
      709.78,       -2.24,
      710.34,       -2.16,
      710.90,       -2.08,
      711.46,       -1.98,
      712.02,       -1.89,
      712.58,       -1.79,
      713.13,       -1.66,
      713.65,       -1.55,
      714.25,       -1.50,
      714.81,       -1.53,
      715.37,       -1.50,
      715.97,       -1.42,
      716.57,       -1.39,
      717.13,       -1.34,
      717.72,       -1.32,
      718.28,       -1.22,
      718.84,       -1.16,
      719.40,       -1.13,
      719.96,       -1.09,
      720.52,       -1.02,
      721.08,       -0.97,
      721.64,       -0.96,
      722.20,       -0.93,
      722.79,       -0.88,
      723.31,       -0.88,
      723.91,       -0.85,
      724.51,       -0.85,
      725.07,       -0.83,
      725.67,       -0.76,
      726.23,       -0.75,
      726.79,       -0.71,
      727.35,       -0.60,
      727.90,       -0.55,
      728.46,       -0.50,
      729.02,       -0.42,
      729.54,       -0.35,
      730.14,       -0.26,
      730.70,       -0.18,
      731.30,       -0.10,
      731.86,       -0.04,
      732.42,        0.03,
      733.01,        0.12,
      733.57,        0.22,
      734.13,        0.32,
      734.69,        0.37,
      735.25,        0.45,
      735.85,        0.53,
      736.41,        0.56,
      736.93,        0.59,
      737.49,        0.68,
      738.04,        0.76,
      738.60,        0.81,
      739.20,        0.84,
      739.80,        0.92,
      740.36,        0.96,
      740.92,        0.97,
      741.48,        0.98,
      742.04,        0.98,
      742.60,        1.05,
      743.15,        1.10,
      743.75,        1.12,
      744.31,        1.15,
      744.83,        1.16,
      745.35,        1.17,
      745.95,        1.18,
      746.51,        1.20,
      747.11,        1.23,
      747.66,        1.25,
      748.26,        1.12,
      748.82,        1.05,
      749.38,        1.03,
      749.94,        0.99,
      750.50,        1.04,
      751.06,        1.11,
      751.62,        1.11,
      752.18,        1.12,
      752.73,        1.16,
      753.25,        1.16,
      753.81,        1.16,
      754.41,        1.18,
      755.01,        1.19,
      755.61,        1.20,
      756.17,        1.23,
      756.77,        1.33,
      757.29,        1.40,
      757.84,        1.42,
      758.40,        1.40,
      758.96,        1.46,
      759.52,        1.50,
      760.08,        1.54,
      760.64,        1.56,
      761.16,        1.60,
      761.76,        1.64,
      762.32,        1.68,
      762.91,        1.71,
      763.51,        1.75,
      764.07,        1.77,
      764.67,        1.78,
      765.23,        1.77,
      765.71,        1.79,
      766.31,        1.82,
      766.87,        1.81,
      767.43,        1.83,
      767.98,        1.83,
      768.54,        2.07,
      769.06,        1.76,
      769.62,        1.51,
      770.18,        1.27,
      770.78,        1.14,
      771.38,        1.13,
      771.98,        1.09,
      772.58,        1.07,
      773.13,        1.05,
      773.65,        0.95,
      774.17,        0.86,
      774.77,        0.73,
      775.33,        0.59,
      775.89,        0.41,
      776.45,        0.20,
      776.97,       -0.07,
      777.53,       -0.36,
      778.08,       -0.68,
      778.68,       -1.03,
      779.28,       -1.35,
      779.84,       -1.64,
      780.44,       -1.94,
      781.04,       -2.23,
      781.56,       -2.54,
      782.12,       -2.88,
      782.67,       -3.28,
      783.23,       -3.71,
      783.79,       -4.15,
      784.35,       -4.55,
      784.87,       -4.93,
      785.43,       -5.33,
      785.99,       -5.74,
      786.59,       -6.08,
      787.19,       -6.25,
      787.74,       -6.32,
      788.34,       -6.36,
      788.94,       -6.40,
      789.50,       -6.40,
      790.02,       -6.47,
      790.58,       -6.58,
      791.14,       -6.58,
      791.70,       -6.54,
      792.26,       -6.55,
      792.81,       -6.52,
      793.33,       -6.54,
      793.93,       -6.64,
      794.49,       -6.71,
      795.09,       -6.73,
      795.69,       -6.74,
      796.29,       -6.75,
      796.85,       -6.67,
      797.41,       -6.67,
      797.96,       -6.76,
      798.52,       -6.87,
      799.08,       -6.88,
      799.64,       -6.84,
      800.20,       -6.77,
      800.76,       -6.72,
      801.28,       -6.73,
      801.88,       -6.73,
      802.44,       -6.68,
      803.03,       -6.65,
      803.63,       -6.58,
      804.19,       -6.53,
      804.79,       -6.56,
      805.35,       -6.62,
      805.91,       -6.64,
      806.47,       -6.64,
      807.03,       -6.65,
      807.55,       -6.62,
      808.10,       -6.67,
      808.66,       -6.71,
      809.22,       -6.70,
      809.78,       -6.66,
      810.38,       -6.62,
      810.94,       -6.59,
      811.54,       -6.58,
      812.14,       -6.57,
      812.69,       -6.50,
      813.25,       -6.52,
      813.81,       -6.54,
      814.33,       -6.51,
      814.89,       -6.45,
      815.49,       -6.39,
      816.01,       -6.29,
      816.57,       -6.26,
      817.09,       -6.27,
      817.68,       -6.30,
      818.24,       -6.27,
      818.84,       -6.19,
      819.40,       -6.17,
      820.00,       -6.18,
      820.60,       -6.10,
      821.12,       -6.00,
      821.68,       -5.93,
      822.20,       -5.88,
      822.75,       -5.87,
      823.35,       -5.79,
      823.91,       -5.78,
      824.43,       -5.71,
      824.99,       -5.66,
      825.55,       -5.67,
      826.11,       -5.64,
      826.71,       -5.57,
      827.27,       -5.49,
      827.86,       -5.44,
      828.42,       -5.40,
      828.98,       -5.34,
      829.50,       -5.30,
      830.06,       -5.28,
      830.62,       -5.27,
      831.22,       -5.28,
      831.78,       -5.23,
      832.34,       -5.21,
      832.81,       -5.17,
      833.37,       -5.13,
      833.97,       -5.07,
      834.57,       -5.02,
      835.13,       -5.03,
      835.73,       -5.02,
      836.29,       -4.96,
      836.85,       -4.92,
      837.41,       -4.86,
      837.92,       -4.84,
      838.48,       -4.83,
      839.08,       -4.76,
      839.64,       -4.67,
      840.20,       -4.61,
      840.72,       -4.53,
      841.24,       -4.48,
      841.84,       -4.44,
      842.44,       -4.40,
      843.03,       -4.39,
      843.63,       -4.34,
      844.19,       -4.26,
      844.75,       -4.19,
      845.27,       -4.15,
      845.83,       -4.09,
      846.39,       -4.08,
      846.99,       -4.00,
      847.55,       -3.92,
      848.10,       -3.90,
      848.62,       -3.85,
      849.18,       -3.78,
      849.74,       -3.69,
      850.30,       -3.61,
      850.90,       -3.54,
      851.50,       -3.52,
      852.06,       -3.48,
      852.62,       -3.45,
      853.17,       -3.39,
      853.69,       -3.33,
      854.25,       -3.27,
      854.85,       -3.25,
      855.41,       -3.20,
      855.97,       -3.13,
      856.53,       -3.05,
      857.05,       -2.99,
      857.61,       -2.96,
      858.16,       -2.95,
      858.76,       -2.89,
      859.32,       -2.88,
      859.92,       -2.88,
      860.52,       -2.87,
      861.04,       -2.81,
      861.60,       -2.75,
      862.16,       -2.71,
      862.71,       -2.69,
      863.27,       -2.63,
      863.83,       -2.53,
      864.39,       -2.49,
      864.95,       -2.43,
      865.51,       -2.35,
      866.07,       -2.29,
      866.63,       -2.19,
      867.23,       -2.12,
      867.82,       -2.05,
      868.38,       -1.97,
      868.94,       -1.90,
      869.46,       -1.83,
      870.02,       -1.81,
      870.58,       -1.77,
      871.18,       -1.69,
      871.74,       -1.64,
      872.30,       -1.64,
      872.81,       -1.58,
      873.37,       -1.51,
      873.93,       -1.42,
      874.53,       -1.37,
      875.09,       -1.40,
      875.69,       -1.38,
      876.29,       -1.33,
      876.85,       -1.30,
      877.37,       -1.26,
      877.92,       -1.21,
      878.48,       -1.21,
      879.08,       -1.20,
      879.64,       -1.16,
      880.20,       -1.12,
      880.72,       -1.13,
      881.28,       -1.12,
      881.84,       -1.10,
      882.44,       -1.09,
      883.03,       -1.11,
      883.55,       -1.09,
      884.15,       -1.05,
      884.75,       -1.04,
      885.27,       -1.02,
      885.83,       -1.05,
      886.39,       -1.03,
      886.95,       -1.00,
      887.55,       -1.00,
      888.10,       -1.09,
      888.62,       -1.11,
      889.18,       -1.07,
      889.74,       -1.05,
      890.30,       -1.03,
      890.90,       -1.00,
      891.50,       -0.95,
      892.02,       -0.93,
      892.58,       -0.87,
      893.13,       -0.86,
      893.69,       -0.82,
      894.29,       -0.76,
      894.85,       -0.71,
      895.41,       -0.66,
      895.97,       -0.63,
      896.53,       -0.54,
      897.05,       -0.50,
      897.65,       -0.46,
      898.20,       -0.43,
      898.80,       -0.37,
      899.40,       -0.34,
      899.96,       -0.32,
      900.52,       -0.28,
      901.08,       -0.24,
      901.60,       -0.22,
      902.16,       -0.15,
      902.75,       -0.11,
      903.31,       -0.06,
      903.87,       -0.02,
      904.43,       -0.07,
      904.95,       -0.32,
      905.51,       -0.70,
      906.11,       -1.10,
      906.71,       -1.47,
      907.31,       -1.65,
      907.86,       -1.90,
      908.46,       -2.20,
      909.02,       -2.49,
      909.54,       -2.80,
      910.10,       -3.11,
      910.66,       -3.42,
      911.22,       -3.61,
      911.82,       -3.95,
      912.34,       -4.37,
      912.93,       -4.70,
      913.45,       -5.08,
      914.01,       -5.51,
      914.61,       -5.86,
      915.21,       -6.25,
      915.77,       -6.67,
      916.37,       -7.01,
      916.93,       -7.33,
      917.49,       -7.58,
      918.00,       -7.62,
      918.56,       -7.67,
      919.16,       -7.78,
      919.72,       -7.80,
      920.28,       -7.89,
      920.80,       -7.91,
      921.36,       -7.88,
      921.96,       -7.85,
      922.52,       -7.79,
      923.11,       -7.76,
      923.71,       -7.84,
      924.27,       -7.56,
      924.83,       -7.56,
      925.35,       -7.62,
      925.91,       -7.58,
      926.47,       -7.48,
      927.03,       -7.40,
      927.59,       -7.28,
      928.14,       -7.28,
      928.70,       -7.32,
      929.26,       -7.32,
      929.82,       -7.36,
      930.42,       -7.36,
      930.98,       -7.39,
      931.58,       -7.45,
      932.18,       -7.47,
      932.70,       -7.57,
      933.25,       -7.61,
      933.77,       -7.55,
      934.33,       -7.48,
      934.89,       -7.41,
      935.49,       -7.36,
      936.05,       -7.31,
      936.57,       -7.24,
      937.13,       -7.15,
      937.69,       -7.07,
      938.28,       -7.01,
      938.88,       -6.90,
      939.44,       -6.84,
      940.04,       -6.87,
      940.60,       -6.95,
      941.12,       -6.88,
      941.68,       -6.80,
      942.24,       -6.80,
      942.79,       -6.72,
      943.35,       -6.67,
      943.91,       -6.65,
      944.47,       -6.61,
      944.99,       -6.55,
      945.59,       -6.48,
      946.15,       -6.47,
      946.75,       -6.42,
      947.35,       -6.40,
      947.94,       -6.35,
      948.50,       -6.28,
      949.02,       -6.16,
      949.58,       -6.18,
      950.18,       -6.19,
      950.70,       -6.16,
      951.26,       -6.05,
      951.82,       -5.99,
      952.38,       -5.95,
      952.93,       -5.90,
      953.49,       -5.83,
      954.05,       -5.79,
      954.65,       -5.71,
      955.25,       -5.65,
      955.85,       -5.62,
      956.41,       -5.56,
      956.97,       -5.45,
      957.53,       -5.41,
      958.08,       -5.36,
      958.64,       -5.31,
      959.20,       -5.28,
      959.76,       -5.23,
      960.32,       -5.18,
      960.84,       -5.18,
      961.40,       -5.09,
      962.00,       -5.00,
      962.60,       -4.93,
      963.15,       -4.89,
      963.75,       -4.79,
      964.35,       -4.76,
      964.91,       -4.73,
      965.51,       -4.68,
      966.07,       -4.62,
      966.63,       -4.52,
      967.19,       -4.42,
      967.71,       -4.35,
      968.30,       -4.35,
      968.82,       -4.35,
      969.38,       -4.33,
      969.98,       -4.28,
      970.54,       -4.26,
      971.14,       -4.21,
      971.70,       -4.16,
      972.30,       -4.11,
      972.89,       -4.06,
      973.45,       -4.03,
      974.05,       -3.96,
      974.61,       -3.96,
      975.21,       -3.91,
      975.77,       -3.84,
      976.29,       -3.75,
      976.81,       -3.72,
      977.37,       -3.74,
      977.96,       -3.69,
      978.56,       -3.66,
      979.12,       -3.62,
      979.72,       -3.59,
      980.32,       -3.55,
      980.88,       -3.52,
      981.48,       -3.45,
      982.04,       -3.39,
      982.60,       -3.34,
      983.15,       -3.31,
      983.71,       -3.31,
      984.31,       -3.26,
      984.83,       -3.19,
      985.39,       -3.21,
      985.95,       -3.18,
      986.55,       -3.13,
      987.15,       -3.13,
      987.71,       -3.12,
      988.30,       -3.07,
      988.86,       -3.04,
      989.46,       -3.02,
      990.02,       -3.01,
      990.62,       -2.98,
      991.18,       -2.93,
      991.74,       -2.91,
      992.30,       -2.86,
      992.85,       -2.78,
      993.37,       -2.76,
      993.93,       -2.69,
      994.53,       -2.60,
      995.13,       -2.56,
      995.69,       -2.50,
      996.33,       -2.41,
      996.89,       -2.38,
      997.49,       -2.31,
      998.04,       -2.27,
      998.60,       -2.21,
      999.20,       -2.18,
      999.76,       -2.12,
     1000.32,       -2.03,
     1000.84,       -1.94,
     1001.40,       -1.87,
     1001.96,       -1.81,
     1002.56,       -1.81,
     1003.15,       -1.80,
     1003.71,       -1.72,
     1004.31,       -1.63,
     1004.87,       -1.55,
     1005.47,       -1.51,
     1006.03,       -1.43,
     1006.63,       -1.34,
     1007.19,       -1.29,
     1007.75,       -1.24,
     1008.30,       -1.20,
     1008.82,       -1.16,
     1009.38,       -1.13,
     1009.98,       -1.07,
     1010.54,       -1.03,
     1011.14,       -0.99,
     1011.70,       -0.97,
     1012.30,       -0.95,
     1012.89,       -0.92,
     1013.45,       -0.90,
     1014.05,       -0.85,
     1014.61,       -0.88,
     1015.21,       -0.83,
     1015.77,       -0.83,
     1016.33,       -0.83,
     1016.85,       -0.87,
     1017.41,       -0.94,
     1018.00,       -1.00,
     1018.56,       -1.11,
     1019.12,       -1.21,
     1019.72,       -1.25,
     1020.32,       -1.23,
     1020.88,       -1.22,
     1021.48,       -1.20,
     1022.04,       -1.17,
     1022.60,       -1.16,
     1023.19,       -1.13,
     1023.71,       -1.03,
     1024.27,       -0.96,
     1024.83,       -0.88,
     1025.39,       -0.82,
     1025.95,       -0.76,
     1026.55,       -0.71,
     1027.15,       -0.63,
     1027.71,       -0.55,
     1028.26,       -0.42,
     1028.86,       -0.33,
     1029.42,       -0.26,
     1030.02,       -0.20,
     1030.58,       -0.15,
     1031.14,       -0.08,
     1031.70,       -0.02,
     1032.26,        0.06,
     1032.81,        0.12,
     1033.37,        0.22,
     1033.93,        0.32,
     1034.53,        0.36,
     1035.09,        0.41,
     1035.65,        0.46,
     1036.25,        0.51,
     1036.81,        0.55,
     1037.41,        0.66,
     1037.96,        0.72,
     1038.56,        0.79,
     1039.12,        0.83,
     1039.68,        0.85,
     1040.24,        0.86,
     1040.80,        0.92,
     1041.36,        0.93,
     1041.92,        0.93,
     1042.52,        0.94,
     1043.07,        0.98,
     1043.67,        1.02,
     1044.23,        1.03,
     1044.83,        1.03,
     1045.39,        1.05,
     1045.95,        1.04,
     1046.55,        1.03,
     1047.11,        1.02,
     1047.67,        0.98,
     1048.22,        1.01,
     1048.78,        0.95,
     1049.34,        0.92,
     1049.90,        0.89,
     1050.50,        0.84,
     1051.06,        0.80,
     1051.66,        0.72,
     1052.26,        0.68,
     1052.81,        0.68,
     1053.37,        0.62,
     1053.93,        0.60,
     1054.53,        0.67,
     1055.09,        0.59,
     1055.65,        0.53,
     1056.21,        0.45,
     1056.77,        0.39,
     1057.33,        0.39,
     1057.88,        0.31,
     1058.48,        0.21,
     1059.08,        0.09,
     1059.64,       -0.13,
     1060.24,       -0.44,
     1060.80,       -0.81,
     1061.36,       -1.20,
     1061.92,       -1.54,
     1062.52,       -1.90,
     1063.07,       -2.25,
     1063.63,       -2.60,
     1064.19,       -3.00,
     1064.75,       -3.37,
     1065.31,       -3.73,
     1065.87,       -4.12,
     1066.47,       -4.48,
     1067.07,       -4.89,
     1067.63,       -5.33,
     1068.22,       -5.75,
     1068.78,       -6.14,
     1069.38,       -6.44,
     1069.94,       -6.42,
     1070.50,       -6.34,
     1071.06,       -6.45,
     1071.62,       -6.69,
     1072.18,       -6.98,
     1072.74,       -7.28,
     1073.29,       -7.54,
     1073.89,       -7.67,
     1074.45,       -7.83,
     1075.05,       -7.93,
     1075.61,       -7.96,
     1076.21,       -7.98,
     1076.81,       -7.98,
     1077.37,       -7.98,
     1077.92,       -7.98,
     1078.48,       -7.98,
     1079.04,       -7.89,
     1079.60,       -7.81,
     1080.16,       -7.81,
     1080.72,       -7.71,
     1081.28,       -7.64,
     1081.88,       -7.78,
     1082.44,       -7.80,
     1083.03,       -7.74,
     1083.59,       -7.74,
     1084.19,       -7.62,
     1084.79,       -7.50,
     1085.35,       -7.45,
     1085.91,       -7.36,
     1086.47,       -7.26,
     1087.03,       -7.28,
     1087.59,       -7.28,
     1088.14,       -7.22,
     1088.70,       -7.28,
     1089.26,       -7.34,
     1089.86,       -7.26,
     1090.42,       -7.29,
     1091.02,       -7.37,
     1091.58,       -7.38,
     1092.18,       -7.45,
     1092.78,       -7.58,
     1093.33,       -7.62,
     1093.93,       -7.67,
     1094.49,       -7.80,
     1095.05,       -7.85,
     1095.57,       -7.92,
     1096.13,       -7.90,
     1096.69,       -7.89,
     1097.25,       -7.92,
     1097.81,       -7.85,
     1098.40,       -7.80,
     1099.00,       -7.76,
     1099.60,       -7.77,
     1100.16,       -7.75,
     1100.76,       -7.66,
     1101.32,       -7.63,
     1101.88,       -7.61,
     1102.44,       -7.58,
     1102.99,       -7.54,
     1103.55,       -7.51,
     1104.11,       -7.42,
     1104.67,       -7.36,
     1105.23,       -7.39,
     1105.79,       -7.30,
     1106.39,       -7.21,
     1106.99,       -7.26,
     1107.55,       -7.23,
     1108.14,       -7.09,
     1108.70,       -7.15,
     1109.30,       -7.06,
     1109.86,       -6.91,
     1110.46,       -6.90,
     1111.02,       -6.88,
     1111.58,       -6.77,
     1112.14,       -6.79,
     1112.66,       -6.76,
     1113.21,       -6.64,
     1113.77,       -6.66,
     1114.37,       -6.64,
     1114.97,       -6.54,
     1115.53,       -6.54,
     1116.13,       -6.45,
     1116.69,       -6.36,
     1117.29,       -6.32,
     1117.84,       -6.24,
     1118.40,       -6.12,
     1118.96,       -6.05,
     1119.52,       -5.97,
     1120.08,       -5.85,
     1120.64,       -5.79,
     1121.16,       -5.75,
     1121.76,       -5.64,
     1122.32,       -5.58,
     1122.91,       -5.51,
     1123.51,       -5.44,
     1124.07,       -5.38,
     1124.67,       -5.30,
     1125.23,       -5.24,
     1125.79,       -5.18,
     1126.39,       -5.09,
     1126.95,       -4.95,
     1127.51,       -4.85,
     1128.06,       -4.81,
     1128.58,       -4.72,
     1129.14,       -4.67,
     1129.70,       -4.62,
     1130.30,       -4.54,
     1130.86,       -4.58,
     1131.46,       -4.50,
     1132.06,       -4.35,
     1132.62,       -4.37,
     1133.21,       -4.32,
     1133.77,       -4.20,
     1134.33,       -4.14,
     1134.89,       -4.07,
     1135.45,       -4.00,
     1136.01,       -3.96,
     1136.57,       -3.96,
     1137.09,       -3.94,
     1137.69,       -3.89,
     1138.24,       -3.82,
     1138.80,       -3.74,
     1139.40,       -3.69,
     1140.00,       -3.61,
     1140.56,       -3.59,
     1141.16,       -3.49,
     1141.72,       -3.43,
     1142.28,       -3.36,
     1142.83,       -3.30,
     1143.39,       -3.22,
     1143.95,       -3.21,
     1144.51,       -3.17,
     1145.07,       -3.11,
     1145.63,       -3.04,
     1146.23,       -2.98,
     1146.79,       -2.92,
     1147.35,       -2.84,
     1147.94,       -2.76,
     1148.54,       -2.67,
     1149.10,       -2.59,
     1149.66,       -2.58,
     1150.26,       -2.56,
     1150.82,       -2.48,
     1151.38,       -2.43,
     1151.94,       -2.34,
     1152.46,       -2.30,
     1153.01,       -2.26,
     1153.61,       -2.22,
     1154.17,       -2.16,
     1154.73,       -2.13,
     1155.33,       -2.10,
     1155.93,       -2.06,
     1156.49,       -2.03,
     1157.09,       -1.96,
     1157.65,       -1.95,
     1158.20,       -1.93,
     1158.76,       -1.90,
     1159.32,       -1.81,
     1159.88,       -1.74,
     1160.44,       -1.70,
     1161.00,       -1.68,
     1161.56,       -1.66,
     1162.16,       -1.63,
     1162.76,       -1.57,
     1163.31,       -1.55,
     1163.91,       -1.54,
     1164.47,       -1.47,
     1165.03,       -1.43,
     1165.63,       -1.40,
     1166.19,       -1.32,
     1166.75,       -1.34,
     1167.31,       -1.30,
     1167.86,       -1.18,
     1168.42,       -1.13,
     1168.98,       -1.07,
     1169.54,       -0.98,
     1170.14,       -0.90,
     1170.74,       -0.83,
     1171.30,       -0.76,
     1171.90,       -0.70,
     1172.46,       -0.64,
     1173.05,       -0.59,
     1173.61,       -0.55,
     1174.17,       -0.47,
     1174.77,       -0.41,
     1175.33,       -0.33,
     1175.89,       -0.26,
     1176.41,       -0.20,
     1176.97,       -0.15,
     1177.57,       -0.17,
     1178.16,       -0.18,
     1178.72,       -0.15,
     1179.32,       -0.08,
     1179.92,       -0.03,
     1180.48,        0.01,
     1181.04,        0.02,
     1181.60,        0.06,
     1182.20,        0.15,
     1182.76,        0.19,
     1183.31,        0.21,
     1183.87,        0.20,
     1184.43,        0.17,
     1184.99,        0.18,
     1185.55,        0.20,
     1186.15,        0.22,
     1186.75,        0.20,
     1187.31,        0.12,
     1187.90,        0.10,
     1188.46,        0.10,
     1189.02,       -0.02,
     1189.58,       -0.09,
     1190.14,       -0.09,
     1190.74,       -0.11,
     1191.30,       -0.14,
     1191.86,       -0.18,
     1192.38,       -0.17,
     1192.93,       -0.14,
     1193.53,       -0.14,
     1194.09,       -0.13,
     1194.69,       -0.12,
     1195.25,       -0.15,
     1195.85,       -0.06,
     1196.41,        0.06,
     1196.97,        0.12,
     1197.49,        0.13,
     1198.04,        0.20,
     1198.60,        0.28,
     1199.12,        0.34,
     1199.68,        0.36,
     1200.20,        0.42,
     1200.68,        0.50,
     1201.24,        0.55,
     1201.76,        0.59,
     1202.28,        0.65,
     1202.80,        0.72,
     1203.31,        0.76,
     1203.83,        0.85,
     1204.35,        0.88,
     1204.83,        0.92,
     1205.31,        0.93,
     1205.79,        0.98,
     1206.27,        1.02,
     1206.71,        1.05,
     1207.19,        1.11,
     1207.63,        1.18,
     1208.06,        1.21,
     1208.46,        1.25,
     1208.90,        1.26,
     1209.38,        1.31,
     1209.82,        1.37,
     1210.26,        1.37,
     1210.70,        1.40,
     1211.14,        1.44,
     1211.58,        1.42,
     1211.94,        1.45,
     1212.34,        1.47,
     1212.70,        1.51,
     1213.09,        1.52,
     1213.49,        1.51,
     1213.89,        1.51,
     1214.25,        1.51,
     1214.61,        1.57,
     1214.97,        1.60,
     1215.29,        1.58,
     1215.57,        1.57,
     1215.85,        1.58,
     1216.09,        1.55,
     1216.33,        1.55,
     1216.57,        1.53,
     1216.77,        1.49,
     1216.97,        1.46,
     1217.13,        1.41,
     1217.29,        1.37,
     1217.45,        1.32,
     1217.53,        1.30,
     1217.65,        1.25,
     1217.73,        1.17,
     1217.81,        1.17,
     1217.85,        1.11,
     1217.89,        1.07,
     1217.92,        1.06,
