       -0.00,       -0.64,
        0.08,       -0.63,
        0.12,       -0.62,
        0.20,       -0.64,
        0.28,       -0.63,
        0.32,       -0.64,
        0.40,       -0.63,
        0.48,       -0.59,
        0.52,       -0.59,
        0.60,       -0.58,
        0.64,       -0.55,
        0.72,       -0.54,
        0.80,       -0.52,
        0.92,       -0.50,
        1.00,       -0.47,
        1.08,       -0.48,
        1.16,       -0.49,
        1.24,       -0.46,
        1.32,       -0.42,
        1.40,       -0.42,
        1.48,       -0.42,
        1.56,       -0.42,
        1.68,       -0.42,
        1.76,       -0.37,
        1.84,       -0.36,
        1.92,       -0.31,
        2.04,       -0.31,
        2.12,       -0.28,
        2.24,       -0.27,
        2.31,       -0.27,
        2.43,       -0.28,
        2.51,       -0.27,
        2.63,       -0.23,
        2.71,       -0.20,
        2.83,       -0.18,
        2.95,       -0.17,
        3.11,       -0.17,
        3.23,       -0.16,
        3.35,       -0.15,
        3.47,       -0.14,
        3.59,       -0.11,
        3.75,       -0.11,
        3.91,       -0.08,
        4.03,       -0.06,
        4.19,       -0.04,
        4.35,       -0.02,
        4.51,       -0.02,
        4.67,       -0.02,
        4.83,        0.00,
        5.03,        0.04,
        5.19,        0.05,
        5.39,        0.01,
        5.55,        0.04,
        5.75,        0.07,
        5.99,        0.05,
        6.19,        0.10,
        6.39,        0.11,
        6.63,        0.17,
        6.83,        0.16,
        7.07,        0.19,
        7.30,        0.23,
        7.54,        0.24,
        7.74,        0.25,
        7.98,        0.28,
        8.22,        0.27,
        8.46,        0.31,
        8.70,        0.32,
        8.90,        0.32,
        9.14,        0.36,
        9.38,        0.33,
        9.58,        0.36,
        9.82,        0.33,
       10.02,        0.33,
       10.26,        0.32,
       10.46,        0.33,
       10.70,        0.37,
       10.94,        0.37,
       11.18,        0.36,
       11.42,        0.38,
       11.66,        0.39,
       11.90,        0.38,
       12.18,        0.39,
       12.41,        0.42,
       12.69,        0.42,
       12.97,        0.44,
       13.25,        0.46,
       13.53,        0.45,
       13.81,        0.46,
       14.09,        0.45,
       14.37,        0.43,
       14.65,        0.44,
       14.93,        0.43,
       15.25,        0.42,
       15.53,        0.41,
       15.85,        0.39,
       16.13,        0.39,
       16.45,        0.34,
       16.77,        0.33,
       17.09,        0.30,
       17.40,        0.25,
       17.72,        0.22,
       18.04,        0.15,
       18.32,        0.11,
       18.64,        0.09,
       18.96,        0.07,
       19.28,        0.02,
       19.60,        0.02,
       19.92,        0.02,
       20.20,        0.02,
       20.56,        0.05,
       20.88,        0.04,
       21.16,        0.03,
       21.48,        0.05,
       21.80,        0.06,
       22.12,        0.09,
       22.43,        0.08,
       22.75,        0.11,
       23.07,        0.12,
       23.39,        0.11,
       23.75,        0.15,
       24.07,        0.10,
       24.43,        0.11,
       24.79,        0.12,
       25.15,        0.11,
       25.55,        0.14,
       25.87,        0.15,
       26.23,        0.14,
       26.55,        0.20,
       26.91,        0.15,
       27.27,        0.15,
       27.62,        0.15,
       27.98,        0.13,
       28.34,        0.16,
       28.70,        0.13,
       29.06,        0.14,
       29.42,        0.15,
       29.78,        0.14,
       30.10,        0.17,
       30.46,        0.17,
       30.82,        0.20,
       31.18,        0.24,
       31.50,        0.23,
       31.86,        0.22,
       32.26,        0.22,
       32.61,        0.23,
       33.01,        0.27,
       33.41,        0.27,
       33.81,        0.32,
       34.17,        0.27,
       34.57,        0.28,
       34.93,        0.33,
       35.33,        0.28,
       35.69,        0.32,
       36.09,        0.32,
       36.49,        0.32,
       36.89,        0.32,
       37.25,        0.33,
       37.60,        0.36,
       38.00,        0.32,
       38.36,        0.32,
       38.72,        0.32,
       39.12,        0.31,
       39.48,        0.33,
       39.88,        0.28,
       40.28,        0.16,
       40.68,        0.09,
       41.08,       -0.07,
       41.52,       -0.36,
       41.92,       -0.56,
       42.28,       -0.87,
       42.67,       -1.05,
       43.03,       -1.21,
       43.43,       -1.51,
       43.83,       -1.67,
       44.23,       -1.96,
       44.63,       -2.25,
       45.03,       -2.44,
       45.43,       -2.54,
       45.83,       -2.51,
       46.23,       -2.51,
       46.59,       -2.51,
       46.99,       -2.51,
       47.38,       -2.54,
       47.78,       -2.57,
       48.18,       -2.60,
       48.62,       -2.60,
       49.02,       -2.61,
       49.46,       -2.60,
       49.86,       -2.61,
       50.30,       -2.62,
       50.70,       -2.64,
       51.10,       -2.66,
       51.50,       -2.67,
       51.94,       -2.66,
       52.33,       -2.69,
       52.77,       -2.74,
       53.17,       -2.78,
       53.61,       -2.76,
       54.01,       -2.74,
       54.41,       -2.74,
       54.81,       -2.77,
       55.21,       -2.81,
       55.61,       -2.81,
       56.05,       -2.73,
       56.49,       -2.74,
       56.93,       -2.73,
       57.36,       -2.69,
       57.80,       -2.75,
       58.24,       -2.62,
       58.68,       -2.61,
       59.08,       -2.57,
       59.48,       -2.55,
       59.92,       -2.59,
       60.36,       -2.61,
       60.80,       -2.57,
       61.24,       -2.60,
       61.64,       -2.60,
       62.08,       -2.56,
       62.47,       -2.65,
       62.91,       -2.69,
       63.31,       -2.67,
       63.75,       -2.70,
       64.19,       -2.65,
       64.67,       -2.66,
       65.11,       -2.70,
       65.59,       -2.64,
       66.03,       -2.68,
       66.47,       -2.69,
       66.87,       -2.66,
       67.30,       -2.70,
       67.74,       -2.69,
       68.18,       -2.62,
       68.62,       -2.63,
       69.06,       -2.53,
       69.50,       -2.51,
       69.94,       -2.57,
       70.38,       -2.54,
       70.78,       -2.51,
       71.26,       -2.47,
       71.66,       -2.39,
       72.10,       -2.39,
       72.57,       -2.39,
       73.05,       -2.33,
       73.53,       -2.31,
       73.97,       -2.23,
       74.41,       -2.18,
       74.85,       -2.18,
       75.29,       -2.12,
       75.73,       -2.12,
       76.17,       -2.13,
       76.65,       -2.11,
       77.09,       -2.08,
       77.52,       -2.06,
       77.96,       -2.03,
       78.40,       -2.03,
       78.84,       -2.03,
       79.28,       -2.00,
       79.72,       -2.01,
       80.16,       -2.00,
       80.64,       -2.00,
       81.12,       -1.99,
       81.56,       -1.98,
       82.04,       -1.99,
       82.47,       -1.99,
       82.91,       -1.98,
       83.35,       -1.97,
       83.83,       -1.95,
       84.27,       -1.94,
       84.75,       -1.90,
       85.19,       -1.92,
       85.67,       -1.91,
       86.11,       -1.91,
       86.55,       -1.86,
       86.99,       -1.82,
       87.42,       -1.82,
       87.90,       -1.78,
       88.34,       -1.77,
       88.82,       -1.77,
       89.30,       -1.77,
       89.78,       -1.76,
       90.26,       -1.74,
       90.70,       -1.70,
       91.14,       -1.69,
       91.62,       -1.65,
       92.06,       -1.66,
       92.53,       -1.64,
       93.01,       -1.64,
       93.45,       -1.64,
       93.89,       -1.59,
       94.37,       -1.58,
       94.81,       -1.58,
       95.25,       -1.56,
       95.69,       -1.53,
       96.17,       -1.50,
       96.65,       -1.46,
       97.13,       -1.48,
       97.64,       -1.44,
       98.12,       -1.44,
       98.56,       -1.43,
       99.00,       -1.42,
       99.48,       -1.38,
       99.96,       -1.36,
      100.44,       -1.37,
      100.88,       -1.37,
      101.36,       -1.34,
      101.84,       -1.31,
      102.24,       -1.27,
      102.71,       -1.25,
      103.15,       -1.25,
      103.63,       -1.27,
      104.11,       -1.22,
      104.59,       -1.23,
      105.11,       -1.23,
      105.59,       -1.23,
      106.07,       -1.20,
      106.55,       -1.17,
      106.99,       -1.16,
      107.46,       -1.17,
      107.94,       -1.15,
      108.42,       -1.14,
      108.86,       -1.12,
      109.34,       -1.10,
      109.82,       -1.08,
      110.26,       -1.06,
      110.74,       -1.04,
      111.22,       -0.98,
      111.66,       -0.98,
      112.14,       -0.98,
      112.65,       -0.94,
      113.13,       -0.90,
      113.65,       -0.90,
      114.13,       -0.90,
      114.61,       -0.88,
      115.05,       -0.90,
      115.53,       -0.88,
      116.01,       -0.85,
      116.49,       -0.85,
      116.97,       -0.85,
      117.44,       -0.81,
      117.88,       -0.79,
      118.36,       -0.76,
      118.84,       -0.76,
      119.32,       -0.75,
      119.76,       -0.72,
      120.28,       -0.68,
      120.76,       -0.65,
      121.28,       -0.61,
      121.80,       -0.58,
      122.28,       -0.55,
      122.75,       -0.47,
      123.19,       -0.46,
      123.67,       -0.42,
      124.15,       -0.42,
      124.67,       -0.42,
      125.15,       -0.40,
      125.63,       -0.39,
      126.11,       -0.36,
      126.55,       -0.34,
      127.03,       -0.30,
      127.50,       -0.32,
      127.98,       -0.31,
      128.50,       -0.32,
      129.02,       -0.30,
      129.50,       -0.26,
      130.02,       -0.24,
      130.50,       -0.25,
      130.98,       -0.24,
      131.42,       -0.21,
      131.90,       -0.18,
      132.41,       -0.14,
      132.89,       -0.10,
      133.41,       -0.07,
      133.89,       -0.11,
      134.33,       -0.12,
      134.81,       -0.13,
      135.29,       -0.07,
      135.77,       -0.02,
      136.29,        0.00,
      136.81,        0.00,
      137.33,        0.02,
      137.80,        0.03,
      138.28,        0.02,
      138.76,        0.03,
      139.24,        0.05,
      139.72,        0.09,
      140.20,        0.05,
      140.72,        0.03,
      141.20,        0.07,
      141.68,        0.11,
      142.16,        0.14,
      142.63,        0.12,
      143.11,        0.12,
      143.59,        0.12,
      144.11,        0.15,
      144.63,        0.17,
      145.11,        0.18,
      145.63,        0.18,
      146.11,        0.24,
      146.59,        0.24,
      147.07,        0.25,
      147.54,        0.27,
      148.06,        0.28,
      148.54,        0.29,
      149.06,        0.29,
      149.54,        0.28,
      150.02,        0.27,
      150.50,        0.28,
      150.98,        0.28,
      151.46,        0.28,
      151.98,        0.33,
      152.45,        0.36,
      152.97,        0.39,
      153.49,        0.38,
      153.97,        0.41,
      154.49,        0.42,
      154.97,        0.43,
      155.45,        0.46,
      155.93,        0.45,
      156.45,        0.43,
      156.93,        0.44,
      157.44,        0.46,
      157.92,        0.47,
      158.40,        0.49,
      158.88,        0.51,
      159.36,        0.51,
      159.84,        0.51,
      160.36,        0.52,
      160.88,        0.51,
      161.40,        0.53,
      161.92,        0.52,
      162.43,        0.51,
      162.91,        0.52,
      163.39,        0.51,
      163.87,        0.52,
      164.39,        0.54,
      164.87,        0.50,
      165.39,        0.50,
      165.87,        0.49,
      166.35,        0.50,
      166.83,        0.59,
      167.31,        0.56,
      167.78,        0.55,
      168.30,        0.54,
      168.82,        0.57,
      169.34,        0.59,
      169.86,        0.61,
      170.34,        0.64,
      170.82,        0.66,
      171.30,        0.66,
      171.82,        0.67,
      172.30,        0.68,
      172.81,        0.69,
      173.33,        0.72,
      173.81,        0.74,
      174.29,        0.75,
      174.77,        0.80,
      175.25,        0.78,
      175.73,        0.78,
      176.29,        0.77,
      176.81,        0.76,
      177.29,        0.76,
      177.80,        0.76,
      178.32,        0.76,
      178.80,        0.77,
      179.28,        0.77,
      179.80,        0.76,
      180.28,        0.76,
      180.80,        0.76,
      181.32,        0.75,
      181.80,        0.73,
      182.28,        0.64,
      182.75,        0.63,
      183.23,        0.55,
      183.75,        0.52,
      184.27,        0.52,
      184.79,        0.42,
      185.31,        0.42,
      185.83,        0.40,
      186.35,        0.37,
      186.83,        0.35,
      187.31,        0.33,
      187.78,        0.28,
      188.30,        0.26,
      188.82,        0.32,
      189.34,        0.28,
      189.78,        0.29,
      190.26,        0.26,
      190.78,        0.22,
      191.26,        0.19,
      191.74,        0.09,
      192.26,        0.07,
      192.81,        0.07,
      193.33,       -0.02,
      193.81,       -0.06,
      194.33,       -0.16,
      194.81,       -0.27,
      195.33,       -0.51,
      195.81,       -0.89,
      196.33,       -1.31,
      196.85,       -1.68,
      197.33,       -2.10,
      197.80,       -2.48,
      198.28,       -2.77,
      198.76,       -2.86,
      199.28,       -2.93,
      199.80,       -2.96,
      200.28,       -2.99,
      200.84,       -2.98,
      201.36,       -2.92,
      201.88,       -2.91,
      202.36,       -2.96,
      202.87,       -2.83,
      203.35,       -2.83,
      203.87,       -2.78,
      204.35,       -2.73,
      204.87,       -2.75,
      205.35,       -2.74,
      205.83,       -2.77,
      206.31,       -2.82,
      206.83,       -2.82,
      207.31,       -2.82,
      207.82,       -2.74,
      208.34,       -2.69,
      208.86,       -2.75,
      209.38,       -2.78,
      209.90,       -2.76,
      210.42,       -2.78,
      210.90,       -2.78,
      211.38,       -2.76,
      211.90,       -2.74,
      212.38,       -2.65,
      212.89,       -2.64,
      213.41,       -2.57,
      213.89,       -2.50,
      214.37,       -2.51,
      214.89,       -2.51,
      215.37,       -2.47,
      215.89,       -2.43,
      216.41,       -2.38,
      216.93,       -2.36,
      217.44,       -2.37,
      217.96,       -2.33,
      218.48,       -2.29,
      218.96,       -2.30,
      219.44,       -2.25,
      219.92,       -2.24,
      220.44,       -2.23,
      220.96,       -2.17,
      221.48,       -2.19,
      221.96,       -2.16,
      222.43,       -2.14,
      222.95,       -2.14,
      223.43,       -2.08,
      223.95,       -2.08,
      224.47,       -2.08,
      225.03,       -2.09,
      225.55,       -2.08,
      226.07,       -2.09,
      226.55,       -2.04,
      227.03,       -2.04,
      227.54,       -2.05,
      228.02,       -2.04,
      228.54,       -2.03,
      229.06,       -1.98,
      229.58,       -1.94,
      230.06,       -1.93,
      230.54,       -1.93,
      231.06,       -1.90,
      231.54,       -1.88,
      232.10,       -1.83,
      232.57,       -1.82,
      233.13,       -1.82,
      233.65,       -1.77,
      234.17,       -1.77,
      234.65,       -1.70,
      235.13,       -1.67,
      235.61,       -1.66,
      236.13,       -1.60,
      236.65,       -1.60,
      237.17,       -1.60,
      237.64,       -1.56,
      238.12,       -1.57,
      238.64,       -1.58,
      239.12,       -1.56,
      239.64,       -1.56,
      240.16,       -1.54,
      240.72,       -1.52,
      241.20,       -1.51,
      241.76,       -1.46,
      242.24,       -1.42,
      242.75,       -1.39,
      243.23,       -1.38,
      243.71,       -1.38,
      244.23,       -1.39,
      244.75,       -1.39,
      245.27,       -1.42,
      245.75,       -1.38,
      246.27,       -1.33,
      246.75,       -1.34,
      247.27,       -1.34,
      247.78,       -1.33,
      248.30,       -1.25,
      248.82,       -1.19,
      249.34,       -1.15,
      249.86,       -1.12,
      250.38,       -1.11,
      250.86,       -1.07,
      251.34,       -1.07,
      251.86,       -1.05,
      252.38,       -1.01,
      252.89,       -0.98,
      253.41,       -0.97,
      253.89,       -0.90,
      254.37,       -0.88,
      254.89,       -0.83,
      255.37,       -0.79,
      255.93,       -0.78,
      256.45,       -0.74,
      256.97,       -0.68,
      257.48,       -0.66,
      258.00,       -0.65,
      258.48,       -0.61,
      259.00,       -0.59,
      259.48,       -0.56,
      260.00,       -0.49,
      260.52,       -0.44,
      261.04,       -0.38,
      261.52,       -0.36,
      262.04,       -0.35,
      262.51,       -0.33,
      263.03,       -0.33,
      263.51,       -0.33,
      264.07,       -0.28,
      264.59,       -0.28,
      265.07,       -0.24,
      265.63,       -0.18,
      266.11,       -0.15,
      266.63,       -0.09,
      267.15,       -0.07,
      267.62,       -0.07,
      268.18,       -0.07,
      268.70,       -0.07,
      269.22,       -0.06,
      269.70,       -0.03,
      270.18,       -0.05,
      270.70,       -0.07,
      271.18,       -0.02,
      271.70,       -0.02,
      272.26,       -0.03,
      272.73,        0.02,
      273.29,        0.02,
      273.81,       -0.01,
      274.33,        0.02,
      274.81,        0.00,
      275.33,        0.08,
      275.81,        0.09,
      276.33,       -0.02,
      276.85,        0.02,
      277.37,        0.03,
      277.84,        0.08,
      278.36,        0.15,
      278.84,        0.17,
      279.36,        0.20,
      279.88,        0.23,
      280.40,        0.28,
      280.92,        0.28,
      281.44,        0.29,
      281.96,        0.36,
      282.47,        0.41,
      282.99,        0.44,
      283.51,        0.47,
      284.03,        0.54,
      284.55,        0.58,
      285.07,        0.61,
      285.59,        0.70,
      286.07,        0.75,
      286.55,        0.82,
      287.07,        0.86,
      287.58,        0.87,
      288.10,        0.92,
      288.62,        0.98,
      289.14,        0.99,
      289.70,        1.01,
      290.22,        1.06,
      290.70,        1.12,
      291.22,        1.15,
      291.70,        1.16,
      292.22,        1.17,
      292.77,        1.20,
      293.25,        1.20,
      293.77,        1.21,
      294.25,        1.30,
      294.77,        1.34,
      295.25,        1.35,
      295.77,        1.37,
      296.29,        1.37,
      296.85,        1.40,
      297.37,        1.41,
      297.88,        1.44,
      298.44,        1.46,
      298.92,        1.47,
      299.40,        1.53,
      299.92,        1.57,
      300.44,        1.60,
      300.96,        1.64,
      301.48,        1.67,
      301.96,        1.68,
      302.47,        1.68,
      302.95,        1.66,
      303.43,        1.61,
      303.99,        1.42,
      304.55,        1.19,
      305.07,        0.84,
      305.63,        0.42,
      306.15,        0.02,
      306.67,       -0.41,
      307.15,       -0.79,
      307.66,       -0.98,
      308.18,       -1.16,
      308.70,       -1.20,
      309.22,       -1.32,
      309.74,       -1.47,
      310.22,       -1.47,
      310.70,       -1.51,
      311.18,       -1.56,
      311.70,       -1.55,
      312.22,       -1.59,
      312.77,       -1.61,
      313.29,       -1.60,
      313.85,       -1.56,
      314.37,       -1.57,
      314.85,       -1.59,
      315.37,       -1.60,
      315.85,       -1.59,
      316.45,       -1.62,
      316.97,       -1.68,
      317.48,       -1.72,
      317.96,       -1.72,
      318.44,       -1.73,
      318.96,       -1.75,
      319.44,       -1.86,
      320.00,       -1.88,
      320.52,       -1.90,
      321.08,       -1.92,
      321.60,       -1.93,
      322.12,       -1.94,
      322.67,       -2.00,
      323.15,       -1.98,
      323.67,       -1.94,
      324.19,       -1.95,
      324.71,       -1.95,
      325.23,       -1.97,
      325.75,       -1.97,
      326.23,       -1.99,
      326.71,       -2.05,
      327.19,       -2.08,
      327.70,       -2.07,
      328.22,       -2.07,
      328.78,       -2.08,
      329.38,       -2.12,
      329.90,       -2.12,
      330.42,       -2.14,
      330.94,       -2.14,
      331.46,       -2.16,
      331.98,       -2.13,
      332.45,       -2.16,
      332.97,       -2.17,
      333.49,       -2.16,
      334.01,       -2.16,
      334.49,       -2.15,
      334.97,       -2.12,
      335.49,       -2.11,
      336.01,       -2.07,
      336.53,       -2.08,
      337.13,       -2.08,
      337.64,       -2.08,
      338.20,       -2.08,
      338.72,       -2.06,
      339.24,       -2.03,
      339.76,       -2.01,
      340.24,       -2.01,
      340.76,       -2.03,
      341.28,       -2.00,
      341.76,       -1.99,
      342.28,       -1.99,
      342.75,       -2.02,
      343.23,       -2.00,
      343.75,       -1.98,
      344.31,       -1.94,
      344.83,       -1.93,
      345.35,       -1.92,
      345.91,       -1.94,
      346.43,       -1.95,
      346.95,       -1.93,
      347.50,       -1.92,
      347.98,       -1.90,
      348.50,       -1.86,
      349.02,       -1.87,
      349.50,       -1.86,
      350.02,       -1.85,
      350.54,       -1.81,
      351.02,       -1.75,
      351.50,       -1.73,
      352.06,       -1.71,
      352.61,       -1.64,
      353.17,       -1.66,
      353.69,       -1.65,
      354.21,       -1.61,
      354.77,       -1.62,
      355.29,       -1.56,
      355.81,       -1.56,
      356.29,       -1.58,
      356.81,       -1.51,
      357.33,       -1.53,
      357.80,       -1.49,
      358.32,       -1.47,
      358.80,       -1.52,
      359.32,       -1.46,
      359.84,       -1.47,
      360.36,       -1.50,
      360.92,       -1.46,
      361.44,       -1.50,
      361.96,       -1.51,
      362.51,       -1.53,
      363.03,       -1.63,
      363.55,       -1.63,
      364.03,       -1.71,
      364.55,       -1.72,
      365.03,       -1.67,
      365.55,       -1.67,
      366.07,       -1.66,
      366.59,       -1.60,
      367.07,       -1.60,
      367.54,       -1.55,
      368.10,       -1.48,
      368.62,       -1.40,
      369.18,       -1.32,
      369.70,       -1.29,
      370.22,       -1.25,
      370.78,       -1.19,
      371.30,       -1.13,
      371.78,       -1.09,
      372.30,       -1.06,
      372.77,       -1.01,
      373.29,       -0.99,
      373.81,       -0.92,
      374.29,       -0.86,
      374.81,       -0.83,
      375.29,       -0.81,
      375.81,       -0.77,
      376.37,       -0.85,
      376.89,       -0.72,
      377.45,       -0.66,
      377.96,       -0.65,
      378.48,       -0.65,
      379.00,       -0.59,
      379.48,       -0.57,
      380.00,       -0.50,
      380.48,       -0.43,
      381.00,       -0.41,
      381.52,       -0.37,
      382.04,       -0.32,
      382.51,       -0.34,
      383.03,       -0.35,
      383.51,       -0.34,
      384.07,       -0.32,
      384.59,       -0.29,
      385.15,       -0.31,
      385.67,       -0.28,
      386.23,       -0.24,
      386.75,       -0.25,
      387.23,       -0.21,
      387.70,       -0.21,
      388.18,       -0.20,
      388.74,       -0.19,
      389.26,       -0.16,
      389.78,       -0.14,
      390.26,       -0.12,
      390.74,       -0.12,
      391.26,       -0.12,
      391.78,       -0.17,
      392.30,       -0.17,
      392.85,       -0.18,
      393.41,       -0.22,
      393.97,       -0.24,
      394.49,       -0.28,
      394.97,       -0.32,
      395.49,       -0.37,
      395.97,       -0.45,
      396.49,       -0.43,
      397.01,       -0.48,
      397.52,       -0.53,
      398.00,       -0.48,
      398.52,       -0.50,
      399.00,       -0.51,
      399.52,       -0.47,
      400.04,       -0.48,
      400.60,       -0.39,
      401.12,       -0.42,
      401.68,       -0.43,
      402.20,       -0.37,
      402.67,       -0.40,
      403.19,       -0.34,
      403.67,       -0.35,
      404.23,       -0.38,
      404.75,       -0.31,
      405.27,       -0.37,
      405.79,       -0.34,
      406.27,       -0.30,
      406.75,       -0.35,
      407.27,       -0.32,
      407.78,       -0.37,
      408.30,       -0.39,
      408.86,       -0.35,
      409.38,       -0.37,
      409.94,       -0.41,
      410.46,       -0.46,
      410.94,       -0.50,
      411.42,       -0.50,
      411.94,       -0.62,
      412.46,       -0.78,
      412.97,       -0.90,
      413.49,       -1.04,
      414.01,       -1.28,
      414.49,       -1.57,
      414.97,       -1.87,
      415.49,       -2.23,
      416.01,       -2.55,
      416.57,       -2.69,
      417.09,       -2.76,
      417.64,       -2.73,
      418.16,       -2.74,
      418.68,       -2.82,
      419.16,       -2.79,
      419.68,       -2.80,
      420.20,       -2.81,
      420.72,       -2.75,
      421.24,       -2.73,
      421.76,       -2.69,
      422.24,       -2.61,
      422.75,       -2.57,
      423.23,       -2.56,
      423.75,       -2.53,
      424.31,       -2.47,
      424.83,       -2.45,
      425.39,       -2.45,
      425.91,       -2.44,
      426.43,       -2.42,
      426.95,       -2.40,
      427.47,       -2.37,
      427.98,       -2.37,
      428.46,       -2.38,
      429.02,       -2.38,
      429.54,       -2.35,
      430.02,       -2.29,
      430.54,       -2.28,
      431.02,       -2.28,
      431.54,       -2.28,
      432.06,       -2.26,
      432.61,       -2.21,
      433.13,       -2.12,
      433.65,       -2.08,
      434.17,       -2.12,
      434.73,       -2.13,
      435.25,       -2.12,
      435.73,       -2.06,
      436.25,       -2.04,
      436.77,       -2.04,
      437.29,       -2.03,
      437.80,       -2.00,
      438.28,       -1.98,
      438.80,       -1.94,
      439.28,       -1.93,
      439.80,       -1.86,
      440.36,       -1.81,
      440.88,       -1.73,
      441.44,       -1.64,
      441.92,       -1.59,
      442.48,       -1.58,
      442.99,       -1.54,
      443.47,       -1.51,
      443.99,       -1.50,
      444.51,       -1.48,
      445.03,       -1.46,
      445.55,       -1.44,
      446.03,       -1.37,
      446.51,       -1.33,
      447.03,       -1.32,
      447.50,       -1.26,
      448.06,       -1.19,
      448.58,       -1.16,
      449.14,       -1.11,
      449.66,       -1.07,
      450.18,       -1.05,
      450.70,       -1.04,
      451.18,       -0.99,
      451.66,       -0.98,
      452.18,       -0.90,
      452.73,       -0.82,
      453.25,       -0.65,
      453.73,       -0.74,
      454.25,       -0.74,
      454.73,       -0.66,
      455.25,       -0.63,
      455.77,       -0.65,
      456.29,       -0.65,
      456.85,       -0.66,
      457.33,       -0.63,
      457.88,       -0.59,
      458.40,       -0.58,
      458.88,       -0.53,
      459.40,       -0.45,
      459.92,       -0.41,
      460.44,       -0.40,
      460.96,       -0.43,
      461.48,       -0.40,
      461.96,       -0.37,
      462.48,       -0.37,
      462.95,       -0.33,
      463.47,       -0.33,
      463.99,       -0.30,
      464.55,       -0.28,
      465.07,       -0.28,
      465.59,       -0.20,
      466.11,       -0.11,
      466.63,       -0.07,
      467.15,       -0.07,
      467.62,       -0.03,
      468.14,       -0.02,
      468.70,        0.03,
      469.22,        0.07,
      469.70,        0.08,
      470.22,        0.10,
      470.70,        0.11,
      471.22,        0.15,
      471.74,        0.17,
      472.26,        0.20,
      472.77,        0.21,
      473.29,        0.24,
      473.85,        0.27,
      474.37,        0.28,
      474.85,        0.30,
      475.37,        0.33,
      475.89,        0.35,
      476.41,        0.41,
      476.93,        0.37,
      477.45,        0.41,
      477.92,        0.40,
      478.44,        0.43,
      478.92,        0.46,
      479.44,        0.49,
      479.96,        0.56,
      480.48,        0.57,
      481.04,        0.55,
      481.56,        0.56,
      482.12,        0.55,
      482.59,        0.59,
      483.11,        0.58,
      483.59,        0.55,
      484.11,        0.55,
      484.67,        0.50,
      485.19,        0.50,
      485.71,        0.47,
      486.19,        0.45,
      486.67,        0.43,
      487.19,        0.36,
      487.70,        0.37,
      488.22,        0.38,
      488.74,        0.37,
      489.30,        0.36,
      489.82,        0.37,
      490.38,        0.40,
      490.86,        0.44,
      491.34,        0.41,
      491.90,        0.42,
      492.42,        0.44,
      492.93,        0.45,
      493.41,        0.49,
      493.93,        0.53,
      494.45,        0.59,
      494.93,        0.61,
      495.45,        0.62,
      495.97,        0.63,
      496.49,        0.64,
      497.05,        0.67,
      497.56,        0.70,
      498.08,        0.74,
      498.60,        0.79,
      499.12,        0.81,
      499.60,        0.81,
      500.12,        0.84,
      500.68,        0.87,
      501.20,        0.88,
      501.68,        0.90,
      502.20,        0.88,
      502.67,        0.90,
      503.19,        0.91,
      503.67,        0.92,
      504.23,        0.97,
      504.79,        1.02,
      505.31,        1.10,
      505.83,        1.06,
      506.35,        1.00,
      506.87,        1.03,
      507.35,        0.94,
      507.86,        0.97,
      508.38,        0.98,
      508.94,        0.92,
      509.42,        0.94,
      509.94,        0.95,
      510.46,        0.94,
      510.94,        0.92,
      511.46,        0.89,
      512.02,        0.94,
      512.53,        0.94,
      513.09,        0.97,
      513.61,        0.97,
      514.17,        0.98,
      514.69,        0.94,
      515.17,        0.89,
      515.69,        0.84,
      516.21,        0.72,
      516.73,        0.53,
      517.25,        0.55,
      517.76,        0.20,
      518.24,        0.11,
      518.76,        0.02,
      519.24,       -0.14,
      519.76,       -0.11,
      520.28,       -0.20,
      520.84,       -0.19,
      521.36,       -0.24,
      521.92,       -0.36,
      522.44,       -0.33,
      522.95,       -0.49,
      523.43,       -0.47,
      523.99,       -0.49,
      524.51,       -0.67,
      525.03,       -0.59,
      525.55,       -0.71,
      526.03,       -0.72,
      526.55,       -0.67,
      526.95,       -0.85,
      527.47,       -0.85,
      528.02,       -0.91,
      528.58,       -1.03,
      529.10,       -0.95,
      529.66,       -1.01,
      530.18,       -1.00,
      530.70,       -0.95,
      531.22,       -0.99,
      531.70,       -0.96,
      532.22,       -0.90,
      532.77,       -0.92,
      533.29,       -0.91,
      533.81,       -0.92,
      534.29,       -0.91,
      534.77,       -0.90,
      535.25,       -0.93,
      535.81,       -0.90,
      536.33,       -0.87,
      536.89,       -0.87,
      537.41,       -0.88,
      537.96,       -0.80,
      538.48,       -0.79,
      539.00,       -0.78,
      539.52,       -0.74,
      540.04,       -0.70,
      540.56,       -0.67,
      541.08,       -0.62,
      541.60,       -0.60,
      542.08,       -0.59,
      542.59,       -0.57,
      543.07,       -0.54,
      543.59,       -0.48,
      544.11,       -0.53,
      544.71,       -0.52,
      545.23,       -0.50,
      545.79,       -0.58,
      546.31,       -0.59,
      546.87,       -0.62,
      547.35,       -0.72,
      547.86,       -0.70,
      548.38,       -0.73,
      548.90,       -0.76,
      549.42,       -0.76,
      549.90,       -0.76,
      550.42,       -0.76,
      550.90,       -0.75,
      551.42,       -0.75,
      551.94,       -0.71,
      552.46,       -0.72,
      553.01,       -0.75,
      553.57,       -0.83,
      554.09,       -0.85,
      554.61,       -0.98,
      555.13,       -1.06,
      555.65,       -1.12,
      556.13,       -1.42,
      556.69,       -1.67,
      557.21,       -1.93,
      557.68,       -2.28,
      558.16,       -2.61,
      558.68,       -2.87,
      559.16,       -2.91,
      559.72,       -2.91,
      560.28,       -2.92,
      560.80,       -2.91,
      561.36,       -2.90,
      561.88,       -2.83,
      562.40,       -2.86,
      562.91,       -2.85,
      563.39,       -2.80,
      563.91,       -2.78,
      564.43,       -2.75,
      564.95,       -2.71,
      565.47,       -2.71,
      565.95,       -2.69,
      566.47,       -2.66,
      566.95,       -2.65,
      567.47,       -2.66,
      567.98,       -2.60,
      568.54,       -2.56,
      569.06,       -2.54,
      569.62,       -2.51,
      570.14,       -2.53,
      570.66,       -2.52,
      571.14,       -2.46,
      571.62,       -2.46,
      572.14,       -2.45,
      572.69,       -2.42,
      573.17,       -2.37,
      573.69,       -2.29,
      574.17,       -2.25,
      574.65,       -2.21,
      575.17,       -2.16,
      575.69,       -2.17,
      576.21,       -2.16,
      576.77,       -2.12,
      577.29,       -2.07,
      577.84,       -2.08,
      578.36,       -2.08,
      578.84,       -2.06,
      579.32,       -1.99,
      579.84,       -1.93,
      580.36,       -1.85,
      580.88,       -1.84,
      581.40,       -1.84,
      581.88,       -1.83,
      582.40,       -1.80,
      582.87,       -1.75,
      583.39,       -1.69,
      583.91,       -1.66,
      584.47,       -1.65,
      585.03,       -1.66,
      585.55,       -1.64,
      586.07,       -1.62,
      586.59,       -1.63,
      587.07,       -1.59,
      587.58,       -1.61,
      588.06,       -1.58,
      588.58,       -1.54,
      589.10,       -1.52,
      589.62,       -1.49,
      590.10,       -1.49,
      590.62,       -1.44,
      591.10,       -1.39,
      591.62,       -1.33,
      592.18,       -1.25,
      592.69,       -1.25,
      593.25,       -1.24,
      593.77,       -1.20,
      594.29,       -1.20,
      594.81,       -1.15,
      595.29,       -1.08,
      595.81,       -1.11,
      596.29,       -1.07,
      596.81,       -0.99,
      597.33,       -0.97,
      597.84,       -0.91,
      598.32,       -0.89,
      598.84,       -0.81,
      599.36,       -0.76,
      599.88,       -0.68,
      600.44,       -0.63,
      600.96,       -0.62,
      601.48,       -0.64,
      602.04,       -0.57,
      602.52,       -0.52,
      603.03,       -0.48,
      603.55,       -0.45,
      604.03,       -0.44,
      604.55,       -0.44,
      605.07,       -0.46,
      605.59,       -0.44,
      606.07,       -0.40,
      606.59,       -0.37,
      607.07,       -0.32,
      607.58,       -0.31,
      608.14,       -0.26,
      608.70,       -0.24,
      609.22,       -0.21,
      609.74,       -0.17,
      610.26,       -0.15,
      610.78,       -0.15,
      611.30,       -0.13,
      611.74,       -0.15,
      612.30,       -0.12,
      612.81,       -0.09,
      613.33,       -0.05,
      613.81,       -0.05,
      614.33,       -0.04,
      614.81,       -0.07,
      615.33,       -0.07,
      615.89,       -0.06,
      616.45,       -0.02,
      616.97,       -0.01,
      617.53,       -0.02,
      618.04,       -0.02,
      618.56,        0.00,
      619.04,       -0.03,
      619.52,       -0.02,
      620.04,       -0.02,
      620.56,       -0.00,
      621.08,       -0.01,
      621.60,       -0.01,
      622.08,        0.03,
      622.59,       -0.04,
      623.07,       -0.02,
      623.59,       -0.11,
      624.15,       -0.15,
      624.67,       -0.07,
      625.23,       -0.21,
      625.75,       -0.24,
      626.27,       -0.27,
      626.79,       -0.35,
      627.27,       -0.28,
      627.74,       -0.39,
      628.26,       -0.41,
      628.78,       -0.41,
      629.30,       -0.52,
      629.82,       -0.49,
      630.34,       -0.55,
      630.82,       -0.63,
      631.34,       -0.55,
      631.86,       -0.69,
      632.42,       -0.65,
      632.93,       -0.67,
      633.45,       -0.81,
      634.01,       -0.75,
      634.53,       -0.85,
      635.01,       -0.89,
      635.53,       -0.86,
      636.01,       -0.99,
      636.57,       -0.97,
      637.09,       -1.02,
      637.60,       -1.14,
      638.12,       -1.11,
      638.60,       -1.24,
      639.08,       -1.29,
      639.64,       -1.27,
      640.16,       -1.40,
      640.68,       -1.43,
      641.24,       -1.53,
      641.76,       -1.69,
      642.28,       -1.65,
      642.79,       -1.81,
      643.27,       -2.03,
      643.79,       -2.29,
      644.31,       -2.70,
      644.83,       -3.13,
      645.35,       -3.46,
      645.87,       -3.62,
      646.35,       -3.61,
      646.87,       -3.62,
      647.35,       -3.62,
      647.90,       -3.61,
      648.42,       -3.59,
      648.98,       -3.57,
      649.50,       -3.53,
      650.02,       -3.51,
      650.58,       -3.48,
      651.06,       -3.45,
      651.58,       -3.36,
      652.10,       -3.32,
      652.61,       -3.25,
      653.13,       -3.13,
      653.65,       -3.06,
      654.13,       -3.02,
      654.65,       -2.95,
      655.13,       -2.95,
      655.69,       -2.91,
      656.21,       -2.87,
      656.73,       -2.86,
      657.29,       -2.81,
      657.80,       -2.78,
      658.32,       -2.76,
      658.84,       -2.71,
      659.36,       -2.63,
      659.88,       -2.56,
      660.40,       -2.52,
      660.92,       -2.51,
      661.44,       -2.43,
      661.92,       -2.34,
      662.44,       -2.36,
      662.95,       -2.35,
      663.43,       -2.29,
      663.99,       -2.25,
      664.51,       -2.23,
      665.07,       -2.23,
      665.55,       -2.20,
      666.11,       -2.11,
      666.63,       -2.08,
      667.15,       -2.10,
      667.66,       -2.11,
      668.18,       -2.07,
      668.70,       -2.03,
      669.22,       -1.96,
      669.74,       -1.93,
      670.22,       -1.90,
      670.74,       -1.90,
      671.22,       -1.92,
      671.74,       -1.84,
      672.30,       -1.84,
      672.81,       -1.79,
      673.33,       -1.71,
      673.89,       -1.69,
      674.41,       -1.71,
      674.97,       -1.72,
      675.49,       -1.73,
      675.97,       -1.75,
      676.49,       -1.68,
      677.01,       -1.71,
      677.53,       -1.76,
      678.04,       -1.76,
      678.52,       -1.80,
      679.04,       -1.84,
      679.56,       -1.86,
      680.08,       -1.90,
      680.64,       -1.92,
      681.12,       -1.92,
      681.68,       -1.94,
      682.20,       -1.94,
      682.75,       -1.95,
      683.27,       -1.95,
      683.79,       -1.94,
      684.31,       -1.91,
      684.79,       -1.90,
      685.31,       -1.86,
      685.83,       -1.89,
      686.35,       -1.82,
      686.83,       -1.62,
      687.35,       -1.77,
      687.86,       -1.76,
      688.42,       -1.73,
      688.90,       -1.70,
      689.46,       -1.65,
      689.98,       -1.63,
      690.54,       -1.60,
      691.06,       -1.56,
      691.62,       -1.57,
      692.10,       -1.53,
      692.61,       -1.48,
      693.13,       -1.41,
      693.65,       -1.41,
      694.17,       -1.41,
      694.65,       -1.35,
      695.17,       -1.31,
      695.69,       -1.27,
      696.21,       -1.24,
      696.73,       -1.21,
      697.29,       -1.20,
      697.80,       -1.18,
      698.32,       -1.15,
      698.88,       -1.11,
      699.40,       -1.03,
      699.92,       -0.98,
      700.44,       -0.91,
      700.96,       -0.90,
      701.48,       -0.87,
      702.00,       -0.81,
      702.48,       -0.76,
      702.99,       -0.72,
      703.47,       -0.68,
      704.03,       -0.66,
      704.51,       -0.63,
      705.07,       -0.59,
      705.59,       -0.58,
      706.15,       -0.50,
      706.67,       -0.49,
      707.23,       -0.55,
      707.70,       -0.54,
      708.22,       -0.49,
      708.74,       -0.44,
      709.26,       -0.40,
      709.78,       -0.38,
      710.26,       -0.33,
      710.78,       -0.31,
      711.26,       -0.26,
      711.82,       -0.20,
      712.34,       -0.17,
      712.85,       -0.17,
      713.37,       -0.15,
      713.93,       -0.12,
      714.45,       -0.06,
      714.97,       -0.04,
      715.45,       -0.02,
      715.97,        0.00,
      716.49,        0.05,
      717.05,        0.10,
      717.53,        0.11,
      718.04,        0.11,
      718.52,        0.14,
      719.04,        0.20,
      719.56,        0.23,
      720.08,        0.23,
      720.60,        0.22,
      721.16,        0.24,
      721.68,        0.31,
      722.24,        0.33,
      722.75,        0.31,
      723.23,        0.31,
      723.75,        0.30,
      724.27,        0.28,
      724.79,        0.28,
      725.31,        0.27,
      725.83,        0.26,
      726.31,        0.24,
      726.79,        0.23,
      727.31,        0.15,
      727.82,        0.13,
      728.34,        0.13,
      728.90,        0.18,
      729.42,        0.25,
      729.98,        0.29,
      730.50,        0.32,
      731.02,        0.33,
      731.50,        0.33,
      732.02,        0.35,
      732.54,        0.39,
      733.05,        0.44,
      733.57,        0.44,
      734.05,        0.53,
      734.57,        0.58,
      735.05,        0.60,
      735.57,        0.69,
      736.09,        0.72,
      736.65,        0.72,
      737.17,        0.73,
      737.72,        0.71,
      738.24,        0.78,
      738.76,        0.81,
      739.24,        0.85,
      739.76,        0.92,
      740.28,        0.94,
      740.80,        1.01,
      741.32,        1.07,
      741.80,        1.12,
      742.32,        1.16,
      742.79,        1.20,
      743.31,        1.26,
      743.83,        1.29,
      744.39,        1.28,
      744.91,        1.30,
      745.47,        1.35,
      745.99,        1.38,
      746.47,        1.40,
      746.99,        1.42,
      747.47,        1.44,
      748.02,        1.50,
      748.54,        1.54,
      749.06,        1.60,
      749.58,        1.60,
      750.06,        1.64,
      750.54,        1.67,
      751.02,        1.58,
      751.58,        1.39,
      752.10,        1.09,
      752.65,        0.76,
      753.17,        0.55,
      753.73,        0.49,
      754.21,        0.46,
      754.73,        0.37,
      755.21,        0.27,
      755.77,        0.20,
      756.29,       -0.03,
      756.81,       -0.28,
      757.33,       -0.53,
      757.80,       -0.94,
      758.28,       -1.31,
      758.76,       -1.66,
      759.32,       -2.05,
      759.84,       -2.39,
      760.36,       -2.69,
      760.92,       -2.85,
      761.44,       -3.05,
      761.96,       -3.26,
      762.48,       -3.43,
      762.95,       -3.52,
      763.47,       -3.69,
      764.07,       -3.78,
      764.59,       -3.86,
      765.07,       -3.97,
      765.59,       -4.06,
      766.07,       -4.15,
      766.55,       -4.18,
      767.07,       -4.23,
      767.59,       -4.31,
      768.14,       -4.38,
      768.70,       -4.38,
      769.22,       -4.43,
      769.74,       -4.44,
      770.26,       -4.48,
      770.78,       -4.48,
      771.30,       -4.48,
      771.78,       -4.46,
      772.34,       -4.39,
      772.85,       -4.39,
      773.33,       -4.39,
      773.81,       -4.34,
      774.33,       -4.34,
      774.81,       -4.34,
      775.37,       -4.37,
      775.89,       -4.39,
      776.45,       -4.37,
      776.97,       -4.36,
      777.49,       -4.31,
      778.00,       -4.25,
      778.52,       -4.22,
      779.04,       -4.22,
      779.52,       -4.20,
      780.04,       -4.13,
      780.60,       -4.09,
      781.08,       -3.99,
      781.60,       -4.03,
      782.08,       -3.96,
      782.56,       -3.94,
      783.07,       -3.95,
      783.59,       -3.92,
      784.15,       -3.89,
      784.67,       -3.87,
      785.23,       -3.82,
      785.75,       -3.73,
      786.27,       -3.70,
      786.79,       -3.70,
      787.27,       -3.61,
      787.78,       -3.54,
      788.30,       -3.43,
      788.82,       -3.33,
      789.34,       -3.30,
      789.82,       -3.24,
      790.30,       -3.22,
      790.82,       -3.18,
      791.34,       -3.12,
      791.90,       -3.03,
      792.42,       -2.96,
      792.93,       -2.91,
      793.49,       -2.82,
      794.01,       -2.78,
      794.53,       -2.72,
      795.05,       -2.68,
      795.53,       -2.59,
      796.05,       -2.55,
      796.57,       -2.50,
      797.09,       -2.47,
      797.57,       -2.39,
      798.08,       -2.33,
      798.56,       -2.31,
      799.08,       -2.27,
      799.60,       -2.22,
      800.16,       -2.21,
      800.68,       -2.12,
      801.24,       -2.03,
      801.76,       -1.96,
      802.28,       -1.94,
      802.79,       -1.90,
      803.27,       -1.78,
      803.79,       -1.75,
      804.31,       -1.73,
      804.83,       -1.65,
      805.35,       -1.64,
      805.83,       -1.53,
      806.31,       -1.51,
      806.83,       -1.58,
      807.35,       -1.50,
      807.86,       -1.48,
      808.42,       -1.39,
      808.94,       -1.34,
      809.50,       -1.34,
      810.02,       -1.34,
      810.54,       -1.34,
      811.02,       -1.33,
      811.54,       -1.29,
      812.06,       -1.26,
      812.54,       -1.23,
      813.05,       -1.22,
      813.57,       -1.29,
      814.05,       -1.28,
      814.53,       -1.29,
      815.05,       -1.28,
      815.57,       -1.27,
      816.13,       -1.27,
      816.65,       -1.21,
      817.21,       -1.21,
      817.72,       -1.25,
      818.24,       -1.24,
      818.72,       -1.21,
      819.20,       -1.16,
      819.72,       -1.09,
      820.24,       -1.09,
      820.76,       -1.08,
      821.24,       -1.07,
      821.76,       -1.09,
      822.24,       -1.09,
      822.75,       -1.07,
      823.27,       -1.00,
      823.79,       -0.94,
      824.35,       -0.91,
      824.87,       -0.86,
      825.43,       -0.88,
      825.95,       -0.90,
      826.43,       -0.90,
      826.91,       -0.85,
      827.43,       -0.85,
      827.90,       -0.82,
      828.42,       -0.76,
      828.94,       -0.71,
      829.46,       -0.66,
      829.94,       -0.61,
      830.46,       -0.59,
      830.94,       -0.61,
      831.46,       -0.58,
      832.02,       -0.52,
      832.54,       -0.55,
      833.09,       -0.58,
      833.61,       -0.53,
      834.13,       -0.54,
      834.61,       -0.55,
      835.09,       -0.50,
      835.61,       -0.46,
      836.13,       -0.41,
      836.61,       -0.40,
      837.13,       -0.38,
      837.65,       -0.35,
      838.12,       -0.30,
      838.64,       -0.27,
      839.16,       -0.28,
      839.68,       -0.24,
      840.24,       -0.20,
      840.76,       -0.17,
      841.28,       -0.11,
      841.80,       -0.13,
      842.32,       -0.09,
      842.79,       -0.04,
      843.27,        0.07,
      843.79,        0.11,
      844.31,        0.07,
      844.83,        0.10,
      845.35,        0.15,
      845.83,        0.17,
      846.35,        0.24,
      846.83,        0.28,
      847.39,        0.37,
      847.90,        0.42,
      848.46,        0.37,
      848.98,        0.40,
      849.54,        0.42,
      850.02,        0.46,
      850.54,        0.50,
      851.02,        0.51,
      851.50,        0.55,
      852.02,        0.56,
      852.58,        0.56,
      853.05,        0.56,
      853.57,        0.56,
      854.05,        0.58,
      854.57,        0.60,
      855.09,        0.60,
      855.61,        0.63,
      856.17,        0.61,
      856.69,        0.54,
      857.21,        0.46,
      857.72,        0.45,
      858.20,        0.33,
      858.72,        0.29,
      859.20,        0.30,
      859.72,        0.23,
      860.24,        0.25,
      860.76,        0.22,
      861.28,        0.20,
      861.76,        0.20,
      862.28,        0.16,
      862.79,        0.16,
      863.31,        0.16,
      863.83,        0.15,
      864.39,        0.16,
      864.91,        0.17,
      865.47,        0.17,
      865.95,        0.19,
      866.43,        0.21,
      866.95,        0.22,
      867.43,        0.27,
      867.94,        0.24,
      868.46,        0.26,
      868.98,        0.33,
      869.50,        0.36,
      869.98,        0.33,
      870.50,        0.37,
      871.02,        0.37,
      871.54,        0.40,
      872.10,        0.42,
      872.62,        0.40,
      873.17,        0.46,
      873.65,        0.53,
      874.17,        0.58,
      874.69,        0.64,
      875.17,        0.67,
      875.69,        0.69,
      876.21,        0.72,
      876.73,        0.72,
      877.25,        0.81,
      877.72,        0.84,
      878.24,        0.89,
      878.72,        0.90,
      879.28,        0.91,
      879.80,        0.95,
      880.32,        0.98,
      880.88,        1.01,
      881.40,        1.06,
      881.92,        1.08,
      882.40,        1.13,
      882.91,        1.18,
      883.43,        1.19,
      883.95,        1.20,
      884.47,        1.16,
      884.99,        1.18,
      885.47,        1.22,
      885.99,        1.22,
      886.47,        1.24,
      886.99,        1.25,
      887.51,        1.25,
      888.06,        1.22,
      888.62,        1.22,
      889.10,        1.25,
      889.66,        1.20,
      890.14,        1.18,
      890.66,        1.09,
      891.14,        1.08,
      891.66,        1.02,
      892.18,        1.00,
      892.66,        0.96,
      893.17,        0.95,
      893.69,        0.96,
      894.17,        0.94,
      894.69,        0.95,
      895.21,        0.94,
      895.77,        0.96,
      896.29,        0.98,
      896.81,        0.96,
      897.33,        0.97,
      897.84,        0.90,
      898.36,        0.86,
      898.88,        0.77,
      899.40,        0.51,
      899.92,        0.15,
      900.44,       -0.26,
      900.96,       -0.68,
      901.44,       -1.07,
      901.96,       -1.59,
      902.44,       -2.04,
      902.95,       -2.47,
      903.51,       -2.85,
      904.03,       -2.92,
      904.55,       -3.03,
      905.11,       -3.15,
      905.63,       -3.18,
      906.15,       -3.28,
      906.63,       -3.33,
      907.15,       -3.31,
      907.67,       -3.38,
      908.18,       -3.43,
      908.70,       -3.39,
      909.22,       -3.47,
      909.74,       -3.52,
      910.22,       -3.56,
      910.74,       -3.69,
      911.26,       -3.74,
      911.78,       -3.76,
      912.30,       -3.83,
      912.85,       -3.85,
      913.37,       -3.85,
      913.89,       -3.92,
      914.41,       -3.95,
      914.93,       -3.98,
      915.41,       -4.01,
      915.93,       -4.03,
      916.45,       -4.07,
      916.97,       -4.07,
      917.49,       -4.14,
      918.00,       -4.18,
      918.48,       -4.26,
      919.00,       -4.29,
      919.52,       -4.26,
      920.04,       -4.29,
      920.60,       -4.31,
      921.12,       -4.33,
      921.64,       -4.39,
      922.16,       -4.44,
      922.64,       -4.45,
      923.15,       -4.46,
      923.63,       -4.47,
      924.15,       -4.47,
      924.71,       -4.44,
      925.19,       -4.42,
      925.71,       -4.39,
      926.23,       -4.37,
      926.71,       -4.37,
      927.23,       -4.37,
      927.74,       -4.35,
      928.30,       -4.31,
      928.82,       -4.26,
      929.34,       -4.30,
      929.86,       -4.27,
      930.38,       -4.29,
      930.86,       -4.30,
      931.38,       -4.30,
      931.90,       -4.27,
      932.42,       -4.24,
      932.93,       -4.22,
      933.41,       -4.19,
      933.93,       -4.16,
      934.41,       -4.14,
      934.93,       -4.13,
      935.45,       -4.10,
      936.01,       -4.09,
      936.53,       -4.04,
      937.09,       -4.00,
      937.61,       -3.96,
      938.08,       -3.92,
      938.60,       -3.91,
      939.08,       -3.90,
      939.64,       -3.87,
      940.16,       -3.85,
      940.68,       -3.81,
      941.20,       -3.81,
      941.68,       -3.79,
      942.16,       -3.78,
      942.68,       -3.73,
      943.19,       -3.68,
      943.71,       -3.63,
      944.27,       -3.60,
      944.79,       -3.56,
      945.35,       -3.51,
      945.83,       -3.48,
      946.35,       -3.44,
      946.83,       -3.40,
      947.39,       -3.34,
      947.90,       -3.23,
      948.42,       -3.21,
      948.94,       -3.22,
      949.42,       -3.21,
      949.94,       -3.19,
      950.42,       -3.14,
      950.94,       -3.11,
      951.46,       -3.09,
      952.02,       -3.01,
      952.54,       -2.97,
      953.05,       -2.96,
      953.61,       -2.91,
      954.13,       -2.90,
      954.61,       -2.85,
      955.13,       -2.79,
      955.65,       -2.78,
      956.17,       -2.71,
      956.69,       -2.69,
      957.21,       -2.69,
      957.69,       -2.66,
      958.20,       -2.61,
      958.64,       -2.60,
      959.20,       -2.54,
      959.76,       -2.52,
      960.28,       -2.55,
      960.80,       -2.47,
      961.36,       -2.45,
      961.88,       -2.38,
      962.40,       -2.33,
      962.91,       -2.32,
      963.39,       -2.28,
      963.95,       -2.22,
      964.47,       -2.24,
      964.99,       -2.18,
      965.51,       -2.15,
      965.99,       -2.12,
      966.47,       -2.12,
      966.99,       -2.13,
      967.55,       -2.16,
      968.06,       -2.07,
      968.58,       -2.08,
      969.14,       -2.06,
      969.70,       -2.09,
      970.22,       -2.16,
      970.74,       -2.10,
      971.26,       -2.15,
      971.78,       -2.18,
      972.30,       -2.12,
      972.81,       -2.20,
      973.33,       -2.17,
      973.81,       -2.14,
      974.29,       -2.24,
      974.81,       -2.17,
      975.37,       -2.17,
      975.89,       -2.19,
      976.41,       -2.11,
      976.97,       -2.12,
      977.53,       -2.12,
      978.04,       -2.12,
      978.56,       -2.19,
      979.08,       -2.14,
      979.60,       -2.16,
      980.16,       -2.27,
      980.64,       -2.22,
      981.16,       -2.29,
      981.64,       -2.38,
      982.16,       -2.40,
      982.68,       -2.45,
      983.19,       -2.47,
      983.71,       -2.43,
      984.27,       -2.44,
      984.79,       -2.43,
      985.35,       -2.42,
      985.87,       -2.41,
      986.43,       -2.30,
      986.95,       -2.27,
      987.47,       -2.24,
      987.98,       -2.19,
      988.50,       -2.16,
      989.02,       -2.11,
      989.50,       -2.09,
      990.02,       -2.05,
      990.54,       -1.99,
      991.02,       -1.92,
      991.58,       -1.86,
      992.10,       -1.85,
      992.66,       -1.81,
      993.17,       -1.80,
      993.73,       -1.77,
      994.25,       -1.78,
      994.77,       -1.77,
      995.29,       -1.74,
      995.81,       -1.76,
      996.33,       -1.77,
      996.85,       -1.76,
      997.33,       -1.77,
      997.84,       -1.77,
      998.36,       -1.82,
      998.88,       -2.05,
      999.40,       -2.40,
      999.92,       -2.82,
     1000.48,       -3.22,
     1001.00,       -3.65,
     1001.56,       -4.04,
     1002.08,       -4.39,
     1002.60,       -4.76,
     1003.11,       -5.01,
     1003.63,       -5.31,
     1004.15,       -5.56,
     1004.67,       -5.62,
     1005.15,       -5.62,
     1005.67,       -5.56,
     1006.19,       -5.52,
     1006.67,       -5.50,
     1007.23,       -5.48,
     1007.75,       -5.48,
     1008.26,       -5.46,
     1008.82,       -5.42,
     1009.34,       -5.39,
     1009.90,       -5.39,
     1010.42,       -5.44,
     1010.94,       -5.44,
     1011.46,       -5.44,
     1011.98,       -5.47,
     1012.50,       -5.44,
     1012.97,       -5.44,
     1013.49,       -5.49,
     1014.01,       -5.49,
     1014.49,       -5.50,
     1015.01,       -5.49,
     1015.57,       -5.46,
     1016.09,       -5.44,
     1016.65,       -5.45,
     1017.17,       -5.44,
     1017.73,       -5.45,
     1018.24,       -5.44,
     1018.76,       -5.41,
     1019.28,       -5.43,
     1019.80,       -5.40,
     1020.32,       -5.34,
     1020.84,       -5.35,
     1021.32,       -5.33,
     1021.84,       -5.27,
     1022.36,       -5.23,
     1022.83,       -5.22,
     1023.39,       -5.23,
     1023.91,       -5.25,
     1024.47,       -5.22,
     1024.99,       -5.19,
     1025.55,       -5.18,
     1026.07,       -5.14,
     1026.59,       -5.10,
     1027.11,       -5.10,
     1027.63,       -5.03,
     1028.14,       -4.96,
     1028.62,       -4.87,
     1029.14,       -4.86,
     1029.66,       -4.84,
     1030.18,       -4.83,
     1030.66,       -4.78,
     1031.22,       -4.70,
     1031.74,       -4.67,
     1032.26,       -4.70,
     1032.81,       -4.65,
     1033.33,       -4.65,
     1033.89,       -4.60,
     1034.41,       -4.55,
     1034.93,       -4.50,
     1035.45,       -4.48,
     1035.97,       -4.44,
     1036.49,       -4.39,
     1036.97,       -4.37,
     1037.49,       -4.31,
     1038.00,       -4.27,
     1038.48,       -4.25,
     1039.00,       -4.21,
     1039.56,       -4.17,
     1040.08,       -4.16,
     1040.64,       -4.13,
     1041.16,       -4.07,
     1041.68,       -4.00,
     1042.24,       -3.97,
     1042.76,       -3.88,
     1043.27,       -3.88,
     1043.79,       -3.88,
     1044.27,       -3.87,
     1044.79,       -3.82,
     1045.31,       -3.82,
     1045.83,       -3.79,
     1046.31,       -3.74,
     1046.83,       -3.70,
     1047.35,       -3.69,
     1047.90,       -3.71,
     1048.42,       -3.66,
     1048.94,       -3.60,
     1049.50,       -3.56,
     1050.06,       -3.57,
     1050.58,       -3.58,
     1051.10,       -3.55,
     1051.62,       -3.54,
     1052.10,       -3.53,
     1052.62,       -3.52,
     1053.13,       -3.52,
     1053.65,       -3.52,
     1054.13,       -3.53,
     1054.65,       -3.55,
     1055.17,       -3.58,
     1055.73,       -3.64,
     1056.25,       -3.74,
     1056.77,       -3.92,
     1057.33,       -4.22,
     1057.84,       -4.60,
     1058.40,       -5.02,
     1058.92,       -5.48,
     1059.44,       -5.94,
     1059.92,       -6.40,
     1060.44,       -6.87,
     1060.96,       -7.31,
     1061.48,       -7.71,
     1061.96,       -8.02,
     1062.48,       -8.13,
     1062.99,       -8.10,
     1063.55,       -8.01,
     1064.07,       -7.92,
     1064.59,       -7.86,
     1065.15,       -7.83,
     1065.67,       -7.81,
     1066.23,       -7.85,
     1066.75,       -7.93,
     1067.27,       -7.97,
     1067.75,       -8.01,
     1068.26,       -8.05,
     1068.78,       -8.06,
     1069.30,       -8.08,
     1069.82,       -8.13,
     1070.34,       -8.13,
     1070.86,       -8.06,
     1071.38,       -8.06,
     1071.90,       -8.04,
     1072.46,       -7.97,
     1072.97,       -7.93,
     1073.53,       -7.93,
     1074.05,       -7.93,
     1074.57,       -7.94,
     1075.09,       -7.92,
     1075.61,       -7.81,
     1076.13,       -7.76,
     1076.65,       -7.76,
     1077.17,       -7.67,
     1077.65,       -7.62,
     1078.16,       -7.56,
     1078.68,       -7.49,
     1079.20,       -7.45,
     1079.76,       -7.41,
     1080.28,       -7.36,
     1080.80,       -7.29,
     1081.36,       -7.21,
     1081.92,       -7.13,
     1082.44,       -7.06,
     1082.91,       -7.00,
     1083.43,       -6.90,
     1083.91,       -6.80,
     1084.43,       -6.75,
     1084.95,       -6.69,
     1085.47,       -6.64,
     1085.99,       -6.53,
     1086.51,       -6.43,
     1087.03,       -6.32,
     1087.55,       -6.25,
     1088.10,       -6.18,
     1088.62,       -6.09,
     1089.14,       -6.00,
     1089.70,       -5.93,
     1090.22,       -5.84,
     1090.74,       -5.81,
     1091.26,       -5.75,
     1091.78,       -5.68,
     1092.30,       -5.59,
     1092.81,       -5.54,
     1093.33,       -5.48,
     1093.85,       -5.43,
     1094.33,       -5.35,
     1094.85,       -5.29,
     1095.41,       -5.18,
     1095.93,       -5.10,
     1096.45,       -5.05,
     1097.01,       -5.00,
     1097.57,       -4.92,
     1098.08,       -4.88,
     1098.56,       -4.83,
     1099.08,       -4.80,
     1099.60,       -4.74,
     1100.12,       -4.67,
     1100.64,       -4.61,
     1101.16,       -4.56,
     1101.68,       -4.49,
     1102.16,       -4.47,
     1102.68,       -4.41,
     1103.19,       -4.31,
     1103.75,       -4.23,
     1104.27,       -4.21,
     1104.79,       -4.13,
     1105.35,       -4.05,
     1105.87,       -4.01,
     1106.39,       -3.96,
     1106.91,       -3.91,
     1107.43,       -3.88,
     1107.94,       -3.84,
     1108.46,       -3.78,
     1108.98,       -3.73,
     1109.50,       -3.69,
     1109.98,       -3.65,
     1110.50,       -3.61,
     1111.02,       -3.56,
     1111.54,       -3.53,
     1112.10,       -3.52,
     1112.62,       -3.48,
     1113.17,       -3.43,
     1113.69,       -3.40,
     1114.21,       -3.34,
     1114.73,       -3.29,
     1115.25,       -3.23,
     1115.77,       -3.21,
     1116.29,       -3.20,
     1116.81,       -3.17,
     1117.33,       -3.14,
     1117.81,       -3.12,
     1118.32,       -3.08,
     1118.84,       -3.08,
     1119.36,       -3.08,
     1119.92,       -3.08,
     1120.44,       -3.06,
     1121.00,       -3.05,
     1121.52,       -3.04,
     1122.04,       -3.03,
     1122.56,       -3.04,
     1123.07,       -3.05,
     1123.59,       -3.04,
     1124.11,       -3.04,
     1124.63,       -3.01,
     1125.11,       -2.98,
     1125.63,       -2.94,
     1126.15,       -2.91,
     1126.63,       -2.88,
     1127.19,       -2.86,
     1127.71,       -2.87,
     1128.22,       -2.87,
     1128.78,       -2.84,
     1129.30,       -2.82,
     1129.82,       -2.82,
     1130.34,       -2.80,
     1130.86,       -2.78,
     1131.38,       -2.75,
     1131.90,       -2.77,
     1132.42,       -2.72,
     1132.93,       -2.71,
     1133.45,       -2.69,
     1133.93,       -2.65,
     1134.45,       -2.63,
     1134.97,       -2.64,
     1135.53,       -2.55,
     1136.05,       -2.64,
     1136.61,       -2.64,
     1137.13,       -2.69,
     1137.65,       -2.67,
     1138.16,       -2.66,
     1138.68,       -2.69,
     1139.20,       -2.71,
     1139.72,       -2.71,
     1140.24,       -2.72,
     1140.76,       -2.74,
     1141.28,       -2.78,
     1141.76,       -2.82,
     1142.28,       -2.93,
     1142.80,       -3.15,
     1143.31,       -3.52,
     1143.87,       -3.95,
     1144.39,       -4.39,
     1144.95,       -4.83,
     1145.43,       -5.24,
     1145.99,       -5.56,
     1146.51,       -5.66,
     1147.03,       -5.70,
     1147.51,       -5.79,
     1148.02,       -5.83,
     1148.54,       -5.83,
     1149.06,       -5.84,
     1149.58,       -5.91,
     1150.06,       -5.91,
     1150.58,       -5.94,
     1151.10,       -5.96,
     1151.62,       -5.95,
     1152.18,       -5.95,
     1152.70,       -5.97,
     1153.21,       -5.98,
     1153.77,       -5.98,
     1154.29,       -5.97,
     1154.81,       -5.99,
     1155.29,       -6.01,
     1155.81,       -6.01,
     1156.33,       -6.01,
     1156.85,       -6.01,
     1157.37,       -6.01,
     1157.84,       -6.05,
     1158.36,       -6.06,
     1158.88,       -6.05,
     1159.40,       -6.06,
     1159.96,       -6.08,
     1160.48,       -6.09,
     1161.00,       -6.08,
     1161.56,       -6.09,
     1162.08,       -6.10,
     1162.60,       -6.07,
     1163.07,       -6.10,
     1163.59,       -6.08,
     1164.11,       -6.10,
     1164.63,       -6.07,
     1165.15,       -6.05,
     1165.63,       -6.04,
     1166.15,       -6.01,
     1166.67,       -6.00,
     1167.19,       -5.97,
     1167.75,       -6.01,
     1168.26,       -5.99,
     1168.78,       -6.01,
     1169.30,       -6.03,
     1169.86,       -6.05,
     1170.38,       -6.05,
     1170.90,       -6.05,
     1171.42,       -6.05,
     1171.94,       -6.05,
     1172.46,       -6.05,
     1172.93,       -6.06,
     1173.45,       -6.06,
     1173.97,       -6.06,
     1174.45,       -6.07,
     1175.01,       -6.06,
     1175.53,       -6.05,
     1176.05,       -6.07,
     1176.57,       -6.05,
     1177.13,       -6.07,
     1177.65,       -6.05,
     1178.16,       -6.00,
     1178.68,       -5.98,
     1179.20,       -5.94,
     1179.72,       -5.97,
     1180.24,       -5.99,
     1180.76,       -5.97,
     1181.28,       -5.97,
     1181.76,       -5.98,
     1182.28,       -5.98,
     1182.80,       -5.98,
     1183.31,       -5.98,
     1183.83,       -5.98,
     1184.35,       -6.01,
     1184.91,       -6.03,
     1185.43,       -6.03,
     1185.99,       -6.05,
     1186.51,       -6.09,
     1186.99,       -6.10,
     1187.51,       -6.13,
     1188.02,       -6.14,
     1188.54,       -6.24,
     1189.06,       -6.37,
     1189.54,       -6.49,
     1190.06,       -6.53,
     1190.58,       -6.47,
     1191.10,       -6.41,
     1191.58,       -6.38,
     1192.14,       -6.34,
     1192.66,       -6.26,
     1193.21,       -6.18,
     1193.73,       -6.11,
     1194.21,       -6.06,
     1194.73,       -6.01,
     1195.21,       -5.94,
     1195.73,       -5.92,
     1196.21,       -5.89,
     1196.73,       -5.81,
     1197.21,       -5.76,
     1197.65,       -5.73,
     1198.12,       -5.66,
     1198.60,       -5.60,
     1199.08,       -5.51,
     1199.56,       -5.46,
     1200.04,       -5.40,
     1200.52,       -5.35,
     1201.00,       -5.33,
     1201.48,       -5.30,
     1201.92,       -5.26,
     1202.36,       -5.20,
     1202.80,       -5.14,
     1203.23,       -5.14,
     1203.67,       -5.11,
     1204.07,       -5.09,
     1204.51,       -5.05,
     1204.91,       -4.98,
     1205.31,       -4.95,
     1205.67,       -4.87,
     1206.03,       -4.83,
     1206.47,       -4.78,
     1206.87,       -4.70,
     1207.27,       -4.64,
     1207.67,       -4.63,
     1208.06,       -4.61,
     1208.46,       -4.58,
     1208.86,       -4.53,
     1209.22,       -4.51,
     1209.58,       -4.49,
     1209.94,       -4.44,
     1210.30,       -4.39,
     1210.62,       -4.31,
     1210.98,       -4.22,
     1211.30,       -4.17,
     1211.66,       -4.13,
     1211.98,       -4.11,
     1212.30,       -4.09,
     1212.62,       -4.09,
     1212.90,       -4.09,
     1213.17,       -4.03,
     1213.41,       -3.98,
     1213.65,       -3.93,
     1213.89,       -3.87,
     1214.09,       -3.82,
     1214.29,       -3.78,
     1214.45,       -3.78,
     1214.61,       -3.78,
     1214.77,       -3.78,
     1214.89,       -3.77,
     1214.97,       -3.77,
     1215.05,       -3.75,
     1215.13,       -3.75,
     1215.17,       -3.73,
     1215.21,       -3.74,
     1215.21,       -3.74,
     1215.25,       -3.74,
