       -0.00,       -1.42,
       -0.00,       -1.42,
        0.08,       -1.40,
        0.12,       -1.42,
        0.16,       -1.43,
        0.20,       -1.41,
        0.24,       -1.41,
        0.28,       -1.39,
        0.36,       -1.38,
        0.40,       -1.37,
        0.44,       -1.33,
        0.48,       -1.30,
        0.52,       -1.32,
        0.60,       -1.30,
        0.68,       -1.28,
        0.72,       -1.32,
        0.80,       -1.27,
        0.88,       -1.23,
        0.96,       -1.20,
        1.04,       -1.17,
        1.12,       -1.16,
        1.16,       -1.16,
        1.24,       -1.13,
        1.28,       -1.11,
        1.40,       -1.16,
        1.48,       -1.16,
        1.56,       -1.12,
        1.64,       -1.12,
        1.72,       -1.08,
        1.84,       -1.06,
        1.92,       -1.04,
        2.04,       -1.03,
        2.12,       -1.03,
        2.24,       -1.03,
        2.35,       -1.03,
        2.43,       -1.00,
        2.55,       -0.98,
        2.67,       -0.99,
        2.79,       -0.98,
        2.91,       -0.96,
        3.07,       -1.00,
        3.19,       -0.96,
        3.31,       -0.97,
        3.47,       -0.95,
        3.63,       -0.94,
        3.79,       -0.95,
        3.95,       -0.92,
        4.15,       -0.90,
        4.31,       -0.85,
        4.51,       -0.86,
        4.67,       -0.83,
        4.87,       -0.85,
        5.07,       -0.84,
        5.27,       -0.86,
        5.47,       -0.88,
        5.67,       -0.86,
        5.87,       -0.93,
        6.11,       -0.88,
        6.31,       -0.90,
        6.51,       -0.84,
        6.75,       -0.85,
        6.99,       -0.84,
        7.23,       -0.82,
        7.46,       -0.81,
        7.70,       -0.79,
        7.94,       -0.75,
        8.18,       -0.78,
        8.42,       -0.74,
        8.66,       -0.72,
        8.90,       -0.75,
        9.10,       -0.69,
        9.34,       -0.67,
        9.58,       -0.65,
        9.86,       -0.57,
       10.10,       -0.63,
       10.34,       -0.55,
       10.58,       -0.53,
       10.86,       -0.53,
       11.10,       -0.44,
       11.34,       -0.44,
       11.58,       -0.44,
       11.86,       -0.34,
       12.10,       -0.40,
       12.33,       -0.32,
       12.61,       -0.30,
       12.85,       -0.36,
       13.13,       -0.28,
       13.37,       -0.31,
       13.65,       -0.36,
       13.89,       -0.24,
       14.17,       -0.24,
       14.41,       -0.24,
       14.69,       -0.20,
       15.01,       -0.23,
       15.29,       -0.19,
       15.57,       -0.20,
       15.89,       -0.22,
       16.17,       -0.15,
       16.45,       -0.23,
       16.73,       -0.18,
       17.05,       -0.15,
       17.32,       -0.17,
       17.60,       -0.11,
       17.88,       -0.12,
       18.20,       -0.11,
       18.48,       -0.06,
       18.76,       -0.10,
       19.08,       -0.08,
       19.36,       -0.07,
       19.68,       -0.14,
       19.96,       -0.07,
       20.24,       -0.09,
       20.56,       -0.07,
       20.84,       -0.03,
       21.16,       -0.06,
       21.44,       -0.03,
       21.76,       -0.02,
       22.04,       -0.02,
       22.35,        0.04,
       22.63,       -0.02,
       22.95,       -0.01,
       23.31,        0.01,
       23.63,       -0.02,
       23.99,        0.02,
       24.31,        0.01,
       24.63,       -0.00,
       24.95,        0.06,
       25.27,        0.03,
       25.63,        0.03,
       25.95,        0.07,
       26.27,        0.07,
       26.59,        0.11,
       26.91,        0.12,
       27.27,        0.14,
       27.58,        0.14,
       27.94,        0.15,
       28.26,        0.19,
       28.58,        0.21,
       28.90,        0.20,
       29.26,        0.25,
       29.58,        0.24,
       29.90,        0.26,
       30.22,        0.32,
       30.54,        0.29,
       30.90,        0.33,
       31.26,        0.36,
       31.66,        0.34,
       32.02,        0.39,
       32.37,        0.38,
       32.73,        0.39,
       33.05,        0.44,
       33.41,        0.42,
       33.77,        0.47,
       34.13,        0.48,
       34.45,        0.49,
       34.81,        0.55,
       35.17,        0.54,
       35.53,        0.55,
       35.89,        0.58,
       36.25,        0.54,
       36.61,        0.60,
       36.97,        0.62,
       37.32,        0.62,
       37.64,        0.65,
       38.00,        0.64,
       38.36,        0.67,
       38.76,        0.68,
       39.12,        0.71,
       39.52,        0.72,
       39.92,        0.72,
       40.28,        0.72,
       40.68,        0.73,
       41.04,        0.72,
       41.40,        0.72,
       41.80,        0.74,
       42.16,        0.75,
       42.55,        0.75,
       42.95,        0.73,
       43.31,        0.76,
       43.71,        0.76,
       44.11,        0.72,
       44.47,        0.73,
       44.87,        0.75,
       45.23,        0.72,
       45.63,        0.73,
       45.99,        0.72,
       46.35,        0.74,
       46.79,        0.76,
       47.23,        0.75,
       47.62,        0.76,
       48.02,        0.76,
       48.46,        0.76,
       48.86,        0.78,
       49.26,        0.77,
       49.62,        0.76,
       50.02,        0.77,
       50.42,        0.78,
       50.78,        0.72,
       51.22,        0.59,
       51.62,        0.42,
       51.98,        0.17,
       52.37,       -0.10,
       52.77,       -0.37,
       53.13,       -0.63,
       53.53,       -0.94,
       53.93,       -1.21,
       54.33,       -1.51,
       54.73,       -1.81,
       55.13,       -2.15,
       55.57,       -2.41,
       55.97,       -2.49,
       56.41,       -2.52,
       56.81,       -2.56,
       57.21,       -2.59,
       57.60,       -2.60,
       57.96,       -2.60,
       58.36,       -2.59,
       58.76,       -2.54,
       59.20,       -2.49,
       59.60,       -2.48,
       60.00,       -2.47,
       60.40,       -2.52,
       60.80,       -2.54,
       61.20,       -2.55,
       61.60,       -2.56,
       62.00,       -2.59,
       62.39,       -2.59,
       62.79,       -2.56,
       63.23,       -2.57,
       63.67,       -2.56,
       64.07,       -2.57,
       64.51,       -2.56,
       64.95,       -2.57,
       65.35,       -2.57,
       65.75,       -2.56,
       66.15,       -2.57,
       66.55,       -2.54,
       66.99,       -2.52,
       67.42,       -2.52,
       67.82,       -2.54,
       68.22,       -2.55,
       68.66,       -2.55,
       69.06,       -2.56,
       69.46,       -2.55,
       69.86,       -2.56,
       70.26,       -2.54,
       70.66,       -2.53,
       71.10,       -2.50,
       71.58,       -2.49,
       72.02,       -2.49,
       72.45,       -2.49,
       72.89,       -2.48,
       73.29,       -2.49,
       73.73,       -2.49,
       74.13,       -2.48,
       74.53,       -2.49,
       74.97,       -2.48,
       75.41,       -2.49,
       75.85,       -2.47,
       76.25,       -2.45,
       76.65,       -2.41,
       77.09,       -2.39,
       77.48,       -2.38,
       77.88,       -2.35,
       78.32,       -2.34,
       78.76,       -2.31,
       79.20,       -2.31,
       79.64,       -2.32,
       80.08,       -2.33,
       80.56,       -2.34,
       81.00,       -2.30,
       81.44,       -2.26,
       81.84,       -2.21,
       82.24,       -2.20,
       82.67,       -2.19,
       83.11,       -2.20,
       83.55,       -2.20,
       83.99,       -2.19,
       84.43,       -2.17,
       84.83,       -2.15,
       85.27,       -2.12,
       85.67,       -2.15,
       86.11,       -2.12,
       86.55,       -2.08,
       86.99,       -2.06,
       87.46,       -2.05,
       87.90,       -2.05,
       88.38,       -2.05,
       88.82,       -2.04,
       89.22,       -2.05,
       89.66,       -2.05,
       90.10,       -2.04,
       90.50,       -2.04,
       90.98,       -2.04,
       91.42,       -2.00,
       91.86,       -1.96,
       92.30,       -1.93,
       92.69,       -1.93,
       93.13,       -1.91,
       93.57,       -1.88,
       93.97,       -1.88,
       94.41,       -1.86,
       94.89,       -1.86,
       95.37,       -1.84,
       95.77,       -1.81,
       96.25,       -1.81,
       96.73,       -1.80,
       97.17,       -1.80,
       97.60,       -1.79,
       98.00,       -1.78,
       98.44,       -1.77,
       98.92,       -1.77,
       99.36,       -1.76,
       99.80,       -1.77,
      100.24,       -1.76,
      100.68,       -1.73,
      101.12,       -1.73,
      101.52,       -1.72,
      101.96,       -1.71,
      102.39,       -1.72,
      102.83,       -1.71,
      103.31,       -1.72,
      103.75,       -1.71,
      104.23,       -1.71,
      104.71,       -1.73,
      105.15,       -1.71,
      105.59,       -1.71,
      106.03,       -1.74,
      106.47,       -1.75,
      106.91,       -1.75,
      107.38,       -1.73,
      107.86,       -1.73,
      108.26,       -1.73,
      108.70,       -1.73,
      109.14,       -1.76,
      109.58,       -1.76,
      110.02,       -1.77,
      110.46,       -1.79,
      110.90,       -1.82,
      111.38,       -1.86,
      111.86,       -1.91,
      112.33,       -2.02,
      112.77,       -2.24,
      113.25,       -2.54,
      113.69,       -2.86,
      114.13,       -3.14,
      114.57,       -3.22,
      115.01,       -3.24,
      115.49,       -3.21,
      115.93,       -3.16,
      116.37,       -3.11,
      116.81,       -3.07,
      117.25,       -3.00,
      117.68,       -2.97,
      118.12,       -2.91,
      118.56,       -2.83,
      119.04,       -2.75,
      119.52,       -2.73,
      120.00,       -2.69,
      120.48,       -2.61,
      120.96,       -2.55,
      121.40,       -2.47,
      121.84,       -2.39,
      122.28,       -2.33,
      122.71,       -2.29,
      123.19,       -2.21,
      123.67,       -2.13,
      124.11,       -2.08,
      124.55,       -2.02,
      124.99,       -1.91,
      125.47,       -1.81,
      125.91,       -1.77,
      126.35,       -1.70,
      126.83,       -1.66,
      127.31,       -1.66,
      127.78,       -1.63,
      128.26,       -1.60,
      128.74,       -1.55,
      129.22,       -1.48,
      129.66,       -1.41,
      130.10,       -1.33,
      130.54,       -1.24,
      131.02,       -1.17,
      131.50,       -1.08,
      131.94,       -0.98,
      132.41,       -0.95,
      132.85,       -0.88,
      133.29,       -0.85,
      133.73,       -0.83,
      134.17,       -0.76,
      134.65,       -0.70,
      135.13,       -0.62,
      135.65,       -0.53,
      136.13,       -0.43,
      136.57,       -0.38,
      137.05,       -0.37,
      137.48,       -0.34,
      137.96,       -0.30,
      138.40,       -0.21,
      138.84,       -0.15,
      139.32,       -0.12,
      139.80,       -0.06,
      140.28,       -0.02,
      140.72,       -0.01,
      141.16,        0.01,
      141.60,        0.07,
      142.08,        0.18,
      142.51,        0.21,
      142.99,        0.22,
      143.47,        0.26,
      143.95,        0.32,
      144.43,        0.35,
      144.91,        0.39,
      145.39,        0.41,
      145.83,        0.42,
      146.27,        0.45,
      146.75,        0.45,
      147.23,        0.46,
      147.70,        0.47,
      148.14,        0.51,
      148.62,        0.53,
      149.06,        0.54,
      149.50,        0.54,
      149.94,        0.55,
      150.38,        0.56,
      150.90,        0.59,
      151.38,        0.61,
      151.86,        0.63,
      152.34,        0.63,
      152.81,        0.63,
      153.29,        0.67,
      153.73,        0.72,
      154.21,        0.73,
      154.65,        0.73,
      155.13,        0.74,
      155.61,        0.75,
      156.09,        0.76,
      156.53,        0.79,
      156.97,        0.81,
      157.40,        0.82,
      157.84,        0.84,
      158.32,        0.90,
      158.80,        0.91,
      159.28,        0.90,
      159.84,        0.90,
      160.28,        0.91,
      160.80,        0.93,
      161.24,        0.93,
      161.72,        0.92,
      162.16,        1.00,
      162.63,        1.06,
      163.11,        1.05,
      163.59,        1.00,
      164.03,        0.99,
      164.47,        1.01,
      164.95,        1.03,
      165.39,        1.03,
      165.83,        1.05,
      166.31,        1.06,
      166.79,        1.09,
      167.27,        1.12,
      167.78,        1.16,
      168.26,        1.22,
      168.74,        1.28,
      169.22,        1.27,
      169.66,        1.25,
      170.14,        1.25,
      170.58,        1.26,
      171.06,        1.26,
      171.54,        1.29,
      172.02,        1.31,
      172.45,        1.33,
      172.89,        1.32,
      173.37,        1.33,
      173.81,        1.34,
      174.29,        1.36,
      174.77,        1.38,
      175.29,        1.41,
      175.73,        1.42,
      176.25,        1.46,
      176.73,        1.51,
      177.21,        1.51,
      177.68,        1.55,
      178.08,        1.58,
      178.56,        1.61,
      179.04,        1.61,
      179.52,        1.62,
      180.00,        1.66,
      180.48,        1.68,
      180.92,        1.73,
      181.36,        1.73,
      181.84,        1.76,
      182.28,        1.78,
      182.79,        1.79,
      183.27,        1.81,
      183.75,        1.86,
      184.27,        1.88,
      184.75,        1.90,
      185.19,        1.90,
      185.67,        1.92,
      186.11,        1.94,
      186.59,        1.99,
      187.07,        2.02,
      187.54,        2.02,
      188.02,        2.03,
      188.46,        2.04,
      188.90,        2.11,
      189.38,        2.16,
      189.82,        2.18,
      190.30,        2.18,
      190.78,        2.17,
      191.30,        2.21,
      191.74,        2.24,
      192.22,        2.25,
      192.73,        2.25,
      193.17,        2.24,
      193.65,        2.25,
      194.09,        2.29,
      194.57,        2.34,
      195.05,        2.34,
      195.53,        2.36,
      196.01,        2.38,
      196.49,        2.41,
      196.93,        2.43,
      197.37,        2.42,
      197.84,        2.43,
      198.32,        2.43,
      198.80,        2.46,
      199.28,        2.47,
      199.76,        2.47,
      200.24,        2.51,
      200.72,        2.53,
      201.20,        2.49,
      201.68,        2.49,
      202.12,        2.49,
      202.59,        2.49,
      203.07,        2.51,
      203.55,        2.54,
      204.03,        2.56,
      204.47,        2.58,
      204.95,        2.62,
      205.39,        2.67,
      205.87,        2.66,
      206.31,        2.73,
      206.79,        2.69,
      207.31,        2.72,
      207.78,        2.73,
      208.26,        2.75,
      208.78,        2.79,
      209.22,        2.82,
      209.70,        2.86,
      210.14,        2.87,
      210.62,        2.91,
      211.10,        2.95,
      211.58,        2.94,
      212.06,        2.95,
      212.53,        3.01,
      212.97,        3.02,
      213.41,        3.04,
      213.89,        3.07,
      214.37,        3.11,
      214.85,        3.15,
      215.33,        3.18,
      215.85,        3.20,
      216.33,        3.20,
      216.81,        3.20,
      217.29,        3.18,
      217.72,        3.19,
      218.20,        3.20,
      218.68,        3.21,
      219.16,        3.18,
      219.64,        3.17,
      220.12,        3.13,
      220.56,        3.07,
      221.00,        2.95,
      221.48,        2.70,
      221.96,        2.37,
      222.39,        2.00,
      222.91,        1.65,
      223.43,        1.25,
      223.91,        0.90,
      224.39,        0.53,
      224.87,        0.19,
      225.35,       -0.18,
      225.79,       -0.55,
      226.27,       -0.93,
      226.79,       -1.17,
      227.23,       -1.21,
      227.70,       -1.24,
      228.18,       -1.24,
      228.62,       -1.23,
      229.10,       -1.19,
      229.54,       -1.17,
      230.02,       -1.17,
      230.50,       -1.17,
      230.98,       -1.13,
      231.50,       -1.09,
      231.98,       -1.03,
      232.49,       -0.96,
      232.97,       -0.89,
      233.41,       -0.85,
      233.89,       -0.83,
      234.33,       -0.82,
      234.81,       -0.82,
      235.29,       -0.85,
      235.77,       -0.85,
      236.25,       -0.77,
      236.73,       -0.76,
      237.17,       -0.77,
      237.64,       -0.77,
      238.12,       -0.76,
      238.60,       -0.72,
      239.08,       -0.69,
      239.60,       -0.66,
      240.08,       -0.62,
      240.60,       -0.57,
      241.08,       -0.53,
      241.52,       -0.50,
      241.96,       -0.50,
      242.43,       -0.49,
      242.91,       -0.49,
      243.43,       -0.46,
      243.91,       -0.41,
      244.39,       -0.39,
      244.83,       -0.39,
      245.27,       -0.40,
      245.75,       -0.37,
      246.23,       -0.37,
      246.75,       -0.37,
      247.23,       -0.31,
      247.74,       -0.27,
      248.22,       -0.21,
      248.74,       -0.16,
      249.18,       -0.15,
      249.66,       -0.08,
      250.10,       -0.05,
      250.58,       -0.05,
      251.06,       -0.06,
      251.58,       -0.10,
      252.06,       -0.07,
      252.49,       -0.02,
      252.97,       -0.02,
      253.41,        0.00,
      253.89,        0.00,
      254.37,        0.02,
      254.85,        0.03,
      255.37,        0.04,
      255.89,        0.07,
      256.33,        0.11,
      256.85,        0.12,
      257.33,        0.16,
      257.76,        0.20,
      258.24,        0.28,
      258.72,        0.31,
      259.20,        0.33,
      259.68,        0.33,
      260.16,        0.33,
      260.64,        0.33,
      261.08,        0.34,
      261.56,        0.37,
      262.00,        0.38,
      262.55,        0.37,
      263.03,        0.38,
      263.51,        0.38,
      264.03,        0.40,
      264.51,        0.44,
      265.03,        0.46,
      265.47,        0.48,
      265.95,        0.46,
      266.43,        0.49,
      266.91,        0.53,
      267.39,        0.53,
      267.90,        0.53,
      268.34,        0.51,
      268.82,        0.53,
      269.26,        0.60,
      269.74,        0.68,
      270.18,        0.73,
      270.70,        0.72,
      271.18,        0.70,
      271.70,        0.71,
      272.18,        0.76,
      272.69,        0.81,
      273.17,        0.89,
      273.61,        0.94,
      274.09,        0.96,
      274.57,        0.99,
      275.05,        0.99,
      275.53,        1.02,
      276.01,        1.04,
      276.49,        1.09,
      276.93,        1.12,
      277.40,        1.12,
      277.84,        1.12,
      278.32,        1.11,
      278.80,        1.08,
      279.36,        1.08,
      279.84,        1.07,
      280.32,        1.07,
      280.84,        1.10,
      281.32,        1.12,
      281.76,        1.14,
      282.24,        1.15,
      282.71,        1.15,
      283.19,        1.19,
      283.71,        1.22,
      284.19,        1.21,
      284.63,        1.23,
      285.07,        1.27,
      285.55,        1.30,
      286.03,        1.32,
      286.51,        1.38,
      287.07,        1.39,
      287.54,        1.42,
      288.06,        1.45,
      288.54,        1.47,
      289.06,        1.51,
      289.54,        1.52,
      289.98,        1.55,
      290.46,        1.56,
      290.94,        1.55,
      291.46,        1.54,
      291.90,        1.56,
      292.38,        1.56,
      292.85,        1.59,
      293.29,        1.58,
      293.77,        1.56,
      294.25,        1.55,
      294.73,        1.55,
      295.25,        1.57,
      295.73,        1.64,
      296.25,        1.66,
      296.73,        1.68,
      297.25,        1.71,
      297.68,        1.71,
      298.16,        1.71,
      298.64,        1.74,
      299.12,        1.77,
      299.60,        1.77,
      300.08,        1.78,
      300.56,        1.81,
      301.04,        1.78,
      301.48,        1.81,
      301.96,        1.84,
      302.43,        1.88,
      302.91,        1.89,
      303.43,        1.89,
      303.95,        1.91,
      304.43,        1.96,
      304.95,        1.99,
      305.43,        2.00,
      305.87,        2.05,
      306.31,        2.08,
      306.83,        2.09,
      307.31,        2.16,
      307.78,        2.17,
      308.26,        2.20,
      308.74,        2.25,
      309.18,        2.30,
      309.66,        2.32,
      310.14,        2.32,
      310.70,        2.34,
      311.18,        2.30,
      311.70,        2.33,
      312.22,        2.36,
      312.73,        2.38,
      313.21,        2.39,
      313.65,        2.43,
      314.13,        2.46,
      314.61,        2.47,
      315.09,        2.45,
      315.61,        2.47,
      316.09,        2.44,
      316.57,        2.47,
      317.01,        2.46,
      317.48,        2.44,
      317.92,        2.47,
      318.40,        2.51,
      318.92,        2.55,
      319.44,        2.55,
      319.92,        2.56,
      320.44,        2.53,
      320.92,        2.51,
      321.40,        2.52,
      321.88,        2.53,
      322.36,        2.54,
      322.83,        2.53,
      323.31,        2.53,
      323.83,        2.54,
      324.31,        2.57,
      324.79,        2.62,
      325.27,        2.61,
      325.71,        2.67,
      326.15,        2.73,
      326.67,        2.74,
      327.19,        2.76,
      327.66,        2.83,
      328.14,        2.91,
      328.66,        2.99,
      329.14,        3.04,
      329.66,        3.12,
      330.14,        3.13,
      330.62,        3.15,
      331.10,        3.23,
      331.58,        3.26,
      332.06,        3.27,
      332.53,        3.29,
      333.01,        3.34,
      333.49,        3.38,
      333.93,        3.45,
      334.41,        3.51,
      334.93,        3.56,
      335.37,        3.56,
      335.89,        3.56,
      336.45,        3.62,
      336.93,        3.63,
      337.44,        3.71,
      337.92,        3.75,
      338.40,        3.78,
      338.88,        3.83,
      339.36,        3.83,
      339.88,        3.87,
      340.32,        3.89,
      340.80,        3.90,
      341.28,        3.96,
      341.76,        3.96,
      342.20,        3.99,
      342.67,        4.00,
      343.15,        4.04,
      343.67,        4.05,
      344.19,        4.12,
      344.71,        4.10,
      345.19,        4.04,
      345.67,        4.09,
      346.19,        4.07,
      346.67,        4.12,
      347.15,        4.14,
      347.62,        4.10,
      348.10,        4.04,
      348.58,        3.97,
      349.06,        3.98,
      349.54,        3.93,
      349.98,        3.93,
      350.46,        3.93,
      350.94,        3.87,
      351.46,        3.79,
      351.98,        3.71,
      352.45,        3.61,
      352.97,        3.44,
      353.45,        3.33,
      353.97,        3.27,
      354.45,        3.19,
      354.93,        3.19,
      355.41,        3.10,
      355.93,        3.13,
      356.37,        3.04,
      356.85,        2.98,
      357.33,        2.99,
      357.76,        2.94,
      358.24,        2.95,
      358.72,        2.78,
      359.28,        2.73,
      359.76,        2.65,
      360.28,        2.43,
      360.76,        2.38,
      361.28,        2.15,
      361.76,        2.08,
      362.28,        2.00,
      362.71,        1.78,
      363.23,        1.79,
      363.71,        1.58,
      364.15,        1.51,
      364.63,        1.42,
      365.11,        1.16,
      365.59,        1.15,
      366.03,        0.95,
      366.55,        0.76,
      367.03,        0.56,
      367.50,        0.21,
      368.02,       -0.05,
      368.54,       -0.31,
      369.02,       -0.70,
      369.54,       -0.95,
      370.02,       -1.27,
      370.50,       -1.48,
      370.98,       -1.54,
      371.46,       -1.72,
      371.94,       -1.85,
      372.42,       -1.89,
      372.89,       -2.07,
      373.37,       -2.15,
      373.81,       -2.20,
      374.29,       -2.38,
      374.85,       -2.42,
      375.33,       -2.51,
      375.85,       -2.63,
      376.33,       -2.64,
      376.85,       -2.78,
      377.33,       -2.87,
      377.84,       -2.90,
      378.32,       -2.95,
      378.76,       -3.02,
      379.24,       -3.05,
      379.72,       -3.13,
      380.20,       -3.15,
      380.68,       -3.17,
      381.16,       -3.24,
      381.64,       -3.23,
      382.08,       -3.25,
      382.59,       -3.23,
      383.07,       -3.26,
      383.59,       -3.30,
      384.07,       -3.36,
      384.63,       -3.43,
      385.11,       -3.61,
      385.63,       -3.87,
      386.07,       -4.15,
      386.55,       -4.39,
      387.03,       -4.52,
      387.50,       -4.57,
      387.98,       -4.63,
      388.46,       -4.70,
      388.94,       -4.79,
      389.42,       -4.83,
      389.86,       -4.81,
      390.34,       -4.78,
      390.86,       -4.75,
      391.34,       -4.70,
      391.90,       -4.59,
      392.38,       -4.46,
      392.89,       -4.30,
      393.37,       -4.12,
      393.85,       -4.00,
      394.29,       -3.82,
      394.81,       -3.63,
      395.29,       -3.42,
      395.81,       -3.21,
      396.29,       -2.97,
      396.77,       -2.78,
      397.21,       -2.60,
      397.68,       -2.44,
      398.16,       -2.29,
      398.64,       -2.16,
      399.12,       -1.99,
      399.64,       -1.81,
      400.20,       -1.65,
      400.68,       -1.52,
      401.16,       -1.41,
      401.64,       -1.26,
      402.12,       -1.17,
      402.55,       -1.07,
      403.07,       -0.98,
      403.55,       -0.89,
      404.03,       -0.74,
      404.51,       -0.61,
      404.99,       -0.51,
      405.47,       -0.47,
      405.91,       -0.49,
      406.39,       -0.47,
      406.91,       -0.38,
      407.43,       -0.30,
      407.90,       -0.23,
      408.42,       -0.18,
      408.90,       -0.11,
      409.42,       -0.02,
      409.90,        0.06,
      410.34,        0.14,
      410.82,        0.20,
      411.34,        0.24,
      411.86,        0.27,
      412.34,        0.33,
      412.81,        0.37,
      413.25,        0.42,
      413.73,        0.46,
      414.17,        0.56,
      414.69,        0.63,
      415.17,        0.68,
      415.65,        0.69,
      416.17,        0.79,
      416.69,        0.86,
      417.17,        0.94,
      417.68,        1.03,
      418.16,        1.11,
      418.64,        1.06,
      419.08,        1.14,
      419.60,        1.20,
      420.08,        1.26,
      420.56,        1.28,
      421.04,        1.27,
      421.52,        1.29,
      422.00,        1.29,
      422.44,        1.37,
      422.91,        1.45,
      423.43,        1.46,
      423.91,        1.51,
      424.43,        1.53,
      424.95,        1.54,
      425.43,        1.58,
      425.95,        1.59,
      426.43,        1.60,
      426.91,        1.66,
      427.39,        1.70,
      427.86,        1.69,
      428.38,        1.72,
      428.86,        1.77,
      429.30,        1.78,
      429.78,        1.79,
      430.22,        1.83,
      430.70,        1.86,
      431.26,        1.86,
      431.74,        1.86,
      432.26,        1.84,
      432.77,        1.87,
      433.25,        1.86,
      433.77,        1.86,
      434.25,        1.86,
      434.77,        1.87,
      435.25,        1.87,
      435.73,        1.83,
      436.21,        1.84,
      436.69,        1.89,
      437.13,        1.97,
      437.60,        2.00,
      438.04,        2.03,
      438.52,        2.03,
      439.04,        2.02,
      439.52,        2.05,
      440.04,        2.05,
      440.56,        2.05,
      441.04,        2.04,
      441.56,        2.05,
      442.04,        2.12,
      442.51,        2.10,
      442.99,        2.10,
      443.47,        2.06,
      443.95,        2.13,
      444.43,        2.15,
      444.87,        2.16,
      445.35,        2.13,
      445.83,        2.14,
      446.27,        2.18,
      446.79,        2.19,
      447.27,        2.21,
      447.78,        2.25,
      448.30,        2.29,
      448.78,        2.32,
      449.30,        2.36,
      449.78,        2.36,
      450.26,        2.34,
      450.70,        2.31,
      451.18,        2.33,
      451.66,        2.34,
      452.14,        2.35,
      452.61,        2.36,
      453.09,        2.39,
      453.53,        2.39,
      454.01,        2.39,
      454.49,        2.42,
      455.01,        2.41,
      455.53,        2.37,
      456.01,        2.36,
      456.53,        2.35,
      457.01,        2.39,
      457.49,        2.42,
      457.96,        2.40,
      458.44,        2.33,
      458.88,        2.35,
      459.36,        2.31,
      459.88,        2.29,
      460.36,        2.29,
      460.84,        2.30,
      461.28,        2.34,
      461.76,        2.34,
      462.20,        2.31,
      462.71,        2.26,
      463.23,        2.25,
      463.71,        2.26,
      464.23,        2.25,
      464.71,        2.19,
      465.23,        2.15,
      465.67,        2.12,
      466.15,        2.08,
      466.63,        2.03,
      467.11,        2.00,
      467.62,        2.02,
      468.14,        2.05,
      468.62,        2.05,
      469.14,        2.03,
      469.62,        2.02,
      470.10,        2.02,
      470.62,        2.03,
      471.10,        2.02,
      471.62,        2.00,
      472.10,        2.00,
      472.61,        2.03,
      473.09,        2.03,
      473.57,        2.04,
      474.05,        2.05,
      474.49,        2.09,
      474.97,        2.12,
      475.45,        2.12,
      475.93,        2.13,
      476.41,        2.14,
      476.89,        2.16,
      477.33,        2.17,
      477.80,        2.20,
      478.28,        2.22,
      478.76,        2.22,
      479.28,        2.27,
      479.80,        2.29,
      480.24,        2.26,
      480.76,        2.26,
      481.24,        2.29,
      481.72,        2.30,
      482.20,        2.31,
      482.67,        2.35,
      483.15,        2.31,
      483.63,        2.28,
      484.15,        2.33,
      484.59,        2.35,
      485.07,        2.35,
      485.55,        2.39,
      485.99,        2.42,
      486.47,        2.43,
      486.99,        2.41,
      487.47,        2.41,
      487.98,        2.43,
      488.46,        2.43,
      488.98,        2.43,
      489.46,        2.39,
      489.94,        2.40,
      490.38,        2.38,
      490.90,        2.31,
      491.38,        2.30,
      491.86,        2.31,
      492.34,        2.29,
      492.81,        2.23,
      493.25,        2.21,
      493.73,        2.15,
      494.21,        2.11,
      494.69,        2.14,
      495.21,        2.08,
      495.69,        2.05,
      496.21,        2.02,
      496.69,        2.03,
      497.21,        2.03,
      497.68,        2.08,
      498.12,        2.12,
      498.60,        2.16,
      499.08,        2.17,
      499.60,        2.18,
      500.08,        2.25,
      500.56,        2.29,
      501.04,        2.34,
      501.48,        2.38,
      501.92,        2.43,
      502.40,        2.46,
      502.91,        2.47,
      503.43,        2.51,
      503.91,        2.54,
      504.43,        2.61,
      504.95,        2.64,
      505.43,        2.64,
      505.91,        2.75,
      506.35,        2.69,
      506.91,        2.72,
      507.39,        2.79,
      507.86,        2.82,
      508.34,        2.91,
      508.82,        2.92,
      509.26,        2.98,
      509.74,        3.04,
      510.18,        3.05,
      510.70,        3.09,
      511.22,        3.11,
      511.70,        3.14,
      512.22,        3.19,
      512.69,        3.22,
      513.21,        3.27,
      513.69,        3.30,
      514.17,        3.33,
      514.65,        3.35,
      515.13,        3.41,
      515.65,        3.46,
      516.13,        3.55,
      516.57,        3.61,
      517.05,        3.63,
      517.53,        3.66,
      517.96,        3.69,
      518.48,        3.69,
      518.96,        3.74,
      519.48,        3.78,
      520.00,        3.82,
      520.48,        3.81,
      521.00,        3.80,
      521.48,        3.86,
      522.00,        3.88,
      522.44,        3.96,
      522.91,        4.00,
      523.39,        4.01,
      523.87,        4.05,
      524.35,        4.02,
      524.83,        4.02,
      525.31,        4.05,
      525.75,        4.11,
      526.23,        4.14,
      526.71,        4.15,
      527.19,        4.11,
      527.70,        4.10,
      528.18,        4.12,
      528.70,        4.09,
      529.22,        3.95,
      529.70,        3.68,
      530.18,        3.34,
      530.66,        3.00,
      531.10,        2.64,
      531.62,        2.29,
      532.10,        1.96,
      532.57,        1.67,
      533.05,        1.42,
      533.49,        1.07,
      533.97,        0.77,
      534.49,        0.39,
      535.01,        0.00,
      535.49,       -0.39,
      536.01,       -0.81,
      536.53,       -1.20,
      537.01,       -1.54,
      537.53,       -1.94,
      538.00,       -2.32,
      538.44,       -2.69,
      538.92,       -3.04,
      539.40,       -3.42,
      539.92,       -3.74,
      540.40,       -4.04,
      540.88,       -4.26,
      541.36,       -4.31,
      541.80,       -4.32,
      542.28,       -4.31,
      542.75,       -4.31,
      543.27,       -4.30,
      543.79,       -4.31,
      544.27,       -4.39,
      544.79,       -4.39,
      545.27,       -4.35,
      545.79,       -4.34,
      546.27,       -4.29,
      546.71,       -4.26,
      547.23,       -4.25,
      547.70,       -4.29,
      548.18,       -4.31,
      548.66,       -4.33,
      549.14,       -4.28,
      549.62,       -4.25,
      550.10,       -4.22,
      550.62,       -4.21,
      551.10,       -4.26,
      551.62,       -4.24,
      552.10,       -4.19,
      552.61,       -4.16,
      553.09,       -4.11,
      553.61,       -4.09,
      554.09,       -4.12,
      554.53,       -4.09,
      555.01,       -4.13,
      555.53,       -4.16,
      556.01,       -4.22,
      556.49,       -4.27,
      556.93,       -4.30,
      557.41,       -4.31,
      557.88,       -4.35,
      558.36,       -4.38,
      558.84,       -4.38,
      559.36,       -4.41,
      559.84,       -4.44,
      560.36,       -4.39,
      560.84,       -4.40,
      561.32,       -4.40,
      561.80,       -4.40,
      562.24,       -4.39,
      562.75,       -4.39,
      563.23,       -4.40,
      563.71,       -4.42,
      564.19,       -4.39,
      564.67,       -4.35,
      565.15,       -4.39,
      565.59,       -4.39,
      566.07,       -4.35,
      566.55,       -4.35,
      567.03,       -4.29,
      567.54,       -4.25,
      568.06,       -4.26,
      568.54,       -4.23,
      569.02,       -4.17,
      569.50,       -4.17,
      569.98,       -4.15,
      570.46,       -4.02,
      570.94,       -3.93,
      571.42,       -3.96,
      571.90,       -4.00,
      572.38,       -4.03,
      572.85,       -4.04,
      573.29,       -3.94,
      573.77,       -3.83,
      574.21,       -3.74,
      574.73,       -3.68,
      575.25,       -3.65,
      575.73,       -3.61,
      576.25,       -3.57,
      576.73,       -3.56,
      577.21,       -3.56,
      577.68,       -3.54,
      578.12,       -3.54,
      578.60,       -3.47,
      579.08,       -3.41,
      579.60,       -3.37,
      580.08,       -3.34,
      580.56,       -3.32,
      581.00,       -3.27,
      581.44,       -3.21,
      581.92,       -3.18,
      582.40,       -3.16,
      582.91,       -3.08,
      583.43,       -3.03,
      583.91,       -2.99,
      584.43,       -2.95,
      584.91,       -2.90,
      585.39,       -2.86,
      585.87,       -2.81,
      586.35,       -2.77,
      586.83,       -2.73,
      587.31,       -2.73,
      587.78,       -2.69,
      588.26,       -2.61,
      588.70,       -2.58,
      589.18,       -2.55,
      589.66,       -2.52,
      590.14,       -2.49,
      590.62,       -2.43,
      591.14,       -2.40,
      591.66,       -2.38,
      592.18,       -2.32,
      592.69,       -2.29,
      593.17,       -2.24,
      593.61,       -2.18,
      594.09,       -2.10,
      594.57,       -2.04,
      595.05,       -2.05,
      595.53,       -2.00,
      596.01,       -1.96,
      596.49,       -1.86,
      596.93,       -1.82,
      597.41,       -1.81,
      597.84,       -1.82,
      598.36,       -1.79,
      598.84,       -1.79,
      599.36,       -1.77,
      599.88,       -1.73,
      600.36,       -1.68,
      600.88,       -1.65,
      601.36,       -1.69,
      601.80,       -1.65,
      602.28,       -1.61,
      602.75,       -1.55,
      603.23,       -1.56,
      603.71,       -1.52,
      604.19,       -1.45,
      604.67,       -1.42,
      605.11,       -1.39,
      605.59,       -1.38,
      606.07,       -1.35,
      606.63,       -1.29,
      607.11,       -1.23,
      607.62,       -1.19,
      608.10,       -1.16,
      608.62,       -1.15,
      609.10,       -1.11,
      609.58,       -1.08,
      610.06,       -1.07,
      610.50,       -1.02,
      610.98,       -1.01,
      611.50,       -0.99,
      611.98,       -0.94,
      612.46,       -0.91,
      612.89,       -0.87,
      613.37,       -0.86,
      613.85,       -0.81,
      614.29,       -0.76,
      614.81,       -0.74,
      615.33,       -0.63,
      615.81,       -0.63,
      616.33,       -0.57,
      616.85,       -0.55,
      617.33,       -0.59,
      617.76,       -0.52,
      618.20,       -0.51,
      618.68,       -0.46,
      619.16,       -0.40,
      619.68,       -0.45,
      620.16,       -0.43,
      620.64,       -0.42,
      621.08,       -0.41,
      621.56,       -0.37,
      622.00,       -0.37,
      622.52,       -0.38,
      623.03,       -0.40,
      623.51,       -0.46,
      624.03,       -0.47,
      624.51,       -0.46,
      624.99,       -0.51,
      625.47,       -0.52,
      625.91,       -0.64,
      626.39,       -0.82,
      626.87,       -1.10,
      627.35,       -1.50,
      627.86,       -1.90,
      628.34,       -2.31,
      628.82,       -2.73,
      629.26,       -3.09,
      629.74,       -3.39,
      630.22,       -3.50,
      630.78,       -3.01,
      631.26,       -3.52,
      631.78,       -3.56,
      632.26,       -3.57,
      632.77,       -3.52,
      633.25,       -3.56,
      633.73,       -3.54,
      634.17,       -3.52,
      634.65,       -3.52,
      635.17,       -3.47,
      635.65,       -3.49,
      636.13,       -3.52,
      636.61,       -3.48,
      637.09,       -3.45,
      637.53,       -3.42,
      638.00,       -3.37,
      638.48,       -3.36,
      639.00,       -3.29,
      639.48,       -3.27,
      640.00,       -3.31,
      640.52,       -3.32,
      641.00,       -3.30,
      641.48,       -3.25,
      641.96,       -3.19,
      642.40,       -3.17,
      642.87,       -3.13,
      643.39,       -3.05,
      643.87,       -3.06,
      644.35,       -3.03,
      644.83,       -2.95,
      645.27,       -2.95,
      645.75,       -2.87,
      646.23,       -2.83,
      646.71,       -2.83,
      647.23,       -2.79,
      647.70,       -2.78,
      648.22,       -2.78,
      648.74,       -2.69,
      649.22,       -2.66,
      649.70,       -2.64,
      650.18,       -2.59,
      650.62,       -2.52,
      651.14,       -2.41,
      651.62,       -2.31,
      652.10,       -2.22,
      652.58,       -2.18,
      653.05,       -2.20,
      653.53,       -2.15,
      653.97,       -2.10,
      654.45,       -2.09,
      654.97,       -2.02,
      655.45,       -1.96,
      655.97,       -1.94,
      656.49,       -1.87,
      656.97,       -1.82,
      657.49,       -1.77,
      657.96,       -1.72,
      658.40,       -1.70,
      658.88,       -1.64,
      659.36,       -1.63,
      659.88,       -1.61,
      660.36,       -1.53,
      660.84,       -1.51,
      661.28,       -1.50,
      661.76,       -1.46,
      662.20,       -1.46,
      662.71,       -1.46,
      663.23,       -1.42,
      663.71,       -1.45,
      664.23,       -1.43,
      664.75,       -1.42,
      665.23,       -1.42,
      665.75,       -1.38,
      666.19,       -1.38,
      666.67,       -1.34,
      667.15,       -1.29,
      667.62,       -1.22,
      668.10,       -1.19,
      668.58,       -1.16,
      669.06,       -1.15,
      669.54,       -1.10,
      669.98,       -1.08,
      670.50,       -1.07,
      670.98,       -1.01,
      671.50,       -1.02,
      671.98,       -0.98,
      672.50,       -0.98,
      673.01,       -0.98,
      673.49,       -0.94,
      673.97,       -0.98,
      674.45,       -1.00,
      674.93,       -0.98,
      675.41,       -1.09,
      675.89,       -1.11,
      676.37,       -1.26,
      676.85,       -1.50,
      677.33,       -1.79,
      677.76,       -2.13,
      678.24,       -2.50,
      678.76,       -2.88,
      679.24,       -3.26,
      679.76,       -3.59,
      680.24,       -3.96,
      680.76,       -4.30,
      681.28,       -4.66,
      681.76,       -5.04,
      682.24,       -5.39,
      682.67,       -5.69,
      683.15,       -5.80,
      683.63,       -5.92,
      684.15,       -6.04,
      684.63,       -6.05,
      685.07,       -6.20,
      685.55,       -6.30,
      686.03,       -6.27,
      686.51,       -6.36,
      687.03,       -6.41,
      687.51,       -6.39,
      688.02,       -6.46,
      688.54,       -6.49,
      689.02,       -6.48,
      689.54,       -6.49,
      689.98,       -6.50,
      690.46,       -6.45,
      690.94,       -6.45,
      691.46,       -6.41,
      691.94,       -6.39,
      692.42,       -6.37,
      692.89,       -6.31,
      693.37,       -6.23,
      693.81,       -6.19,
      694.29,       -6.14,
      694.81,       -6.10,
      695.29,       -6.05,
      695.81,       -5.94,
      696.33,       -5.83,
      696.81,       -5.71,
      697.29,       -5.66,
      697.80,       -5.57,
      698.28,       -5.44,
      698.76,       -5.43,
      699.24,       -5.35,
      699.72,       -5.23,
      700.20,       -5.13,
      700.68,       -5.00,
      701.16,       -4.93,
      701.64,       -4.84,
      702.08,       -4.77,
      702.60,       -4.69,
      703.07,       -4.57,
      703.59,       -4.46,
      704.07,       -4.35,
      704.59,       -4.26,
      705.07,       -4.21,
      705.59,       -4.12,
      706.07,       -4.01,
      706.55,       -3.91,
      707.03,       -3.82,
      707.51,       -3.73,
      707.98,       -3.64,
      708.46,       -3.56,
      708.94,       -3.50,
      709.42,       -3.40,
      709.90,       -3.34,
      710.38,       -3.27,
      710.86,       -3.17,
      711.38,       -3.13,
      711.86,       -3.06,
      712.34,       -2.99,
      712.85,       -2.91,
      713.33,       -2.82,
      713.81,       -2.78,
      714.29,       -2.69,
      714.77,       -2.60,
      715.25,       -2.53,
      715.77,       -2.46,
      716.25,       -2.42,
      716.73,       -2.38,
      717.17,       -2.33,
      717.64,       -2.20,
      718.12,       -2.21,
      718.60,       -2.14,
      719.08,       -2.09,
      719.60,       -2.01,
      720.08,       -1.97,
      720.60,       -1.91,
      721.12,       -1.86,
      721.60,       -1.83,
      722.04,       -1.77,
      722.52,       -1.71,
      723.03,       -1.67,
      723.51,       -1.62,
      723.99,       -1.56,
      724.47,       -1.52,
      724.95,       -1.44,
      725.39,       -1.35,
      725.87,       -1.27,
      726.35,       -1.23,
      726.83,       -1.22,
      727.35,       -1.19,
      727.86,       -1.14,
      728.34,       -1.11,
      728.86,       -1.01,
      729.34,       -0.97,
      729.82,       -0.94,
      730.26,       -0.86,
      730.74,       -0.81,
      731.26,       -0.74,
      731.74,       -0.70,
      732.22,       -0.65,
      732.69,       -0.61,
      733.13,       -0.56,
      733.57,       -0.54,
      734.05,       -0.49,
      734.57,       -0.42,
      735.09,       -0.36,
      735.57,       -0.31,
      736.09,       -0.28,
      736.57,       -0.21,
      737.09,       -0.19,
      737.53,       -0.18,
      738.00,       -0.08,
      738.48,       -0.07,
      738.96,       -0.07,
      739.48,       -0.01,
      739.96,        0.02,
      740.44,        0.07,
      740.88,        0.10,
      741.32,        0.06,
      741.80,        0.10,
      742.28,        0.17,
      742.79,        0.15,
      743.27,        0.12,
      743.79,        0.10,
      744.31,        0.10,
      744.79,        0.15,
      745.27,        0.16,
      745.75,        0.15,
      746.19,        0.19,
      746.71,        0.15,
      747.19,        0.17,
      747.66,        0.19,
      748.14,        0.20,
      748.58,        0.27,
      749.06,        0.29,
      749.54,        0.33,
      749.98,        0.36,
      750.50,        0.38,
      751.02,        0.42,
      751.50,        0.44,
      752.02,        0.46,
      752.54,        0.54,
      753.01,        0.59,
      753.45,        0.63,
      753.93,        0.68,
      754.41,        0.72,
      754.89,        0.73,
      755.37,        0.76,
      755.85,        0.78,
      756.33,        0.81,
      756.81,        0.85,
      757.25,        0.85,
      757.72,        0.90,
      758.20,        0.93,
      758.72,        0.96,
      759.24,        1.00,
      759.72,        1.03,
      760.24,        1.06,
      760.72,        1.11,
      761.20,        1.14,
      761.68,        1.13,
      762.12,        1.14,
      762.60,        1.17,
      763.11,        1.22,
      763.59,        1.25,
      764.07,        1.26,
      764.51,        1.26,
      764.99,        1.29,
      765.47,        1.29,
      765.95,        1.26,
      766.43,        1.24,
      766.95,        1.18,
      767.47,        1.07,
      767.94,        0.95,
      768.46,        0.85,
      768.94,        0.83,
      769.38,        0.84,
      769.86,        0.84,
      770.34,        0.85,
      770.82,        0.87,
      771.34,        0.87,
      771.82,        0.86,
      772.26,        0.90,
      772.73,        0.93,
      773.21,        0.93,
      773.65,        0.95,
      774.17,        1.03,
      774.65,        1.09,
      775.17,        1.11,
      775.65,        1.07,
      776.17,        1.11,
      776.65,        1.12,
      777.13,        1.14,
      777.61,        1.16,
      778.04,        1.21,
      778.56,        1.25,
      779.04,        1.31,
      779.52,        1.32,
      780.00,        1.33,
      780.48,        1.34,
      780.92,        1.38,
      781.40,        1.39,
      781.88,        1.42,
      782.40,        1.41,
      782.87,        1.38,
      783.39,        1.33,
      783.87,        1.28,
      784.39,        1.17,
      784.87,        0.94,
      785.35,        0.66,
      785.79,        0.26,
      786.27,       -0.16,
      786.75,       -0.56,
      787.27,       -0.93,
      787.74,       -1.26,
      788.22,       -1.55,
      788.66,       -1.85,
      789.14,       -2.12,
      789.62,       -2.47,
      790.10,       -2.90,
      790.58,       -3.30,
      791.10,       -3.65,
      791.58,       -3.97,
      792.10,       -4.23,
      792.58,       -4.52,
      793.09,       -4.83,
      793.53,       -5.14,
      794.01,       -5.43,
      794.49,       -5.70,
      794.97,       -6.00,
      795.49,       -6.15,
      795.97,       -6.29,
      796.41,       -6.33,
      796.89,       -6.33,
      797.33,       -6.38,
      797.80,       -6.34,
      798.28,       -6.21,
      798.80,       -6.18,
      799.32,       -6.19,
      799.80,       -6.21,
      800.32,       -6.22,
      800.80,       -6.16,
      801.28,       -6.14,
      801.76,       -6.10,
      802.24,       -6.04,
      802.71,       -5.93,
      803.19,       -5.82,
      803.67,       -5.71,
      804.15,       -5.64,
      804.63,       -5.55,
      805.11,       -5.54,
      805.55,       -5.42,
      806.03,       -5.28,
      806.51,       -5.15,
      807.03,       -5.04,
      807.55,       -4.96,
      808.02,       -4.96,
      808.54,       -5.00,
      809.02,       -5.12,
      809.50,       -5.17,
      809.98,       -5.27,
      810.42,       -5.40,
      810.90,       -5.44,
      811.42,       -5.52,
      811.90,       -5.73,
      812.38,       -5.86,
      812.81,       -5.92,
      813.29,       -6.05,
      813.73,       -6.10,
      814.25,       -6.10,
      814.73,       -6.22,
      815.25,       -6.30,
      815.77,       -6.31,
      816.25,       -6.39,
      816.73,       -6.49,
      817.21,       -6.42,
      817.65,       -6.54,
      818.12,       -6.64,
      818.60,       -6.63,
      819.08,       -6.65,
      819.56,       -6.69,
      820.04,       -6.76,
      820.52,       -6.70,
      820.96,       -6.69,
      821.44,       -6.71,
      821.92,       -6.73,
      822.44,       -6.73,
      822.91,       -6.75,
      823.43,       -6.70,
      823.91,       -6.67,
      824.43,       -6.71,
      824.87,       -6.69,
      825.35,       -6.69,
      825.79,       -6.69,
      826.27,       -6.66,
      826.75,       -6.60,
      827.23,       -6.54,
      827.70,       -6.53,
      828.18,       -6.56,
      828.66,       -6.52,
      829.14,       -6.43,
      829.58,       -6.36,
      830.06,       -6.37,
      830.58,       -6.31,
      831.10,       -6.30,
      831.58,       -6.30,
      832.10,       -6.27,
      832.58,       -6.23,
      833.01,       -6.22,
      833.49,       -6.23,
      833.93,       -6.21,
      834.41,       -6.16,
      834.89,       -6.11,
      835.37,       -6.07,
      835.85,       -6.06,
      836.33,       -6.05,
      836.81,       -6.01,
      837.25,       -5.94,
      837.72,       -5.92,
      838.24,       -5.89,
      838.72,       -5.87,
      839.24,       -5.83,
      839.72,       -5.78,
      840.24,       -5.72,
      840.72,       -5.67,
      841.16,       -5.60,
      841.60,       -5.52,
      842.08,       -5.44,
      842.56,       -5.43,
      843.03,       -5.41,
      843.55,       -5.36,
      843.99,       -5.33,
      844.47,       -5.31,
      844.95,       -5.27,
      845.43,       -5.24,
      845.91,       -5.18,
      846.39,       -5.09,
      846.91,       -5.05,
      847.39,       -5.04,
      847.90,       -5.01,
      848.38,       -4.96,
      848.82,       -4.92,
      849.30,       -4.86,
      849.78,       -4.80,
      850.22,       -4.74,
      850.74,       -4.71,
      851.22,       -4.65,
      851.70,       -4.59,
      852.18,       -4.56,
      852.66,       -4.52,
      853.09,       -4.48,
      853.57,       -4.48,
      854.05,       -4.44,
      854.57,       -4.42,
      855.09,       -4.42,
      855.57,       -4.38,
      856.05,       -4.30,
      856.53,       -4.25,
      857.01,       -4.24,
      857.45,       -4.24,
      857.92,       -4.18,
      858.40,       -4.13,
      858.88,       -4.07,
      859.36,       -4.03,
      859.84,       -3.97,
      860.32,       -3.92,
      860.80,       -3.87,
      861.28,       -3.82,
      861.72,       -3.77,
      862.24,       -3.74,
      862.75,       -3.70,
      863.23,       -3.67,
      863.71,       -3.64,
      864.23,       -3.61,
      864.71,       -3.59,
      865.15,       -3.54,
      865.63,       -3.43,
      866.11,       -3.47,
      866.59,       -3.42,
      867.07,       -3.39,
      867.55,       -3.37,
      868.02,       -3.38,
      868.50,       -3.42,
      868.98,       -3.42,
      869.42,       -3.37,
      869.90,       -3.34,
      870.38,       -3.36,
      870.90,       -3.37,
      871.42,       -3.34,
      871.90,       -3.26,
      872.38,       -3.19,
      872.85,       -3.15,
      873.33,       -3.09,
      873.77,       -3.00,
      874.25,       -2.95,
      874.77,       -2.93,
      875.25,       -2.88,
      875.73,       -2.81,
      876.21,       -2.73,
      876.65,       -2.67,
      877.13,       -2.62,
      877.57,       -2.60,
      878.08,       -2.51,
      878.56,       -2.43,
      879.08,       -2.37,
      879.60,       -2.28,
      880.08,       -2.24,
      880.60,       -2.19,
      881.04,       -2.12,
      881.52,       -2.07,
      882.00,       -2.02,
      882.48,       -1.98,
      882.95,       -1.91,
      883.43,       -1.87,
      883.91,       -1.80,
      884.35,       -1.74,
      884.83,       -1.73,
      885.27,       -1.72,
      885.75,       -1.64,
      886.27,       -1.55,
      886.79,       -1.51,
      887.27,       -1.48,
      887.78,       -1.44,
      888.26,       -1.42,
      888.74,       -1.38,
      889.22,       -1.37,
      889.66,       -1.41,
      890.14,       -1.33,
      890.66,       -1.32,
      891.14,       -1.31,
      891.62,       -1.33,
      892.06,       -1.33,
      892.50,       -1.30,
      892.97,       -1.30,
      893.41,       -1.35,
      893.93,       -1.40,
      894.45,       -1.40,
      894.93,       -1.46,
      895.45,       -1.51,
      895.97,       -1.52,
      896.45,       -1.53,
      896.93,       -1.52,
      897.37,       -1.48,
      897.84,       -1.47,
      898.36,       -1.41,
      898.84,       -1.36,
      899.32,       -1.33,
      899.80,       -1.29,
      900.28,       -1.22,
      900.72,       -1.15,
      901.20,       -1.09,
      901.68,       -1.00,
      902.20,       -0.93,
      902.68,       -0.85,
      903.19,       -0.80,
      903.71,       -0.79,
      904.19,       -0.73,
      904.71,       -0.70,
      905.15,       -0.67,
      905.63,       -0.63,
      906.07,       -0.56,
      906.55,       -0.54,
      907.07,       -0.47,
      907.55,       -0.43,
      908.02,       -0.38,
      908.50,       -0.34,
      908.94,       -0.33,
      909.42,       -0.29,
      909.90,       -0.31,
      910.42,       -0.31,
      910.94,       -0.30,
      911.42,       -0.33,
      911.94,       -0.43,
      912.42,       -0.44,
      912.93,       -0.64,
      913.37,       -0.93,
      913.81,       -1.13,
      914.29,       -1.46,
      914.77,       -1.74,
      915.29,       -1.94,
      915.77,       -2.25,
      916.25,       -2.53,
      916.69,       -2.76,
      917.17,       -3.08,
      917.65,       -3.39,
      918.12,       -3.76,
      918.64,       -4.08,
      919.12,       -4.35,
      919.64,       -4.66,
      920.16,       -5.01,
      920.60,       -5.30,
      921.08,       -5.56,
      921.52,       -5.92,
      922.00,       -6.27,
      922.48,       -6.58,
      922.95,       -6.85,
      923.43,       -7.01,
      923.91,       -7.18,
      924.39,       -7.34,
      924.87,       -7.40,
      925.35,       -7.41,
      925.83,       -7.41,
      926.31,       -7.41,
      926.83,       -7.42,
      927.31,       -7.42,
      927.82,       -7.41,
      928.30,       -7.40,
      928.74,       -7.42,
      929.22,       -7.44,
      929.70,       -7.45,
      930.18,       -7.41,
      930.66,       -7.36,
      931.14,       -7.36,
      931.62,       -7.39,
      932.10,       -7.41,
      932.54,       -7.42,
      933.01,       -7.42,
      933.49,       -7.43,
      934.01,       -7.45,
      934.49,       -7.47,
      934.97,       -7.50,
      935.49,       -7.56,
      935.97,       -7.55,
      936.45,       -7.56,
      936.93,       -7.55,
      937.37,       -7.51,
      937.84,       -7.47,
      938.36,       -7.45,
      938.84,       -7.42,
      939.32,       -7.42,
      939.80,       -7.41,
      940.24,       -7.36,
      940.72,       -7.35,
      941.20,       -7.34,
      941.68,       -7.28,
      942.16,       -7.27,
      942.68,       -7.27,
      943.15,       -7.27,
      943.67,       -7.24,
      944.15,       -7.23,
      944.63,       -7.20,
      945.11,       -7.16,
      945.59,       -7.16,
      946.07,       -7.11,
      946.55,       -7.06,
      947.07,       -6.96,
      947.55,       -6.91,
      947.98,       -6.85,
      948.46,       -6.86,
      948.90,       -6.77,
      949.38,       -6.63,
      949.86,       -6.62,
      950.38,       -6.59,
      950.90,       -6.52,
      951.38,       -6.49,
      951.90,       -6.42,
      952.38,       -6.34,
      952.85,       -6.28,
      953.29,       -6.21,
      953.77,       -6.11,
      954.25,       -6.04,
      954.77,       -5.99,
      955.25,       -5.88,
      955.73,       -5.78,
      956.21,       -5.68,
      956.65,       -5.62,
      957.13,       -5.57,
      957.57,       -5.52,
      958.08,       -5.49,
      958.60,       -5.44,
      959.12,       -5.42,
      959.60,       -5.42,
      960.12,       -5.40,
      960.60,       -5.31,
      961.08,       -5.24,
      961.52,       -5.19,
      962.04,       -5.13,
      962.52,       -5.07,
      962.99,       -5.05,
      963.51,       -5.00,
      963.95,       -4.92,
      964.43,       -4.86,
      964.87,       -4.77,
      965.35,       -4.73,
      965.87,       -4.68,
      966.35,       -4.61,
      966.87,       -4.52,
      967.39,       -4.42,
      967.86,       -4.35,
      968.38,       -4.29,
      968.86,       -4.24,
      969.34,       -4.26,
      969.82,       -4.30,
      970.30,       -4.26,
      970.78,       -4.24,
      971.26,       -4.33,
      971.78,       -4.35,
      972.22,       -4.35,
      972.70,       -4.35,
      973.17,       -4.31,
      973.65,       -4.27,
      974.13,       -4.22,
      974.65,       -4.16,
      975.13,       -4.14,
      975.65,       -4.11,
      976.17,       -4.05,
      976.69,       -4.03,
      977.17,       -4.05,
      977.65,       -4.00,
      978.12,       -3.95,
      978.60,       -3.92,
      979.08,       -3.90,
      979.56,       -3.85,
      980.04,       -3.80,
      980.52,       -3.85,
      981.00,       -3.88,
      981.48,       -3.87,
      981.96,       -3.80,
      982.44,       -3.76,
      982.95,       -3.75,
      983.47,       -3.71,
      983.95,       -3.69,
      984.47,       -3.72,
      984.99,       -3.66,
      985.43,       -3.63,
      985.95,       -3.58,
      986.43,       -3.52,
      986.91,       -3.46,
      987.39,       -3.41,
      987.86,       -3.37,
      988.34,       -3.42,
      988.82,       -3.28,
      989.30,       -3.24,
      989.78,       -3.17,
      990.26,       -3.11,
      990.78,       -3.09,
      991.30,       -3.04,
      991.78,       -2.95,
      992.30,       -2.95,
      992.77,       -2.89,
      993.25,       -2.85,
      993.77,       -2.81,
      994.25,       -2.78,
      994.73,       -2.73,
      995.21,       -2.71,
      995.69,       -2.69,
      996.17,       -2.67,
      996.65,       -2.64,
      997.13,       -2.58,
      997.61,       -2.55,
      998.08,       -2.50,
      998.60,       -2.46,
      999.08,       -2.43,
      999.60,       -2.38,
     1000.08,       -2.32,
     1000.60,       -2.29,
     1001.08,       -2.23,
     1001.56,       -2.14,
     1002.04,       -2.12,
     1002.52,       -2.13,
     1003.03,       -2.11,
     1003.51,       -2.03,
     1003.99,       -2.03,
     1004.47,       -2.01,
     1004.91,       -2.03,
     1005.39,       -2.00,
     1005.87,       -1.99,
     1006.35,       -1.95,
     1006.87,       -1.93,
     1007.35,       -1.96,
     1007.86,       -1.98,
     1008.34,       -1.97,
     1008.86,       -1.96,
     1009.34,       -1.98,
     1009.86,       -2.03,
     1010.34,       -2.05,
     1010.82,       -2.03,
     1011.30,       -1.99,
     1011.78,       -1.96,
     1012.26,       -1.92,
     1012.74,       -1.90,
     1013.17,       -1.86,
     1013.65,       -1.81,
     1014.17,       -1.79,
     1014.65,       -1.74,
     1015.17,       -1.67,
     1015.65,       -1.64,
     1016.17,       -1.60,
     1016.65,       -1.51,
     1017.17,       -1.44,
     1017.65,       -1.42,
     1018.12,       -1.41,
     1018.60,       -1.40,
     1019.08,       -1.36,
     1019.56,       -1.38,
     1020.04,       -1.23,
     1020.52,       -1.20,
     1021.00,       -1.15,
     1021.48,       -1.12,
     1021.96,       -1.10,
     1022.44,       -1.08,
     1022.95,       -1.05,
     1023.43,       -1.01,
     1023.95,       -0.97,
     1024.47,       -0.94,
     1024.95,       -0.94,
     1025.43,       -0.87,
     1025.95,       -0.83,
     1026.43,       -0.76,
     1026.91,       -0.71,
     1027.39,       -0.65,
     1027.86,       -0.64,
     1028.34,       -0.60,
     1028.82,       -0.55,
     1029.26,       -0.50,
     1029.74,       -0.46,
     1030.22,       -0.42,
     1030.74,       -0.41,
     1031.26,       -0.37,
     1031.74,       -0.33,
     1032.26,       -0.33,
     1032.78,       -0.37,
     1033.29,       -0.37,
     1033.77,       -0.39,
     1034.25,       -0.39,
     1034.73,       -0.39,
     1035.21,       -0.44,
     1035.73,       -0.55,
     1036.21,       -0.65,
     1036.65,       -0.78,
     1037.13,       -0.88,
     1037.57,       -0.93,
     1038.08,       -0.93,
     1038.56,       -0.87,
     1039.08,       -0.84,
     1039.60,       -0.83,
     1040.08,       -0.82,
     1040.60,       -0.80,
     1041.08,       -0.76,
     1041.56,       -0.74,
     1042.08,       -0.70,
     1042.56,       -0.63,
     1043.03,       -0.61,
     1043.51,       -0.55,
     1043.95,       -0.52,
     1044.43,       -0.46,
     1044.91,       -0.41,
     1045.39,       -0.35,
     1045.87,       -0.29,
     1046.35,       -0.27,
     1046.87,       -0.23,
     1047.39,       -0.17,
     1047.86,       -0.09,
     1048.38,       -0.02,
     1048.90,        0.03,
     1049.38,        0.06,
     1049.86,        0.09,
     1050.34,        0.14,
     1050.82,        0.16,
     1051.30,        0.17,
     1051.78,        0.20,
     1052.26,        0.20,
     1052.74,        0.25,
     1053.21,        0.30,
     1053.65,        0.35,
     1054.17,        0.39,
     1054.65,        0.39,
     1055.17,        0.42,
     1055.69,        0.46,
     1056.17,        0.50,
     1056.69,        0.57,
     1057.21,        0.59,
     1057.69,        0.59,
     1058.16,        0.63,
     1058.64,        0.63,
     1059.12,        0.63,
     1059.60,        0.63,
     1060.08,        0.63,
     1060.56,        0.67,
     1061.04,        0.69,
     1061.52,        0.65,
     1062.00,        0.61,
     1062.48,        0.62,
     1062.99,        0.63,
     1063.51,        0.63,
     1063.99,        0.46,
     1064.51,        0.35,
     1065.03,        0.11,
     1065.51,       -0.07,
     1065.95,       -0.15,
     1066.43,       -0.24,
     1066.91,       -0.24,
     1067.43,       -0.33,
     1067.90,       -0.43,
     1068.38,       -0.60,
     1068.86,       -0.90,
     1069.34,       -1.24,
     1069.82,       -1.57,
     1070.30,       -1.93,
     1070.82,       -2.27,
     1071.30,       -2.58,
     1071.82,       -2.91,
     1072.34,       -3.20,
     1072.81,       -3.52,
     1073.29,       -3.87,
     1073.77,       -4.20,
     1074.25,       -4.52,
     1074.73,       -4.93,
     1075.21,       -5.32,
     1075.73,       -5.76,
     1076.21,       -6.22,
     1076.69,       -6.63,
     1077.17,       -6.99,
     1077.61,       -7.32,
     1078.12,       -7.56,
     1078.60,       -7.67,
     1079.12,       -7.64,
     1079.60,       -7.52,
     1080.08,       -7.47,
     1080.60,       -7.41,
     1081.12,       -7.28,
     1081.60,       -7.19,
     1082.08,       -7.07,
     1082.56,       -6.98,
     1083.03,       -6.88,
     1083.51,       -6.76,
     1083.99,       -6.62,
     1084.43,       -6.49,
     1084.91,       -6.36,
     1085.39,       -6.28,
     1085.87,       -6.28,
     1086.39,       -6.24,
     1086.91,       -6.23,
     1087.39,       -6.20,
     1087.86,       -6.20,
     1088.38,       -6.20,
     1088.90,       -6.26,
     1089.34,       -6.27,
     1089.82,       -6.27,
     1090.30,       -6.30,
     1090.82,       -6.30,
     1091.30,       -6.32,
     1091.78,       -6.27,
     1092.26,       -6.27,
     1092.74,       -6.35,
     1093.21,       -6.40,
     1093.69,       -6.43,
     1094.17,       -6.52,
     1094.65,       -6.53,
     1095.17,       -6.52,
     1095.69,       -6.53,
     1096.17,       -6.47,
     1096.69,       -6.41,
     1097.17,       -6.48,
     1097.65,       -6.47,
     1098.12,       -6.44,
     1098.60,       -6.42,
     1099.12,       -6.38,
     1099.60,       -6.37,
     1100.08,       -6.39,
     1100.56,       -6.39,
     1101.04,       -6.36,
     1101.48,       -6.45,
     1101.96,       -6.49,
     1102.48,       -6.51,
     1102.95,       -6.62,
     1103.47,       -6.61,
     1103.95,       -6.53,
     1104.47,       -6.58,
     1104.99,       -6.56,
     1105.47,       -6.51,
     1105.95,       -6.67,
     1106.43,       -6.68,
     1106.91,       -6.62,
     1107.39,       -6.72,
     1107.86,       -6.75,
     1108.34,       -6.67,
     1108.82,       -6.76,
     1109.26,       -6.73,
     1109.74,       -6.62,
     1110.26,       -6.73,
     1110.74,       -6.73,
     1111.26,       -6.64,
     1111.78,       -6.75,
     1112.26,       -6.76,
     1112.78,       -6.63,
     1113.25,       -6.67,
     1113.73,       -6.68,
     1114.21,       -6.57,
     1114.73,       -6.64,
     1115.21,       -6.70,
     1115.69,       -6.56,
     1116.17,       -6.55,
     1116.61,       -6.53,
     1117.09,       -6.41,
     1117.53,       -6.44,
     1118.04,       -6.45,
     1118.52,       -6.36,
     1119.04,       -6.44,
     1119.56,       -6.49,
     1120.04,       -6.36,
     1120.56,       -6.49,
     1121.04,       -6.44,
     1121.52,       -6.32,
     1122.00,       -6.34,
     1122.52,       -6.29,
     1122.99,       -6.16,
     1123.47,       -6.14,
     1123.91,       -6.10,
     1124.39,       -6.02,
     1124.87,       -6.08,
     1125.31,       -6.03,
     1125.83,       -5.92,
     1126.31,       -5.91,
     1126.83,       -5.88,
     1127.31,       -5.75,
     1127.83,       -5.75,
     1128.34,       -5.72,
     1128.82,       -5.58,
     1129.30,       -5.62,
     1129.78,       -5.57,
     1130.26,       -5.44,
     1130.74,       -5.46,
     1131.22,       -5.41,
     1131.70,       -5.30,
     1132.18,       -5.35,
     1132.62,       -5.30,
     1133.09,       -5.18,
     1133.57,       -5.27,
     1134.09,       -5.18,
     1134.57,       -5.03,
     1135.09,       -5.10,
     1135.61,       -5.00,
     1136.09,       -4.94,
     1136.61,       -5.00,
     1137.09,       -4.89,
     1137.53,       -4.82,
     1138.00,       -4.88,
     1138.48,       -4.77,
     1138.96,       -4.74,
     1139.48,       -4.76,
     1139.92,       -4.62,
     1140.40,       -4.59,
     1140.84,       -4.57,
     1141.32,       -4.47,
     1141.84,       -4.47,
     1142.32,       -4.48,
     1142.83,       -4.40,
     1143.35,       -4.39,
     1143.83,       -4.39,
     1144.35,       -4.32,
     1144.83,       -4.34,
     1145.31,       -4.31,
     1145.75,       -4.23,
     1146.23,       -4.25,
     1146.75,       -4.16,
     1147.23,       -4.06,
     1147.71,       -4.05,
     1148.18,       -3.96,
     1148.62,       -3.91,
     1149.10,       -3.91,
     1149.62,       -3.76,
     1150.10,       -3.66,
     1150.62,       -3.65,
     1151.10,       -3.50,
     1151.62,       -3.36,
     1152.14,       -3.28,
     1152.62,       -3.22,
     1153.05,       -3.20,
     1153.53,       -3.14,
     1154.01,       -3.08,
     1154.49,       -3.04,
     1155.01,       -3.01,
     1155.49,       -2.92,
     1155.97,       -2.94,
     1156.41,       -2.91,
     1156.89,       -2.86,
     1157.37,       -2.82,
     1157.84,       -2.70,
     1158.36,       -2.69,
     1158.88,       -2.69,
     1159.36,       -2.61,
     1159.88,       -2.59,
     1160.36,       -2.56,
     1160.84,       -2.51,
     1161.32,       -2.49,
     1161.80,       -2.47,
     1162.28,       -2.43,
     1162.76,       -2.41,
     1163.23,       -2.32,
     1163.71,       -2.26,
     1164.19,       -2.29,
     1164.63,       -2.25,
     1165.11,       -2.23,
     1165.63,       -2.29,
     1166.11,       -2.35,
     1166.63,       -2.38,
     1167.11,       -2.38,
     1167.59,       -2.37,
     1168.10,       -2.38,
     1168.58,       -2.37,
     1169.06,       -2.29,
     1169.54,       -2.24,
     1170.02,       -2.16,
     1170.50,       -2.11,
     1171.02,       -2.06,
     1171.50,       -1.97,
     1171.98,       -1.93,
     1172.42,       -1.89,
     1172.89,       -1.80,
     1173.37,       -1.75,
     1173.85,       -1.64,
     1174.37,       -1.51,
     1174.85,       -1.43,
     1175.37,       -1.38,
     1175.89,       -1.35,
     1176.37,       -1.36,
     1176.85,       -1.29,
     1177.33,       -1.26,
     1177.81,       -1.20,
     1178.28,       -1.11,
     1178.80,       -1.05,
     1179.28,       -0.98,
     1179.76,       -0.92,
     1180.20,       -0.85,
     1180.68,       -0.79,
     1181.12,       -0.76,
     1181.60,       -0.71,
     1182.12,       -0.67,
     1182.60,       -0.64,
     1183.11,       -0.62,
     1183.63,       -0.60,
     1184.15,       -0.59,
     1184.63,       -0.54,
     1185.11,       -0.49,
     1185.59,       -0.49,
     1186.07,       -0.46,
     1186.55,       -0.44,
     1187.03,       -0.44,
     1187.51,       -0.42,
     1187.98,       -0.37,
     1188.42,       -0.32,
     1188.86,       -0.24,
     1189.34,       -0.25,
     1189.82,       -0.24,
     1190.34,       -0.24,
     1190.82,       -0.28,
     1191.30,       -0.32,
     1191.82,       -0.33,
     1192.30,       -0.43,
     1192.78,       -0.51,
     1193.21,       -0.60,
     1193.65,       -0.60,
     1194.13,       -0.60,
     1194.61,       -0.59,
     1195.09,       -0.56,
     1195.53,       -0.52,
     1195.93,       -0.51,
     1196.37,       -0.51,
     1196.81,       -0.52,
     1197.25,       -0.50,
     1197.73,       -0.49,
     1198.20,       -0.46,
     1198.68,       -0.43,
     1199.16,       -0.41,
     1199.60,       -0.38,
     1200.04,       -0.37,
     1200.48,       -0.33,
     1200.88,       -0.28,
     1201.28,       -0.26,
     1201.72,       -0.24,
     1202.16,       -0.16,
     1202.56,       -0.15,
     1202.95,       -0.12,
     1203.31,       -0.08,
     1203.71,       -0.06,
     1204.07,       -0.02,
     1204.47,        0.00,
     1204.83,        0.04,
     1205.23,        0.08,
     1205.63,        0.13,
     1206.03,        0.21,
     1206.39,        0.24,
     1206.79,        0.26,
     1207.19,        0.27,
     1207.55,        0.32,
     1207.86,        0.37,
     1208.18,        0.42,
     1208.54,        0.46,
     1208.86,        0.49,
     1209.22,        0.46,
     1209.54,        0.45,
     1209.90,        0.49,
     1210.22,        0.53,
     1210.54,        0.56,
     1210.82,        0.55,
     1211.14,        0.59,
     1211.42,        0.63,
     1211.74,        0.66,
     1212.02,        0.60,
     1212.30,        0.61,
     1212.54,        0.65,
     1212.74,        0.65,
     1212.97,        0.68,
     1213.17,        0.68,
     1213.33,        0.70,
     1213.49,        0.72,
     1213.65,        0.73,
     1213.77,        0.69,
     1213.89,        0.71,
     1213.97,        0.68,
     1214.05,        0.70,
     1214.09,        0.72,
     1214.13,        0.72,
     1214.17,        0.70,
     1214.17,        0.68,
     1214.17,        0.66,
     1214.17,        0.64,
     1214.17,        0.64,
     1214.17,        0.64,
     1214.17,        0.64,
     1214.21,        0.68,
