       -0.00,       -0.77,
       -0.00,       -0.77,
        0.08,       -0.78,
        0.12,       -0.77,
        0.16,       -0.79,
        0.24,       -0.78,
        0.28,       -0.78,
        0.36,       -0.76,
        0.44,       -0.73,
        0.52,       -0.71,
        0.60,       -0.71,
        0.68,       -0.68,
        0.76,       -0.68,
        0.84,       -0.68,
        0.92,       -0.66,
        1.04,       -0.65,
        1.12,       -0.62,
        1.20,       -0.60,
        1.32,       -0.57,
        1.44,       -0.55,
        1.56,       -0.51,
        1.72,       -0.50,
        1.88,       -0.46,
        2.04,       -0.40,
        2.20,       -0.39,
        2.39,       -0.39,
        2.55,       -0.60,
        2.75,       -0.34,
        2.91,       -0.35,
        3.11,       -0.31,
        3.31,       -0.32,
        3.51,       -0.31,
        3.71,       -0.28,
        3.91,       -0.30,
        4.11,       -0.28,
        4.35,       -0.30,
        4.55,       -0.29,
        4.83,       -0.30,
        5.07,       -0.32,
        5.27,       -0.32,
        5.51,       -0.32,
        5.75,       -0.32,
        5.99,       -0.29,
        6.27,       -0.34,
        6.51,       -0.32,
        6.75,       -0.33,
        6.99,       -0.30,
        7.23,       -0.28,
        7.46,       -0.30,
        7.70,       -0.27,
        7.94,       -0.25,
        8.22,       -0.24,
        8.46,       -0.27,
        8.70,       -0.24,
        8.94,       -0.23,
        9.22,       -0.21,
        9.50,       -0.22,
        9.74,       -0.20,
       10.02,       -0.20,
       10.26,       -0.15,
       10.54,       -0.14,
       10.82,       -0.13,
       11.06,       -0.10,
       11.34,       -0.10,
       11.62,       -0.11,
       11.90,       -0.11,
       12.18,       -0.12,
       12.49,       -0.11,
       12.81,       -0.13,
       13.13,       -0.15,
       13.45,       -0.14,
       13.77,       -0.16,
       14.09,       -0.12,
       14.45,       -0.11,
       14.73,       -0.10,
       15.05,       -0.10,
       15.37,       -0.11,
       15.69,       -0.11,
       16.01,       -0.11,
       16.33,       -0.09,
       16.65,       -0.09,
       16.97,       -0.06,
       17.28,       -0.02,
       17.60,       -0.06,
       17.92,       -0.08,
       18.24,       -0.13,
       18.56,       -0.12,
       18.88,       -0.14,
       19.20,       -0.11,
       19.52,       -0.11,
       19.84,       -0.13,
       20.16,       -0.12,
       20.48,       -0.12,
       20.88,       -0.12,
       21.20,       -0.12,
       21.56,       -0.12,
       21.88,       -0.12,
       22.24,       -0.12,
       22.59,       -0.11,
       22.91,       -0.10,
       23.23,       -0.11,
       23.55,       -0.10,
       23.91,       -0.07,
       24.23,       -0.10,
       24.59,       -0.11,
       24.95,       -0.10,
       25.27,       -0.10,
       25.63,       -0.13,
       25.99,       -0.13,
       26.31,       -0.18,
       26.67,       -0.18,
       26.99,       -0.24,
       27.34,       -0.31,
       27.70,       -0.35,
       28.02,       -0.36,
       28.38,       -0.45,
       28.74,       -0.50,
       29.10,       -0.52,
       29.50,       -0.54,
       29.86,       -0.53,
       30.22,       -0.54,
       30.62,       -0.55,
       30.98,       -0.45,
       31.34,       -0.58,
       31.70,       -0.58,
       32.10,       -0.57,
       32.45,       -0.55,
       32.85,       -0.55,
       33.21,       -0.56,
       33.57,       -0.55,
       33.97,       -0.53,
       34.33,       -0.54,
       34.69,       -0.57,
       35.09,       -0.57,
       35.45,       -0.57,
       35.81,       -0.57,
       36.21,       -0.58,
       36.57,       -0.58,
       36.93,       -0.56,
       37.36,       -0.53,
       37.76,       -0.55,
       38.16,       -0.53,
       38.56,       -0.53,
       38.96,       -0.54,
       39.32,       -0.55,
       39.68,       -0.58,
       40.04,       -0.59,
       40.44,       -0.60,
       40.88,       -0.57,
       41.28,       -0.55,
       41.68,       -0.59,
       42.08,       -0.59,
       42.43,       -0.57,
       42.83,       -0.62,
       43.23,       -0.61,
       43.59,       -0.63,
       43.99,       -0.62,
       44.39,       -0.63,
       44.79,       -0.59,
       45.19,       -0.58,
       45.59,       -0.59,
       46.03,       -0.58,
       46.43,       -0.55,
       46.87,       -0.57,
       47.27,       -0.59,
       47.66,       -0.56,
       48.06,       -0.56,
       48.42,       -0.56,
       48.86,       -0.56,
       49.26,       -0.58,
       49.70,       -0.59,
       50.10,       -0.59,
       50.50,       -0.57,
       50.90,       -0.52,
       51.26,       -0.54,
       51.66,       -0.55,
       52.06,       -0.55,
       52.45,       -0.54,
       52.89,       -0.53,
       53.33,       -0.50,
       53.73,       -0.51,
       54.17,       -0.49,
       54.65,       -0.48,
       55.09,       -0.46,
       55.49,       -0.46,
       55.89,       -0.47,
       56.29,       -0.46,
       56.69,       -0.49,
       57.13,       -0.49,
       57.52,       -0.47,
       57.92,       -0.46,
       58.36,       -0.46,
       58.76,       -0.46,
       59.16,       -0.48,
       59.60,       -0.47,
       60.00,       -0.49,
       60.40,       -0.49,
       60.84,       -0.49,
       61.24,       -0.50,
       61.72,       -0.51,
       62.16,       -0.51,
       62.59,       -0.51,
       62.99,       -0.52,
       63.43,       -0.53,
       63.83,       -0.52,
       64.23,       -0.51,
       64.67,       -0.55,
       65.07,       -0.53,
       65.51,       -0.54,
       65.95,       -0.54,
       66.39,       -0.54,
       66.83,       -0.56,
       67.23,       -0.56,
       67.66,       -0.56,
       68.06,       -0.56,
       68.50,       -0.58,
       68.94,       -0.62,
       69.42,       -0.63,
       69.90,       -0.66,
       70.34,       -0.66,
       70.78,       -0.68,
       71.26,       -0.81,
       71.66,       -0.94,
       72.14,       -1.11,
       72.57,       -1.29,
       73.01,       -1.47,
       73.45,       -1.70,
       73.97,       -2.00,
       74.41,       -2.25,
       74.85,       -2.47,
       75.29,       -2.57,
       75.69,       -2.56,
       76.13,       -2.56,
       76.57,       -2.52,
       77.05,       -2.51,
       77.48,       -2.51,
       77.96,       -2.51,
       78.44,       -2.51,
       78.92,       -2.51,
       79.36,       -2.47,
       79.84,       -2.47,
       80.24,       -2.44,
       80.68,       -2.43,
       81.20,       -2.43,
       81.68,       -2.43,
       82.12,       -2.44,
       82.55,       -2.45,
       83.03,       -2.40,
       83.43,       -2.42,
       83.87,       -2.38,
       84.31,       -2.36,
       84.75,       -2.36,
       85.23,       -2.35,
       85.75,       -2.34,
       86.19,       -2.32,
       86.67,       -2.28,
       87.15,       -2.27,
       87.58,       -2.25,
       88.02,       -2.26,
       88.46,       -2.28,
       88.94,       -2.27,
       89.42,       -2.27,
       89.86,       -2.24,
       90.30,       -2.24,
       90.78,       -2.23,
       91.22,       -2.21,
       91.66,       -2.18,
       92.10,       -2.16,
       92.53,       -2.16,
       93.01,       -2.16,
       93.49,       -2.14,
       93.97,       -2.12,
       94.45,       -2.08,
       94.93,       -2.07,
       95.41,       -2.08,
       95.85,       -2.05,
       96.29,       -2.04,
       96.77,       -2.09,
       97.21,       -2.01,
       97.68,       -2.00,
       98.16,       -1.99,
       98.60,       -2.01,
       99.08,       -2.01,
       99.52,       -2.03,
       99.96,       -2.15,
      100.40,       -2.01,
      100.88,       -2.02,
      101.40,       -2.02,
      101.88,       -2.02,
      102.39,       -2.02,
      102.87,       -2.00,
      103.35,       -1.98,
      103.83,       -1.95,
      104.23,       -1.95,
      104.71,       -1.98,
      105.19,       -1.99,
      105.67,       -1.99,
      106.15,       -2.00,
      106.63,       -2.00,
      107.07,       -2.01,
      107.50,       -2.02,
      107.98,       -2.02,
      108.42,       -1.98,
      108.94,       -1.95,
      109.42,       -1.94,
      109.90,       -1.92,
      110.42,       -1.93,
      110.90,       -1.91,
      111.34,       -1.92,
      111.82,       -1.90,
      112.26,       -1.91,
      112.73,       -1.93,
      113.21,       -1.94,
      113.73,       -1.94,
      114.21,       -1.94,
      114.65,       -1.96,
      115.13,       -1.96,
      115.57,       -1.95,
      116.05,       -1.96,
      116.49,       -1.96,
      117.01,       -1.98,
      117.48,       -1.98,
      118.00,       -2.00,
      118.48,       -2.01,
      118.96,       -2.02,
      119.44,       -2.00,
      119.92,       -1.96,
      120.36,       -1.94,
      120.84,       -1.89,
      121.32,       -1.86,
      121.84,       -1.86,
      122.32,       -1.86,
      122.79,       -1.86,
      123.23,       -1.86,
      123.71,       -1.84,
      124.15,       -1.81,
      124.63,       -1.77,
      125.15,       -1.72,
      125.63,       -1.70,
      126.15,       -1.67,
      126.63,       -1.66,
      127.15,       -1.64,
      127.62,       -1.61,
      128.10,       -1.58,
      128.54,       -1.54,
      129.10,       -1.50,
      129.58,       -1.46,
      130.06,       -1.38,
      130.58,       -1.33,
      131.02,       -1.25,
      131.50,       -1.21,
      131.98,       -1.16,
      132.41,       -1.12,
      132.93,       -1.05,
      133.45,       -1.01,
      133.97,       -0.94,
      134.45,       -0.87,
      134.97,       -0.80,
      135.49,       -0.72,
      135.97,       -0.68,
      136.41,       -0.63,
      136.89,       -0.54,
      137.36,       -0.48,
      137.88,       -0.37,
      138.36,       -0.31,
      138.84,       -0.27,
      139.32,       -0.19,
      139.76,       -0.24,
      140.24,       -0.21,
      140.72,       -0.14,
      141.24,       -0.08,
      141.72,       -0.05,
      142.24,       -0.00,
      142.75,        0.06,
      143.23,        0.03,
      143.71,        0.01,
      144.19,       -0.02,
      144.67,       -0.02,
      145.19,       -0.02,
      145.67,       -0.02,
      146.15,       -0.03,
      146.63,       -0.01,
      147.11,       -0.02,
      147.58,       -0.01,
      148.02,       -0.02,
      148.50,        0.01,
      149.02,        0.05,
      149.54,        0.09,
      150.06,        0.12,
      150.58,        0.15,
      151.06,        0.15,
      151.58,        0.18,
      152.06,        0.18,
      152.49,        0.18,
      152.97,        0.19,
      153.49,        0.18,
      153.97,        0.20,
      154.49,        0.22,
      154.93,        0.20,
      155.41,        0.21,
      155.89,        0.23,
      156.33,        0.26,
      156.85,        0.31,
      157.33,        0.33,
      157.84,        0.33,
      158.36,        0.33,
      158.88,        0.36,
      159.40,        0.42,
      159.88,        0.50,
      160.32,        0.52,
      160.80,        0.54,
      161.32,        0.59,
      161.80,        0.62,
      162.28,        0.59,
      162.75,        0.63,
      163.23,        0.64,
      163.71,        0.65,
      164.19,        0.68,
      164.67,        0.68,
      165.19,        0.66,
      165.71,        0.67,
      166.23,        0.68,
      166.75,        0.66,
      167.27,        0.68,
      167.74,        0.69,
      168.22,        0.73,
      168.70,        0.76,
      169.18,        0.78,
      169.66,        0.78,
      170.18,        0.75,
      170.66,        0.73,
      171.14,        0.72,
      171.62,        0.72,
      172.10,        0.71,
      172.57,        0.69,
      173.09,        0.68,
      173.61,        0.72,
      174.13,        0.72,
      174.65,        0.71,
      175.17,        0.72,
      175.65,        0.76,
      176.13,        0.81,
      176.57,        0.83,
      177.09,        0.83,
      177.56,        0.77,
      178.08,        0.77,
      178.60,        0.76,
      179.08,        0.76,
      179.56,        0.76,
      180.00,        0.76,
      180.48,        0.78,
      181.04,        0.79,
      181.56,        0.81,
      182.04,        0.83,
      182.55,        0.84,
      183.07,        0.87,
      183.59,        0.86,
      184.03,        0.87,
      184.51,        0.88,
      185.03,        0.87,
      185.51,        0.90,
      186.03,        0.92,
      186.55,        0.90,
      187.03,        0.90,
      187.50,        0.88,
      187.94,        0.88,
      188.46,        0.88,
      188.98,        0.88,
      189.50,        0.85,
      189.98,        0.83,
      190.54,        0.81,
      191.02,        0.79,
      191.50,        0.79,
      192.02,        0.78,
      192.45,        0.77,
      192.97,        0.75,
      193.49,        0.75,
      193.97,        0.76,
      194.49,        0.75,
      194.97,        0.75,
      195.45,        0.81,
      195.93,        0.79,
      196.41,        0.78,
      196.93,        0.77,
      197.44,        0.79,
      197.96,        0.78,
      198.48,        0.78,
      198.96,        0.79,
      199.48,        0.78,
      199.96,        0.80,
      200.44,        0.79,
      200.92,        0.83,
      201.44,        0.85,
      201.96,        0.91,
      202.43,        0.94,
      202.91,        0.95,
      203.39,        0.96,
      203.87,        0.94,
      204.39,        0.94,
      204.91,        0.92,
      205.39,        0.92,
      205.91,        0.93,
      206.43,        0.97,
      206.95,        0.98,
      207.42,        0.98,
      207.90,        0.98,
      208.38,        0.98,
      208.90,        0.98,
      209.42,        1.00,
      209.90,        1.00,
      210.42,        1.00,
      210.90,        1.01,
      211.38,        1.02,
      211.86,        1.05,
      212.34,        1.05,
      212.85,        1.07,
      213.37,        1.10,
      213.85,        1.11,
      214.37,        1.10,
      214.89,        1.14,
      215.41,        1.12,
      215.89,        1.12,
      216.37,        1.11,
      216.85,        1.12,
      217.37,        1.10,
      217.88,        1.14,
      218.36,        1.17,
      218.84,        1.17,
      219.32,        1.12,
      219.80,        1.16,
      220.32,        1.14,
      220.84,        1.16,
      221.32,        1.19,
      221.84,        1.20,
      222.36,        1.20,
      222.87,        1.20,
      223.39,        1.19,
      223.87,        1.20,
      224.35,        1.20,
      224.83,        1.20,
      225.35,        1.19,
      225.87,        1.20,
      226.39,        1.20,
      226.87,        1.21,
      227.35,        1.25,
      227.82,        1.22,
      228.30,        1.21,
      228.82,        1.22,
      229.34,        1.20,
      229.86,        1.20,
      230.38,        1.16,
      230.90,        1.16,
      231.42,        1.12,
      231.90,        1.10,
      232.38,        1.09,
      232.89,        1.11,
      233.41,        1.14,
      233.89,        1.18,
      234.41,        1.23,
      234.89,        1.32,
      235.37,        1.39,
      235.85,        1.45,
      236.33,        1.48,
      236.85,        1.54,
      237.40,        1.61,
      237.92,        1.64,
      238.44,        1.67,
      238.96,        1.70,
      239.48,        1.71,
      239.96,        1.73,
      240.44,        1.76,
      240.96,        1.77,
      241.48,        1.77,
      242.00,        1.77,
      242.47,        1.74,
      242.99,        1.74,
      243.47,        1.73,
      243.91,        1.74,
      244.43,        1.78,
      244.95,        1.78,
      245.47,        1.78,
      245.99,        1.82,
      246.51,        1.86,
      247.07,        1.86,
      247.58,        1.86,
      248.06,        1.86,
      248.54,        1.89,
      249.06,        1.91,
      249.58,        1.90,
      250.06,        1.90,
      250.58,        1.91,
      251.06,        1.93,
      251.54,        1.92,
      252.02,        1.88,
      252.49,        1.82,
      253.05,        1.61,
      253.57,        1.29,
      254.09,        0.94,
      254.61,        0.54,
      255.13,        0.15,
      255.65,       -0.23,
      256.13,       -0.46,
      256.61,       -0.43,
      257.13,       -0.42,
      257.64,       -0.42,
      258.16,       -0.42,
      258.68,       -0.41,
      259.12,       -0.43,
      259.60,       -0.44,
      260.08,       -0.42,
      260.60,       -0.38,
      261.12,       -0.38,
      261.68,       -0.35,
      262.20,       -0.34,
      262.71,       -0.34,
      263.23,       -0.27,
      263.71,       -0.24,
      264.19,       -0.24,
      264.71,       -0.24,
      265.23,       -0.24,
      265.75,       -0.24,
      266.27,       -0.23,
      266.71,       -0.21,
      267.23,       -0.20,
      267.70,       -0.19,
      268.18,       -0.16,
      268.74,       -0.12,
      269.26,       -0.11,
      269.78,       -0.08,
      270.34,       -0.05,
      270.86,       -0.03,
      271.34,       -0.02,
      271.86,       -0.01,
      272.34,        0.02,
      272.85,        0.09,
      273.33,        0.16,
      273.85,        0.25,
      274.33,        0.28,
      274.85,        0.24,
      275.33,        0.24,
      275.81,        0.20,
      276.29,        0.15,
      276.85,        0.14,
      277.37,        0.13,
      277.88,        0.15,
      278.40,        0.15,
      278.92,        0.20,
      279.44,        0.20,
      279.96,        0.21,
      280.44,        0.28,
      280.96,        0.33,
      281.44,        0.34,
      281.96,        0.37,
      282.47,        0.37,
      282.95,        0.39,
      283.43,        0.42,
      283.91,        0.45,
      284.43,        0.50,
      284.95,        0.55,
      285.51,        0.53,
      286.03,        0.50,
      286.55,        0.50,
      287.07,        0.49,
      287.58,        0.51,
      288.10,        0.53,
      288.58,        0.51,
      289.06,        0.51,
      289.58,        0.51,
      290.10,        0.54,
      290.58,        0.53,
      291.10,        0.54,
      291.58,        0.56,
      292.06,        0.60,
      292.57,        0.61,
      293.09,        0.67,
      293.61,        0.70,
      294.17,        0.76,
      294.69,        0.82,
      295.21,        0.81,
      295.73,        0.85,
      296.21,        0.85,
      296.69,        0.86,
      297.21,        0.88,
      297.72,        0.89,
      298.24,        0.88,
      298.72,        0.90,
      299.24,        0.90,
      299.72,        0.94,
      300.20,        0.97,
      300.72,        1.01,
      301.24,        1.01,
      301.80,        1.01,
      302.32,        0.99,
      302.83,        0.99,
      303.35,        1.02,
      303.87,        1.03,
      304.35,        1.02,
      304.83,        1.02,
      305.35,        1.00,
      305.87,        1.02,
      306.39,        1.03,
      306.87,        1.05,
      307.35,        1.05,
      307.86,        1.05,
      308.34,        1.10,
      308.86,        1.12,
      309.42,        1.16,
      309.94,        1.15,
      310.46,        1.15,
      310.98,        1.15,
      311.50,        1.12,
      311.98,        1.14,
      312.49,        1.13,
      312.97,        1.16,
      313.49,        1.20,
      314.01,        1.21,
      314.53,        1.20,
      315.05,        1.19,
      315.53,        1.20,
      316.01,        1.25,
      316.53,        1.29,
      317.05,        1.34,
      317.56,        1.35,
      318.08,        1.34,
      318.60,        1.35,
      319.20,        1.35,
      319.68,        1.34,
      320.20,        1.37,
      320.72,        1.43,
      321.24,        1.43,
      321.76,        1.40,
      322.28,        1.39,
      322.75,        1.42,
      323.27,        1.42,
      323.75,        1.45,
      324.23,        1.45,
      324.75,        1.46,
      325.27,        1.49,
      325.83,        1.49,
      326.39,        1.49,
      326.91,        1.48,
      327.43,        1.48,
      327.94,        1.46,
      328.46,        1.43,
      328.98,        1.39,
      329.50,        1.40,
      329.98,        1.38,
      330.50,        1.40,
      331.02,        1.39,
      331.50,        1.41,
      331.98,        1.46,
      332.49,        1.46,
      333.01,        1.42,
      333.53,        1.30,
      334.05,        1.42,
      334.61,        1.42,
      335.09,        1.46,
      335.61,        1.48,
      336.13,        1.52,
      336.65,        1.53,
      337.17,        1.58,
      337.64,        1.63,
      338.16,        1.64,
      338.68,        1.68,
      339.20,        1.62,
      339.68,        1.71,
      340.16,        1.75,
      340.68,        1.74,
      341.20,        1.78,
      341.72,        1.81,
      342.24,        1.90,
      342.75,        1.91,
      343.27,        1.92,
      343.83,        1.95,
      344.35,        1.96,
      344.87,        1.99,
      345.35,        1.99,
      345.87,        2.02,
      346.39,        2.08,
      346.91,        2.11,
      347.39,        2.13,
      347.86,        2.20,
      348.38,        2.25,
      348.90,        2.32,
      349.42,        2.29,
      349.94,        2.29,
      350.46,        2.38,
      350.98,        2.38,
      351.50,        2.42,
      352.02,        2.45,
      352.53,        2.45,
      353.05,        2.50,
      353.57,        2.56,
      354.09,        2.59,
      354.57,        2.60,
      355.09,        2.60,
      355.57,        2.64,
      356.09,        2.62,
      356.57,        2.62,
      357.09,        2.64,
      357.60,        2.66,
      358.12,        2.72,
      358.64,        2.73,
      359.20,        2.75,
      359.72,        2.75,
      360.24,        2.77,
      360.76,        2.78,
      361.28,        2.78,
      361.76,        2.82,
      362.28,        2.81,
      362.79,        2.81,
      363.27,        2.79,
      363.79,        2.78,
      364.27,        2.80,
      364.79,        2.82,
      365.35,        2.85,
      365.87,        2.86,
      366.39,        2.86,
      366.91,        2.87,
      367.43,        2.85,
      367.94,        2.86,
      368.46,        2.89,
      368.98,        2.91,
      369.50,        2.94,
      370.02,        2.95,
      370.50,        3.00,
      371.02,        2.99,
      371.50,        3.03,
      372.02,        3.07,
      372.49,        3.06,
      373.01,        3.10,
      373.53,        3.10,
      374.05,        3.12,
      374.57,        3.15,
      375.13,        3.14,
      375.65,        3.15,
      376.17,        3.13,
      376.65,        3.13,
      377.17,        3.16,
      377.68,        3.18,
      378.20,        3.21,
      378.68,        3.23,
      379.20,        3.28,
      379.68,        3.30,
      380.16,        3.29,
      380.68,        3.31,
      381.20,        3.28,
      381.72,        3.30,
      382.24,        3.25,
      382.79,        3.26,
      383.31,        3.29,
      383.83,        3.25,
      384.35,        3.21,
      384.83,        3.13,
      385.35,        3.13,
      385.87,        3.07,
      386.39,        2.99,
      386.87,        2.95,
      387.39,        2.78,
      387.86,        2.78,
      388.34,        2.56,
      388.86,        2.27,
      389.38,        2.06,
      389.90,        1.67,
      390.46,        1.39,
      390.98,        1.07,
      391.50,        0.75,
      392.02,        0.55,
      392.49,        0.20,
      393.01,       -0.11,
      393.53,       -0.45,
      394.01,       -0.85,
      394.53,       -1.15,
      395.05,       -1.45,
      395.53,       -1.68,
      396.01,       -1.82,
      396.49,       -2.03,
      397.01,       -2.19,
      397.56,       -2.21,
      398.08,       -2.44,
      398.60,       -2.50,
      399.16,       -2.54,
      399.68,       -2.56,
      400.20,       -2.56,
      400.68,       -2.56,
      401.20,       -2.63,
      401.68,       -2.66,
      402.20,       -2.68,
      402.71,       -2.67,
      403.19,       -2.69,
      403.67,       -2.69,
      404.15,       -2.66,
      404.67,       -2.63,
      405.19,       -2.61,
      405.75,       -2.62,
      406.27,       -2.63,
      406.79,       -2.55,
      407.35,       -2.48,
      407.86,       -2.45,
      408.34,       -2.42,
      408.86,       -2.35,
      409.38,       -2.29,
      409.86,       -2.20,
      410.38,       -2.15,
      410.90,       -2.08,
      411.38,       -2.01,
      411.86,       -1.94,
      412.34,       -1.84,
      412.89,       -1.73,
      413.41,       -1.64,
      413.93,       -1.53,
      414.45,       -1.46,
      415.01,       -1.43,
      415.53,       -1.36,
      416.05,       -1.29,
      416.57,       -1.29,
      417.09,       -1.27,
      417.60,       -1.20,
      418.12,       -1.13,
      418.60,       -1.04,
      419.08,       -0.95,
      419.56,       -0.89,
      420.08,       -0.84,
      420.60,       -0.81,
      421.12,       -0.76,
      421.64,       -0.74,
      422.16,       -0.71,
      422.67,       -0.63,
      423.23,       -0.58,
      423.75,       -0.49,
      424.27,       -0.53,
      424.79,       -0.51,
      425.31,       -0.46,
      425.83,       -0.42,
      426.31,       -0.41,
      426.79,       -0.41,
      427.31,       -0.39,
      427.78,       -0.34,
      428.30,       -0.33,
      428.82,       -0.30,
      429.34,       -0.25,
      429.86,       -0.20,
      430.38,       -0.15,
      430.98,       -0.08,
      431.50,       -0.08,
      432.02,       -0.09,
      432.53,       -0.07,
      433.05,       -0.03,
      433.57,       -0.04,
      434.09,       -0.01,
      434.57,        0.03,
      435.05,        0.05,
      435.57,        0.05,
      436.05,        0.03,
      436.57,        0.06,
      437.09,        0.07,
      437.60,        0.07,
      438.12,        0.11,
      438.68,        0.15,
      439.20,        0.17,
      439.72,        0.17,
      440.24,        0.17,
      440.76,        0.24,
      441.28,        0.28,
      441.76,        0.28,
      442.24,        0.29,
      442.75,        0.35,
      443.27,        0.35,
      443.75,        0.36,
      444.23,        0.42,
      444.75,        0.45,
      445.27,        0.51,
      445.83,        0.52,
      446.35,        0.50,
      446.87,        0.50,
      447.43,        0.51,
      447.94,        0.55,
      448.42,        0.61,
      448.94,        0.61,
      449.46,        0.56,
      449.94,        0.52,
      450.46,        0.53,
      450.94,        0.52,
      451.46,        0.50,
      451.94,        0.50,
      452.42,        0.51,
      452.97,        0.51,
      453.49,        0.66,
      454.05,        0.60,
      454.53,        0.68,
      455.09,        0.69,
      455.61,        0.68,
      456.09,        0.68,
      456.61,        0.70,
      457.13,        0.71,
      457.60,        0.76,
      458.12,        0.78,
      458.64,        0.80,
      459.12,        0.82,
      459.60,        0.83,
      460.08,        0.83,
      460.64,        0.88,
      461.20,        0.95,
      461.72,        0.98,
      462.24,        0.94,
      462.79,        0.94,
      463.31,        0.99,
      463.79,        1.00,
      464.31,        1.03,
      464.79,        1.07,
      465.31,        1.10,
      465.83,        1.10,
      466.35,        1.11,
      466.83,        1.10,
      467.31,        1.11,
      467.78,        1.11,
      468.30,        1.13,
      468.82,        1.15,
      469.38,        1.16,
      469.90,        1.18,
      470.42,        1.17,
      470.98,        1.17,
      471.50,        1.18,
      472.02,        1.22,
      472.50,        1.25,
      472.97,        1.25,
      473.49,        1.25,
      474.01,        1.25,
      474.53,        1.29,
      475.01,        1.32,
      475.53,        1.31,
      476.01,        1.29,
      476.53,        1.33,
      477.05,        1.35,
      477.60,        1.36,
      478.12,        1.37,
      478.64,        1.33,
      479.16,        1.34,
      479.68,        1.37,
      480.16,        1.37,
      480.64,        1.35,
      481.16,        1.33,
      481.68,        1.31,
      482.20,        1.36,
      482.71,        1.38,
      483.19,        1.40,
      483.67,        1.43,
      484.15,        1.43,
      484.71,        1.45,
      485.23,        1.46,
      485.75,        1.46,
      486.31,        1.49,
      486.83,        1.51,
      487.35,        1.55,
      487.86,        1.56,
      488.30,        1.59,
      488.82,        1.57,
      489.34,        1.58,
      489.86,        1.61,
      490.38,        1.60,
      490.86,        1.60,
      491.34,        1.60,
      491.86,        1.64,
      492.38,        1.69,
      492.89,        1.74,
      493.41,        1.67,
      493.93,        1.65,
      494.49,        1.64,
      495.01,        1.69,
      495.49,        1.68,
      496.01,        1.68,
      496.49,        1.68,
      497.01,        1.68,
      497.52,        1.68,
      498.04,        1.68,
      498.56,        1.68,
      499.04,        1.68,
      499.52,        1.68,
      500.04,        1.69,
      500.56,        1.70,
      501.08,        1.69,
      501.60,        1.69,
      502.16,        1.73,
      502.67,        1.71,
      503.19,        1.73,
      503.71,        1.73,
      504.19,        1.71,
      504.71,        1.75,
      505.23,        1.73,
      505.71,        1.75,
      506.23,        1.73,
      506.75,        1.73,
      507.23,        1.72,
      507.74,        1.73,
      508.22,        1.73,
      508.74,        1.73,
      509.30,        1.76,
      509.82,        1.73,
      510.34,        1.73,
      510.86,        1.73,
      511.38,        1.75,
      511.90,        1.78,
      512.42,        1.80,
      512.93,        1.82,
      513.41,        1.86,
      513.93,        1.83,
      514.45,        1.79,
      514.97,        1.78,
      515.45,        1.78,
      515.93,        1.77,
      516.45,        1.78,
      516.97,        1.83,
      517.53,        1.86,
      518.04,        1.86,
      518.56,        1.86,
      519.08,        1.86,
      519.60,        1.87,
      520.12,        1.89,
      520.64,        1.90,
      521.16,        1.90,
      521.68,        1.91,
      522.16,        1.90,
      522.67,        1.91,
      523.19,        1.90,
      523.67,        1.90,
      524.15,        1.94,
      524.67,        1.96,
      525.19,        1.91,
      525.75,        1.90,
      526.23,        1.82,
      526.75,        1.84,
      527.27,        1.81,
      527.78,        1.74,
      528.26,        1.73,
      528.78,        1.69,
      529.34,        1.68,
      529.82,        1.68,
      530.34,        1.66,
      530.86,        1.65,
      531.34,        1.56,
      531.82,        1.49,
      532.34,        1.38,
      532.89,        1.20,
      533.41,        1.00,
      533.93,        0.92,
      534.45,        0.91,
      534.97,        0.92,
      535.53,        0.93,
      536.05,        0.95,
      536.57,        0.99,
      537.09,        0.98,
      537.60,        0.95,
      538.08,        0.95,
      538.60,        0.94,
      539.12,        0.94,
      539.60,        0.91,
      540.08,        0.94,
      540.60,        0.99,
      541.12,        0.98,
      541.64,        0.98,
      542.20,        0.99,
      542.71,        1.03,
      543.23,        1.10,
      543.75,        1.15,
      544.27,        1.14,
      544.79,        1.13,
      545.31,        1.07,
      545.83,        1.05,
      546.31,        1.05,
      546.83,        1.05,
      547.31,        1.06,
      547.82,        1.04,
      548.30,        1.05,
      548.86,        1.06,
      549.34,        1.10,
      549.90,        1.16,
      550.42,        1.19,
      550.94,        1.19,
      551.46,        1.20,
      551.98,        1.20,
      552.50,        1.20,
      553.01,        1.20,
      553.53,        1.28,
      554.05,        1.29,
      554.53,        1.32,
      555.05,        1.39,
      555.53,        1.45,
      556.05,        1.44,
      556.57,        1.44,
      557.05,        1.46,
      557.60,        1.45,
      558.12,        1.48,
      558.64,        1.50,
      559.16,        1.53,
      559.68,        1.55,
      560.20,        1.55,
      560.68,        1.57,
      561.20,        1.60,
      561.72,        1.62,
      562.24,        1.65,
      562.71,        1.67,
      563.23,        1.64,
      563.71,        1.65,
      564.23,        1.66,
      564.71,        1.69,
      565.27,        1.64,
      565.79,        1.64,
      566.31,        1.64,
      566.87,        1.63,
      567.35,        1.64,
      567.86,        1.66,
      568.34,        1.67,
      568.86,        1.68,
      569.38,        1.65,
      569.90,        1.63,
      570.38,        1.63,
      570.90,        1.56,
      571.38,        1.51,
      571.86,        1.44,
      572.38,        1.18,
      572.89,        0.93,
      573.41,        0.62,
      573.97,        0.20,
      574.49,       -0.10,
      575.01,       -0.41,
      575.49,       -0.65,
      575.97,       -0.76,
      576.49,       -1.06,
      577.01,       -1.22,
      577.53,       -1.42,
      578.04,       -1.75,
      578.52,       -1.93,
      579.00,       -2.21,
      579.48,       -2.53,
      579.96,       -2.78,
      580.52,       -3.09,
      581.04,       -3.47,
      581.56,       -3.74,
      582.12,       -4.01,
      582.63,       -4.17,
      583.15,       -4.13,
      583.63,       -4.17,
      584.15,       -4.10,
      584.67,       -4.07,
      585.19,       -4.07,
      585.71,       -4.09,
      586.19,       -4.13,
      586.71,       -4.16,
      587.19,       -4.17,
      587.62,       -4.18,
      588.14,       -4.28,
      588.70,       -4.32,
      589.22,       -4.32,
      589.74,       -4.27,
      590.30,       -4.18,
      590.82,       -4.17,
      591.30,       -4.17,
      591.78,       -4.20,
      592.30,       -4.31,
      592.81,       -4.35,
      593.33,       -4.34,
      593.85,       -4.34,
      594.33,       -4.33,
      594.81,       -4.32,
      595.29,       -4.35,
      595.77,       -4.29,
      596.33,       -4.22,
      596.85,       -4.22,
      597.37,       -4.22,
      597.92,       -4.19,
      598.44,       -4.16,
      598.96,       -4.13,
      599.44,       -4.08,
      599.96,       -4.09,
      600.44,       -4.09,
      600.96,       -4.09,
      601.48,       -4.08,
      602.00,       -4.07,
      602.48,       -4.00,
      602.99,       -3.96,
      603.47,       -3.87,
      603.99,       -3.84,
      604.51,       -3.82,
      605.03,       -3.74,
      605.59,       -3.69,
      606.11,       -3.66,
      606.63,       -3.61,
      607.15,       -3.56,
      607.66,       -3.46,
      608.14,       -3.37,
      608.66,       -3.30,
      609.18,       -3.23,
      609.66,       -3.21,
      610.18,       -3.17,
      610.66,       -3.13,
      611.14,       -3.10,
      611.66,       -3.06,
      612.18,       -2.99,
      612.69,       -2.95,
      613.21,       -2.90,
      613.77,       -2.84,
      614.29,       -2.82,
      614.81,       -2.77,
      615.33,       -2.74,
      615.81,       -2.71,
      616.29,       -2.65,
      616.81,       -2.64,
      617.33,       -2.59,
      617.84,       -2.51,
      618.32,       -2.45,
      618.84,       -2.43,
      619.32,       -2.38,
      619.80,       -2.33,
      620.36,       -2.29,
      620.88,       -2.23,
      621.40,       -2.21,
      621.92,       -2.16,
      622.48,       -2.12,
      622.99,       -2.04,
      623.47,       -2.05,
      623.99,       -1.97,
      624.47,       -1.95,
      624.99,       -1.88,
      625.47,       -1.81,
      625.99,       -1.82,
      626.51,       -1.77,
      626.99,       -1.76,
      627.47,       -1.75,
      627.98,       -1.70,
      628.50,       -1.67,
      629.06,       -1.62,
      629.58,       -1.57,
      630.10,       -1.52,
      630.66,       -1.49,
      631.18,       -1.42,
      631.66,       -1.36,
      632.18,       -1.30,
      632.65,       -1.24,
      633.17,       -1.20,
      633.65,       -1.18,
      634.17,       -1.15,
      634.69,       -1.09,
      635.17,       -1.03,
      635.69,       -0.95,
      636.17,       -0.91,
      636.69,       -0.85,
      637.25,       -0.85,
      637.76,       -0.81,
      638.32,       -0.77,
      638.84,       -0.77,
      639.36,       -0.70,
      639.84,       -0.68,
      640.32,       -0.67,
      640.84,       -0.63,
      641.32,       -0.60,
      641.84,       -0.60,
      642.36,       -0.59,
      642.83,       -0.59,
      643.35,       -0.62,
      643.83,       -0.62,
      644.35,       -0.59,
      644.87,       -0.52,
      645.43,       -0.47,
      645.95,       -0.43,
      646.47,       -0.41,
      647.03,       -0.42,
      647.51,       -0.37,
      648.02,       -0.33,
      648.50,       -0.28,
      648.98,       -0.25,
      649.50,       -0.25,
      650.02,       -0.24,
      650.54,       -0.22,
      651.02,       -0.24,
      651.50,       -0.18,
      652.02,       -0.17,
      652.54,       -0.15,
      653.09,       -0.14,
      653.61,       -0.17,
      654.13,       -0.14,
      654.69,       -0.12,
      655.21,       -0.11,
      655.73,       -0.07,
      656.21,       -0.10,
      656.69,       -0.10,
      657.21,       -0.10,
      657.72,       -0.11,
      658.24,       -0.09,
      658.72,       -0.07,
      659.24,       -0.11,
      659.72,       -0.10,
      660.24,       -0.18,
      660.76,       -0.24,
      661.28,       -0.42,
      661.84,       -0.77,
      662.36,       -1.14,
      662.87,       -1.57,
      663.43,       -2.03,
      663.91,       -2.43,
      664.43,       -2.82,
      664.91,       -3.06,
      665.43,       -3.05,
      665.95,       -3.03,
      666.47,       -3.02,
      666.95,       -3.03,
      667.43,       -3.05,
      667.94,       -3.04,
      668.46,       -3.09,
      668.98,       -3.16,
      669.54,       -3.16,
      670.06,       -3.21,
      670.58,       -3.24,
      671.14,       -3.26,
      671.62,       -3.30,
      672.14,       -3.29,
      672.61,       -3.30,
      673.13,       -3.27,
      673.65,       -3.26,
      674.17,       -3.21,
      674.65,       -3.23,
      675.17,       -3.21,
      675.65,       -3.17,
      676.17,       -3.17,
      676.69,       -3.17,
      677.21,       -3.14,
      677.76,       -3.14,
      678.28,       -3.09,
      678.80,       -3.07,
      679.32,       -3.08,
      679.84,       -3.03,
      680.32,       -3.04,
      680.84,       -3.02,
      681.36,       -3.01,
      681.88,       -3.01,
      682.36,       -2.97,
      682.87,       -2.95,
      683.35,       -2.96,
      683.87,       -2.96,
      684.39,       -2.95,
      684.91,       -2.95,
      685.43,       -2.91,
      685.99,       -2.91,
      686.51,       -2.87,
      687.03,       -2.82,
      687.55,       -2.83,
      688.02,       -2.78,
      688.54,       -2.75,
      689.06,       -2.76,
      689.58,       -2.72,
      690.06,       -2.70,
      690.58,       -2.71,
      691.10,       -2.67,
      691.58,       -2.64,
      692.10,       -2.60,
      692.61,       -2.59,
      693.13,       -2.63,
      693.65,       -2.66,
      694.21,       -2.69,
      694.73,       -2.75,
      695.25,       -2.77,
      695.77,       -2.77,
      696.29,       -2.77,
      696.77,       -2.73,
      697.29,       -2.76,
      697.80,       -2.80,
      698.32,       -2.75,
      698.80,       -2.78,
      699.32,       -2.80,
      699.80,       -2.78,
      700.32,       -2.79,
      700.88,       -2.78,
      701.40,       -2.82,
      701.92,       -2.88,
      702.44,       -2.87,
      702.95,       -2.94,
      703.47,       -2.99,
      703.99,       -2.99,
      704.51,       -3.11,
      705.03,       -3.34,
      705.55,       -3.64,
      706.07,       -4.03,
      706.55,       -4.44,
      707.07,       -4.83,
      707.55,       -5.08,
      708.06,       -5.13,
      708.58,       -5.15,
      709.14,       -5.14,
      709.62,       -5.10,
      710.18,       -5.08,
      710.70,       -5.05,
      711.22,       -4.98,
      711.70,       -4.95,
      712.22,       -4.93,
      712.73,       -4.84,
      713.25,       -4.74,
      713.77,       -4.70,
      714.25,       -4.61,
      714.77,       -4.57,
      715.25,       -4.48,
      715.77,       -4.42,
      716.29,       -4.33,
      716.81,       -4.24,
      717.33,       -4.15,
      717.84,       -4.10,
      718.36,       -4.05,
      718.88,       -3.99,
      719.40,       -3.92,
      719.92,       -3.80,
      720.44,       -3.71,
      720.96,       -3.65,
      721.48,       -3.59,
      721.96,       -3.54,
      722.48,       -3.48,
      722.95,       -3.40,
      723.47,       -3.31,
      723.95,       -3.25,
      724.47,       -3.17,
      724.99,       -3.11,
      725.51,       -3.07,
      726.07,       -2.99,
      726.59,       -2.95,
      727.11,       -2.98,
      727.63,       -2.96,
      728.14,       -2.91,
      728.62,       -2.85,
      729.14,       -2.79,
      729.66,       -2.79,
      730.18,       -2.78,
      730.66,       -2.68,
      731.18,       -2.60,
      731.66,       -2.53,
      732.18,       -2.49,
      732.69,       -2.43,
      733.21,       -2.35,
      733.73,       -2.32,
      734.29,       -2.25,
      734.81,       -2.15,
      735.33,       -2.12,
      735.81,       -2.04,
      736.33,       -1.99,
      736.85,       -1.98,
      737.33,       -1.94,
      737.84,       -1.91,
      738.36,       -1.88,
      738.84,       -1.82,
      739.32,       -1.78,
      739.84,       -1.74,
      740.36,       -1.70,
      740.88,       -1.64,
      741.40,       -1.54,
      741.92,       -1.48,
      742.48,       -1.39,
      742.99,       -1.27,
      743.47,       -1.20,
      743.95,       -1.20,
      744.47,       -1.23,
      744.99,       -1.20,
      745.51,       -1.20,
      746.03,       -1.20,
      746.51,       -1.17,
      746.99,       -1.16,
      747.47,       -1.11,
      747.98,       -1.08,
      748.50,       -1.03,
      749.06,       -1.02,
      749.58,       -0.98,
      750.10,       -0.96,
      750.62,       -0.91,
      751.14,       -0.87,
      751.62,       -0.85,
      752.10,       -0.84,
      752.62,       -0.79,
      753.13,       -0.76,
      753.65,       -0.72,
      754.17,       -0.66,
      754.65,       -0.65,
      755.13,       -0.63,
      755.61,       -0.62,
      756.13,       -0.60,
      756.65,       -0.54,
      757.21,       -0.47,
      757.72,       -0.46,
      758.24,       -0.46,
      758.76,       -0.45,
      759.28,       -0.45,
      759.76,       -0.43,
      760.28,       -0.43,
      760.80,       -0.39,
      761.32,       -0.33,
      761.80,       -0.33,
      762.32,       -0.30,
      762.79,       -0.26,
      763.27,       -0.24,
      763.79,       -0.24,
      764.31,       -0.21,
      764.83,       -0.19,
      765.39,       -0.19,
      765.91,       -0.15,
      766.43,       -0.12,
      766.95,       -0.02,
      767.43,        0.01,
      767.94,        0.07,
      768.42,        0.12,
      768.98,        0.11,
      769.46,        0.04,
      769.98,        0.02,
      770.46,        0.07,
      770.94,        0.07,
      771.42,        0.06,
      771.98,        0.03,
      772.50,        0.00,
      773.01,        0.01,
      773.53,        0.05,
      774.09,        0.05,
      774.61,        0.04,
      775.09,        0.03,
      775.57,        0.04,
      776.09,        0.02,
      776.61,        0.01,
      777.13,       -0.01,
      777.65,       -0.04,
      778.12,       -0.02,
      778.60,       -0.03,
      779.08,       -0.02,
      779.60,       -0.03,
      780.12,       -0.10,
      780.64,       -0.15,
      781.20,       -0.17,
      781.72,       -0.22,
      782.24,       -0.30,
      782.75,       -0.33,
      783.27,       -0.42,
      783.75,       -0.31,
      784.27,       -0.30,
      784.79,       -0.26,
      785.27,       -0.24,
      785.79,       -0.22,
      786.27,       -0.20,
      786.75,       -0.14,
      787.23,       -0.08,
      787.74,       -0.01,
      788.30,        0.01,
      788.82,        0.02,
      789.34,        0.02,
      789.90,        0.03,
      790.42,        0.10,
      790.94,        0.15,
      791.42,        0.24,
      791.94,        0.31,
      792.42,        0.37,
      792.93,        0.40,
      793.45,        0.44,
      793.93,        0.45,
      794.45,        0.50,
      794.93,        0.55,
      795.41,        0.57,
      795.93,        0.61,
      796.49,        0.60,
      797.01,        0.62,
      797.53,        0.66,
      798.08,        0.68,
      798.60,        0.69,
      799.12,        0.71,
      799.64,        0.72,
      800.12,        0.69,
      800.64,        0.71,
      801.16,        0.73,
      801.64,        0.76,
      802.16,        0.78,
      802.64,        0.77,
      803.11,        0.50,
      803.59,        0.24,
      804.15,       -0.06,
      804.67,       -0.42,
      805.19,       -0.74,
      805.75,       -1.14,
      806.27,       -1.58,
      806.79,       -1.94,
      807.31,       -2.31,
      807.78,       -2.63,
      808.30,       -2.86,
      808.78,       -3.18,
      809.30,       -3.46,
      809.82,       -3.74,
      810.30,       -4.09,
      810.78,       -4.41,
      811.30,       -4.74,
      811.78,       -4.93,
      812.30,       -5.01,
      812.85,       -5.09,
      813.37,       -5.16,
      813.89,       -5.14,
      814.45,       -5.11,
      814.97,       -5.16,
      815.41,       -5.17,
      815.93,       -5.10,
      816.41,       -5.04,
      816.89,       -4.89,
      817.45,       -4.83,
      817.92,       -4.87,
      818.40,       -4.85,
      818.92,       -4.89,
      819.40,       -5.04,
      819.92,       -5.08,
      820.44,       -5.10,
      820.96,       -5.18,
      821.52,       -5.22,
      822.04,       -5.31,
      822.56,       -5.33,
      823.03,       -5.34,
      823.51,       -5.44,
      823.99,       -5.46,
      824.51,       -5.44,
      825.03,       -5.41,
      825.55,       -5.44,
      826.03,       -5.46,
      826.55,       -5.45,
      827.03,       -5.53,
      827.51,       -5.57,
      828.06,       -5.56,
      828.58,       -5.58,
      829.10,       -5.60,
      829.66,       -5.59,
      830.18,       -5.61,
      830.66,       -5.62,
      831.18,       -5.66,
      831.62,       -5.83,
      832.14,       -5.95,
      832.66,       -5.99,
      833.17,       -5.93,
      833.65,       -5.97,
      834.17,       -5.97,
      834.65,       -6.04,
      835.13,       -6.14,
      835.65,       -6.25,
      836.21,       -6.34,
      836.73,       -6.45,
      837.25,       -6.46,
      837.80,       -6.52,
      838.28,       -6.58,
      838.80,       -6.63,
      839.24,       -6.68,
      839.76,       -6.72,
      840.24,       -6.75,
      840.80,       -6.74,
      841.28,       -6.77,
      841.80,       -6.84,
      842.28,       -6.86,
      842.79,       -6.87,
      843.27,       -6.87,
      843.79,       -6.82,
      844.31,       -6.76,
      844.83,       -6.72,
      845.39,       -6.73,
      845.91,       -6.68,
      846.43,       -6.65,
      846.87,       -6.64,
      847.39,       -6.64,
      847.86,       -6.61,
      848.38,       -6.53,
      848.90,       -6.45,
      849.42,       -6.40,
      849.90,       -6.44,
      850.42,       -6.45,
      850.90,       -6.38,
      851.38,       -6.37,
      851.94,       -6.38,
      852.46,       -6.38,
      852.97,       -6.32,
      853.53,       -6.28,
      854.05,       -6.21,
      854.53,       -6.16,
      855.01,       -6.14,
      855.53,       -6.12,
      856.01,       -6.10,
      856.53,       -6.08,
      857.05,       -6.10,
      857.53,       -6.08,
      858.04,       -6.05,
      858.52,       -6.01,
      859.04,       -5.93,
      859.52,       -5.88,
      860.04,       -5.79,
      860.60,       -5.69,
      861.12,       -5.62,
      861.64,       -5.56,
      862.16,       -5.55,
      862.64,       -5.57,
      863.15,       -5.56,
      863.63,       -5.51,
      864.11,       -5.45,
      864.67,       -5.36,
      865.15,       -5.29,
      865.67,       -5.22,
      866.15,       -5.19,
      866.67,       -5.17,
      867.15,       -5.17,
      867.67,       -5.15,
      868.18,       -5.13,
      868.70,       -5.09,
      869.26,       -5.12,
      869.74,       -5.11,
      870.26,       -5.13,
      870.78,       -5.06,
      871.26,       -5.00,
      871.78,       -4.94,
      872.26,       -4.89,
      872.77,       -4.83,
      873.33,       -4.77,
      873.81,       -4.78,
      874.29,       -4.76,
      874.77,       -4.71,
      875.29,       -4.66,
      875.81,       -4.59,
      876.37,       -4.53,
      876.89,       -4.48,
      877.41,       -4.43,
      877.92,       -4.38,
      878.44,       -4.32,
      878.92,       -4.24,
      879.40,       -4.11,
      879.92,       -4.04,
      880.44,       -3.99,
      880.96,       -3.96,
      881.48,       -3.91,
      881.96,       -3.81,
      882.44,       -3.74,
      882.95,       -3.69,
      883.43,       -3.63,
      883.99,       -3.56,
      884.51,       -3.52,
      885.03,       -3.43,
      885.55,       -3.36,
      886.07,       -3.38,
      886.59,       -3.34,
      887.07,       -3.27,
      887.59,       -3.22,
      888.10,       -3.19,
      888.62,       -3.16,
      889.10,       -3.11,
      889.62,       -3.05,
      890.10,       -3.03,
      890.62,       -2.99,
      891.10,       -2.96,
      891.58,       -2.92,
      892.10,       -2.94,
      892.62,       -2.95,
      893.13,       -2.94,
      893.69,       -2.96,
      894.21,       -3.00,
      894.73,       -2.99,
      895.25,       -2.99,
      895.73,       -2.97,
      896.25,       -2.96,
      896.77,       -2.98,
      897.29,       -2.93,
      897.76,       -2.91,
      898.28,       -2.93,
      898.76,       -2.88,
      899.24,       -2.83,
      899.76,       -2.77,
      900.28,       -2.71,
      900.84,       -2.69,
      901.36,       -2.62,
      901.88,       -2.56,
      902.40,       -2.53,
      902.91,       -2.48,
      903.39,       -2.39,
      903.91,       -2.33,
      904.39,       -2.29,
      904.91,       -2.24,
      905.43,       -2.20,
      905.95,       -2.20,
      906.43,       -2.21,
      906.91,       -2.15,
      907.43,       -2.10,
      907.94,       -2.06,
      908.46,       -2.07,
      908.98,       -2.03,
      909.54,       -2.02,
      910.06,       -2.02,
      910.58,       -1.98,
      911.06,       -1.95,
      911.58,       -1.90,
      912.06,       -1.85,
      912.58,       -1.83,
      913.09,       -1.81,
      913.61,       -1.80,
      914.13,       -1.77,
      914.61,       -1.74,
      915.09,       -1.78,
      915.61,       -1.81,
      916.13,       -1.79,
      916.65,       -1.80,
      917.21,       -1.82,
      917.72,       -1.81,
      918.24,       -1.82,
      918.76,       -1.81,
      919.24,       -1.82,
      919.72,       -1.81,
      920.24,       -1.77,
      920.76,       -1.73,
      921.28,       -1.68,
      921.76,       -1.66,
      922.28,       -1.63,
      922.72,       -1.57,
      923.23,       -1.50,
      923.75,       -1.53,
      924.31,       -1.49,
      924.83,       -1.46,
      925.35,       -1.40,
      925.87,       -1.40,
      926.39,       -1.40,
      926.87,       -1.36,
      927.35,       -1.36,
      927.86,       -1.32,
      928.38,       -1.28,
      928.90,       -1.26,
      929.42,       -1.27,
      929.90,       -1.25,
      930.38,       -1.23,
      930.86,       -1.23,
      931.34,       -1.21,
      931.94,       -1.27,
      932.46,       -1.50,
      932.97,       -1.78,
      933.49,       -2.16,
      934.01,       -2.61,
      934.53,       -3.07,
      935.01,       -3.53,
      935.49,       -3.98,
      936.01,       -4.39,
      936.53,       -4.77,
      937.05,       -5.14,
      937.57,       -5.49,
      938.00,       -5.83,
      938.52,       -6.18,
      939.00,       -6.46,
      939.52,       -6.53,
      940.04,       -6.55,
      940.60,       -6.59,
      941.12,       -6.62,
      941.64,       -6.63,
      942.20,       -6.62,
      942.68,       -6.65,
      943.15,       -6.75,
      943.67,       -6.86,
      944.19,       -6.93,
      944.71,       -6.96,
      945.23,       -6.91,
      945.71,       -6.96,
      946.19,       -6.99,
      946.67,       -7.09,
      947.19,       -7.11,
      947.71,       -7.17,
      948.22,       -7.13,
      948.78,       -7.10,
      949.30,       -7.06,
      949.82,       -7.06,
      950.34,       -7.06,
      950.86,       -7.03,
      951.34,       -7.05,
      951.86,       -6.98,
      952.38,       -6.93,
      952.89,       -6.89,
      953.37,       -6.88,
      953.85,       -6.87,
      954.37,       -6.86,
      954.85,       -6.82,
      955.37,       -6.78,
      955.89,       -6.72,
      956.41,       -6.63,
      956.97,       -6.53,
      957.49,       -6.42,
      958.00,       -6.36,
      958.52,       -6.28,
      959.00,       -6.23,
      959.52,       -6.15,
      960.04,       -6.11,
      960.56,       -6.05,
      961.04,       -6.01,
      961.56,       -5.94,
      962.04,       -5.90,
      962.56,       -5.85,
      963.03,       -5.81,
      963.55,       -5.73,
      964.11,       -5.68,
      964.63,       -5.53,
      965.15,       -5.57,
      965.71,       -5.51,
      966.23,       -5.44,
      966.75,       -5.36,
      967.27,       -5.27,
      967.74,       -5.22,
      968.26,       -5.10,
      968.74,       -5.01,
      969.26,       -4.94,
      969.78,       -4.83,
      970.30,       -4.78,
      970.78,       -4.75,
      971.30,       -4.67,
      971.82,       -4.60,
      972.34,       -4.56,
      972.89,       -4.51,
      973.41,       -4.41,
      973.93,       -4.34,
      974.45,       -4.27,
      975.01,       -4.24,
      975.53,       -4.23,
      976.01,       -4.21,
      976.53,       -4.20,
      977.01,       -4.16,
      977.53,       -4.12,
      978.04,       -4.06,
      978.56,       -4.00,
      979.04,       -3.92,
      979.56,       -3.87,
      980.08,       -3.83,
      980.60,       -3.78,
      981.16,       -3.73,
      981.68,       -3.71,
      982.20,       -3.70,
      982.76,       -3.66,
      983.27,       -3.55,
      983.75,       -3.59,
      984.23,       -3.55,
      984.75,       -3.56,
      985.27,       -3.56,
      985.79,       -3.55,
      986.31,       -3.50,
      986.79,       -3.44,
      987.31,       -3.38,
      987.82,       -3.31,
      988.34,       -3.24,
      988.86,       -3.12,
      989.42,       -3.11,
      989.94,       -3.08,
      990.46,       -3.08,
      990.98,       -3.02,
      991.50,       -2.95,
      992.02,       -2.89,
      992.54,       -2.83,
      993.01,       -2.81,
      993.53,       -2.78,
      994.05,       -2.72,
      994.57,       -2.65,
      995.05,       -2.60,
      995.57,       -2.56,
      996.09,       -2.53,
      996.61,       -2.50,
      997.17,       -2.44,
      997.69,       -2.39,
      998.20,       -2.32,
      998.76,       -2.27,
      999.24,       -2.21,
      999.76,       -2.21,
     1000.28,       -2.18,
     1000.76,       -2.16,
     1001.28,       -2.16,
     1001.80,       -2.13,
     1002.32,       -2.12,
     1002.79,       -2.10,
     1003.27,       -2.08,
     1003.79,       -2.06,
     1004.35,       -2.08,
     1004.87,       -2.10,
     1005.39,       -2.05,
     1005.95,       -2.02,
     1006.47,       -1.99,
     1006.99,       -1.94,
     1007.47,       -1.93,
     1007.98,       -1.93,
     1008.50,       -1.91,
     1009.02,       -1.90,
     1009.50,       -1.88,
     1010.02,       -1.83,
     1010.54,       -1.78,
     1011.02,       -1.78,
     1011.54,       -1.78,
     1012.06,       -1.73,
     1012.58,       -1.69,
     1013.09,       -1.64,
     1013.65,       -1.62,
     1014.17,       -1.63,
     1014.69,       -1.60,
     1015.21,       -1.56,
     1015.73,       -1.53,
     1016.21,       -1.48,
     1016.73,       -1.43,
     1017.25,       -1.37,
     1017.77,       -1.33,
     1018.24,       -1.31,
     1018.76,       -1.28,
     1019.28,       -1.26,
     1019.76,       -1.22,
     1020.32,       -1.20,
     1020.84,       -1.16,
     1021.36,       -1.13,
     1021.92,       -1.11,
     1022.44,       -1.07,
     1022.91,       -1.07,
     1023.43,       -1.05,
     1023.95,       -1.02,
     1024.47,       -0.98,
     1024.99,       -0.95,
     1025.47,       -0.92,
     1025.99,       -0.86,
     1026.51,       -0.85,
     1026.99,       -0.84,
     1027.51,       -0.81,
     1028.02,       -0.81,
     1028.54,       -0.85,
     1029.10,       -0.90,
     1029.62,       -0.96,
     1030.14,       -1.09,
     1030.66,       -1.13,
     1031.18,       -1.18,
     1031.70,       -1.20,
     1032.22,       -1.20,
     1032.70,       -1.20,
     1033.21,       -1.19,
     1033.73,       -1.13,
     1034.25,       -1.11,
     1034.73,       -1.07,
     1035.21,       -1.07,
     1035.77,       -1.05,
     1036.29,       -0.99,
     1036.81,       -0.98,
     1037.33,       -0.98,
     1037.84,       -0.98,
     1038.36,       -0.94,
     1038.88,       -0.88,
     1039.40,       -0.88,
     1039.92,       -0.85,
     1040.44,       -0.81,
     1040.96,       -0.78,
     1041.44,       -0.73,
     1041.96,       -0.65,
     1042.48,       -0.59,
     1042.95,       -0.58,
     1043.47,       -0.60,
     1043.99,       -0.59,
     1044.55,       -0.56,
     1045.07,       -0.54,
     1045.55,       -0.46,
     1046.11,       -0.41,
     1046.63,       -0.41,
     1047.15,       -0.41,
     1047.67,       -0.37,
     1048.14,       -0.36,
     1048.66,       -0.33,
     1049.18,       -0.30,
     1049.70,       -0.27,
     1050.22,       -0.24,
     1050.70,       -0.21,
     1051.22,       -0.20,
     1051.74,       -0.14,
     1052.26,       -0.16,
     1052.78,       -0.18,
     1053.29,       -0.16,
     1053.81,       -0.16,
     1054.33,       -0.15,
     1054.89,       -0.15,
     1055.41,       -0.10,
     1055.89,       -0.08,
     1056.41,       -0.04,
     1056.93,       -0.01,
     1057.45,       -0.02,
     1057.96,       -0.02,
     1058.44,       -0.02,
     1058.96,        0.01,
     1059.44,        0.02,
     1059.96,        0.02,
     1060.52,        0.00,
     1061.00,        0.03,
     1061.56,        0.04,
     1062.08,        0.02,
     1062.60,        0.01,
     1063.11,       -0.02,
     1063.63,       -0.05,
     1064.15,       -0.07,
     1064.67,       -0.14,
     1065.19,       -0.17,
     1065.67,       -0.17,
     1066.19,       -0.15,
     1066.71,       -0.20,
     1067.19,       -0.23,
     1067.71,       -0.21,
     1068.22,       -0.27,
     1068.74,       -0.29,
     1069.26,       -0.30,
     1069.82,       -0.29,
     1070.34,       -0.31,
     1070.86,       -0.30,
     1071.38,       -0.28,
     1071.90,       -0.22,
     1072.38,       -0.20,
     1072.89,       -0.20,
     1073.41,       -0.18,
     1073.93,       -0.16,
     1074.45,       -0.15,
     1074.93,       -0.16,
     1075.45,       -0.20,
     1075.97,       -0.22,
     1076.49,       -0.21,
     1077.01,       -0.19,
     1077.53,       -0.17,
     1078.08,       -0.18,
     1078.60,       -0.16,
     1079.12,       -0.16,
     1079.64,       -0.21,
     1080.12,       -0.26,
     1080.64,       -0.37,
     1081.16,       -0.60,
     1081.68,       -0.87,
     1082.20,       -1.04,
     1082.68,       -1.10,
     1083.15,       -1.16,
     1083.67,       -1.25,
     1084.19,       -1.36,
     1084.71,       -1.55,
     1085.23,       -1.75,
     1085.79,       -1.98,
     1086.31,       -2.25,
     1086.83,       -2.52,
     1087.39,       -2.82,
     1087.90,       -3.18,
     1088.42,       -3.56,
     1088.94,       -3.95,
     1089.42,       -4.30,
     1089.94,       -4.61,
     1090.42,       -4.95,
     1090.94,       -5.27,
     1091.46,       -5.55,
     1091.94,       -5.89,
     1092.50,       -6.25,
     1093.01,       -6.62,
     1093.53,       -6.97,
     1094.09,       -7.34,
     1094.61,       -7.63,
     1095.09,       -7.72,
     1095.61,       -7.67,
     1096.13,       -7.57,
     1096.65,       -7.35,
     1097.17,       -7.14,
     1097.69,       -6.93,
     1098.16,       -6.75,
     1098.68,       -6.67,
     1099.20,       -6.67,
     1099.68,       -6.71,
     1100.20,       -6.67,
     1100.72,       -6.55,
     1101.28,       -6.45,
     1101.80,       -6.38,
     1102.32,       -6.32,
     1102.83,       -6.27,
     1103.35,       -6.18,
     1103.87,       -6.14,
     1104.39,       -6.14,
     1104.91,       -6.16,
     1105.39,       -6.15,
     1105.91,       -6.15,
     1106.43,       -6.18,
     1106.91,       -6.17,
     1107.39,       -6.10,
     1107.90,       -6.06,
     1108.46,       -6.10,
     1108.98,       -6.11,
     1109.50,       -6.10,
     1110.06,       -6.12,
     1110.58,       -6.13,
     1111.10,       -6.06,
     1111.58,       -6.06,
     1112.10,       -6.07,
     1112.62,       -6.06,
     1113.13,       -6.13,
     1113.65,       -6.10,
     1114.13,       -6.04,
     1114.65,       -6.10,
     1115.09,       -6.03,
     1115.61,       -5.92,
     1116.17,       -5.94,
     1116.69,       -5.92,
     1117.21,       -5.85,
     1117.77,       -5.91,
     1118.28,       -5.84,
     1118.80,       -5.74,
     1119.32,       -5.75,
     1119.84,       -5.75,
     1120.36,       -5.66,
     1120.88,       -5.75,
     1121.36,       -5.71,
     1121.88,       -5.62,
     1122.40,       -5.75,
     1122.83,       -5.64,
     1123.35,       -5.53,
     1123.87,       -5.61,
     1124.39,       -5.51,
     1124.95,       -5.45,
     1125.47,       -5.58,
     1126.03,       -5.49,
     1126.55,       -5.43,
     1127.07,       -5.44,
     1127.59,       -5.31,
     1128.10,       -5.33,
     1128.58,       -5.33,
     1129.10,       -5.18,
     1129.62,       -5.16,
     1130.10,       -5.20,
     1130.58,       -5.09,
     1131.06,       -5.16,
     1131.58,       -5.16,
     1132.14,       -5.02,
     1132.66,       -5.07,
     1133.17,       -5.05,
     1133.73,       -4.90,
     1134.25,       -5.01,
     1134.77,       -4.92,
     1135.29,       -4.77,
     1135.77,       -4.83,
     1136.29,       -4.71,
     1136.81,       -4.62,
     1137.33,       -4.71,
     1137.81,       -4.61,
     1138.28,       -4.58,
     1138.76,       -4.69,
     1139.28,       -4.48,
     1139.80,       -4.43,
     1140.36,       -4.52,
     1140.88,       -4.39,
     1141.40,       -4.42,
     1141.96,       -4.47,
     1142.48,       -4.31,
     1142.99,       -4.29,
     1143.47,       -4.29,
     1143.99,       -4.17,
     1144.51,       -4.27,
     1145.03,       -4.22,
     1145.51,       -4.12,
     1145.99,       -4.25,
     1146.51,       -4.22,
     1146.99,       -4.10,
     1147.51,       -4.26,
     1148.02,       -4.19,
     1148.54,       -4.17,
     1149.10,       -4.22,
     1149.62,       -4.14,
     1150.18,       -4.16,
     1150.70,       -4.24,
     1151.18,       -4.15,
     1151.70,       -4.20,
     1152.22,       -4.23,
     1152.74,       -4.17,
     1153.21,       -4.20,
     1153.69,       -4.22,
     1154.21,       -4.17,
     1154.69,       -4.21,
     1155.21,       -4.19,
     1155.73,       -4.12,
     1156.25,       -4.14,
     1156.77,       -4.11,
     1157.33,       -4.01,
     1157.84,       -4.10,
     1158.36,       -4.03,
     1158.88,       -3.96,
     1159.40,       -4.00,
     1159.88,       -3.91,
     1160.40,       -3.89,
     1160.92,       -3.91,
     1161.40,       -3.82,
     1161.92,       -3.78,
     1162.40,       -3.79,
     1162.88,       -3.69,
     1163.43,       -3.67,
     1163.91,       -3.63,
     1164.47,       -3.50,
     1164.99,       -3.47,
     1165.55,       -3.40,
     1166.07,       -3.31,
     1166.59,       -3.39,
     1167.07,       -3.29,
     1167.59,       -3.21,
     1168.10,       -3.21,
     1168.58,       -3.11,
     1169.10,       -3.07,
     1169.58,       -3.04,
     1170.10,       -2.94,
     1170.58,       -2.90,
     1171.10,       -2.86,
     1171.62,       -2.73,
     1172.14,       -2.72,
     1172.66,       -2.64,
     1173.21,       -2.61,
     1173.73,       -2.64,
     1174.29,       -2.54,
     1174.77,       -2.49,
     1175.29,       -2.47,
     1175.81,       -2.32,
     1176.29,       -2.38,
     1176.81,       -2.29,
     1177.33,       -2.23,
     1177.84,       -2.25,
     1178.32,       -2.22,
     1178.80,       -2.13,
     1179.32,       -2.15,
     1179.84,       -2.06,
     1180.40,       -2.01,
     1180.92,       -2.00,
     1181.44,       -1.93,
     1182.00,       -1.91,
     1182.52,       -1.95,
     1183.03,       -1.85,
     1183.51,       -1.81,
     1184.03,       -1.79,
     1184.51,       -1.75,
     1185.03,       -1.76,
     1185.55,       -1.73,
     1186.03,       -1.69,
     1186.51,       -1.73,
     1187.03,       -1.64,
     1187.55,       -1.65,
     1188.06,       -1.64,
     1188.58,       -1.58,
     1189.10,       -1.60,
     1189.62,       -1.56,
     1190.14,       -1.54,
     1190.66,       -1.53,
     1191.14,       -1.45,
     1191.62,       -1.44,
     1192.10,       -1.46,
     1192.58,       -1.38,
     1193.05,       -1.39,
     1193.53,       -1.35,
     1194.01,       -1.27,
     1194.49,       -1.25,
     1194.93,       -1.25,
     1195.41,       -1.18,
     1195.89,       -1.16,
     1196.37,       -1.11,
     1196.85,       -1.09,
     1197.33,       -1.12,
     1197.81,       -1.09,
     1198.24,       -1.07,
     1198.68,       -1.07,
     1199.08,       -1.00,
     1199.52,       -0.97,
     1199.96,       -0.90,
     1200.36,       -0.90,
     1200.80,       -0.92,
     1201.20,       -0.85,
     1201.60,       -0.85,
     1201.96,       -0.86,
     1202.36,       -0.82,
     1202.72,       -0.80,
     1203.15,       -0.77,
     1203.55,       -0.72,
     1203.95,       -0.72,
     1204.35,       -0.71,
     1204.71,       -0.68,
     1205.11,       -0.68,
     1205.47,       -0.62,
     1205.83,       -0.64,
     1206.19,       -0.63,
     1206.55,       -0.57,
     1206.87,       -0.56,
     1207.23,       -0.57,
     1207.59,       -0.55,
     1207.90,       -0.50,
     1208.26,       -0.46,
     1208.54,       -0.47,
     1208.86,       -0.46,
     1209.18,       -0.46,
     1209.50,       -0.44,
     1209.82,       -0.39,
     1210.10,       -0.38,
     1210.38,       -0.35,
     1210.70,       -0.35,
     1211.02,       -0.33,
     1211.34,       -0.33,
     1211.66,       -0.31,
     1211.98,       -0.28,
     1212.30,       -0.28,
     1212.58,       -0.22,
     1212.90,       -0.15,
     1213.17,       -0.14,
     1213.45,       -0.17,
     1213.73,       -0.15,
     1213.97,       -0.15,
     1214.21,       -0.16,
     1214.45,       -0.15,
     1214.65,       -0.15,
     1214.85,       -0.09,
     1215.05,       -0.11,
     1215.21,       -0.10,
     1215.37,       -0.13,
     1215.49,       -0.19,
     1215.61,       -0.19,
     1215.73,       -0.22,
     1215.81,       -0.20,
     1215.85,       -0.21,
     1215.89,       -0.24,
     1215.93,       -0.24,
     1215.97,       -0.25,