       -0.00,       -4.82,
        0.04,       -4.82,
        0.08,       -4.81,
        0.16,       -4.83,
        0.20,       -4.83,
        0.28,       -4.83,
        0.32,       -4.82,
        0.40,       -4.82,
        0.44,       -4.82,
        0.52,       -4.82,
        0.56,       -4.83,
        0.64,       -4.83,
        0.72,       -4.79,
        0.80,       -4.79,
        0.88,       -4.79,
        0.96,       -4.79,
        1.04,       -4.79,
        1.12,       -4.77,
        1.20,       -4.76,
        1.28,       -4.77,
        1.36,       -4.78,
        1.44,       -4.77,
        1.56,       -4.81,
        1.64,       -4.81,
        1.72,       -4.81,
        1.84,       -4.80,
        1.92,       -4.83,
        2.00,       -4.84,
        2.12,       -4.85,
        2.24,       -4.87,
        2.35,       -4.90,
        2.47,       -4.90,
        2.59,       -4.91,
        2.71,       -4.91,
        2.87,       -4.93,
        2.99,       -4.92,
        3.15,       -4.92,
        3.31,       -4.91,
        3.47,       -4.91,
        3.63,       -4.87,
        3.79,       -4.90,
        3.95,       -4.87,
        4.11,       -4.88,
        4.31,       -4.86,
        4.47,       -4.84,
        4.67,       -4.84,
        4.83,       -4.79,
        5.03,       -4.78,
        5.19,       -4.77,
        5.39,       -4.74,
        5.59,       -4.72,
        5.79,       -4.70,
        5.99,       -4.65,
        6.19,       -4.67,
        6.39,       -4.68,
        6.63,       -4.63,
        6.83,       -4.62,
        7.03,       -4.60,
        7.27,       -4.54,
        7.46,       -4.53,
        7.70,       -4.52,
        7.94,       -4.48,
        8.14,       -4.48,
        8.38,       -4.46,
        8.62,       -4.45,
        8.82,       -4.45,
        9.02,       -4.42,
        9.26,       -4.39,
        9.46,       -4.34,
        9.66,       -4.32,
        9.90,       -4.27,
       10.10,       -4.20,
       10.34,       -4.23,
       10.54,       -4.24,
       10.78,       -4.21,
       11.02,       -4.26,
       11.26,       -4.27,
       11.50,       -4.23,
       11.78,       -4.22,
       12.02,       -4.21,
       12.29,       -4.16,
       12.57,       -4.15,
       12.81,       -4.13,
       13.09,       -4.09,
       13.37,       -4.09,
       13.65,       -4.04,
       13.89,       -3.97,
       14.17,       -3.94,
       14.45,       -3.88,
       14.77,       -3.90,
       15.01,       -3.91,
       15.33,       -3.85,
       15.61,       -3.82,
       15.93,       -3.86,
       16.21,       -3.78,
       16.53,       -3.77,
       16.81,       -3.79,
       17.13,       -3.73,
       17.36,       -3.73,
       17.68,       -3.74,
       17.96,       -3.68,
       18.24,       -3.69,
       18.52,       -3.68,
       18.84,       -3.61,
       19.12,       -3.64,
       19.44,       -3.65,
       19.72,       -3.60,
       20.04,       -3.61,
       20.36,       -3.64,
       20.68,       -3.59,
       21.00,       -3.58,
       21.32,       -3.59,
       21.64,       -3.58,
       21.96,       -3.59,
       22.31,       -3.60,
       22.63,       -3.54,
       22.99,       -3.51,
       23.31,       -3.52,
       23.67,       -3.50,
       24.03,       -3.49,
       24.39,       -3.47,
       24.75,       -3.44,
       25.11,       -3.45,
       25.43,       -3.41,
       25.79,       -3.37,
       26.11,       -3.37,
       26.47,       -3.31,
       26.79,       -3.31,
       27.15,       -3.26,
       27.46,       -3.21,
       27.82,       -3.22,
       28.18,       -3.23,
       28.50,       -3.17,
       28.86,       -3.17,
       29.18,       -3.15,
       29.50,       -3.09,
       29.86,       -3.02,
       30.22,       -2.99,
       30.54,       -2.97,
       30.90,       -2.93,
       31.26,       -2.91,
       31.62,       -2.89,
       31.98,       -2.89,
       32.37,       -2.85,
       32.73,       -2.87,
       33.09,       -2.84,
       33.45,       -2.77,
       33.81,       -2.77,
       34.17,       -2.68,
       34.53,       -2.63,
       34.85,       -2.63,
       35.21,       -2.51,
       35.57,       -2.47,
       35.97,       -2.54,
       36.33,       -2.45,
       36.69,       -2.40,
       37.05,       -2.47,
       37.40,       -2.38,
       37.76,       -2.34,
       38.12,       -2.31,
       38.52,       -2.24,
       38.88,       -2.25,
       39.28,       -2.21,
       39.68,       -2.14,
       40.08,       -2.16,
       40.44,       -2.13,
       40.84,       -2.07,
       41.24,       -2.04,
       41.60,       -1.98,
       41.96,       -1.92,
       42.35,       -1.90,
       42.75,       -1.87,
       43.15,       -1.85,
       43.51,       -1.84,
       43.91,       -1.81,
       44.31,       -1.74,
       44.71,       -1.75,
       45.11,       -1.73,
       45.47,       -1.66,
       45.87,       -1.67,
       46.27,       -1.64,
       46.63,       -1.59,
       47.07,       -1.56,
       47.42,       -1.52,
       47.86,       -1.49,
       48.30,       -1.47,
       48.70,       -1.39,
       49.10,       -1.39,
       49.50,       -1.38,
       49.90,       -1.33,
       50.30,       -1.31,
       50.70,       -1.27,
       51.10,       -1.22,
       51.54,       -1.22,
       51.94,       -1.18,
       52.33,       -1.18,
       52.73,       -1.15,
       53.13,       -1.08,
       53.53,       -1.07,
       53.93,       -1.07,
       54.37,       -1.03,
       54.77,       -0.97,
       55.17,       -0.97,
       55.61,       -0.92,
       56.05,       -0.90,
       56.45,       -0.90,
       56.89,       -0.81,
       57.32,       -0.79,
       57.68,       -0.72,
       58.12,       -0.64,
       58.52,       -0.68,
       58.92,       -0.65,
       59.36,       -0.61,
       59.76,       -0.58,
       60.16,       -0.55,
       60.60,       -0.55,
       61.00,       -0.54,
       61.44,       -0.51,
       61.84,       -0.46,
       62.24,       -0.46,
       62.67,       -0.45,
       63.07,       -0.41,
       63.51,       -0.34,
       63.95,       -0.29,
       64.39,       -0.28,
       64.83,       -0.26,
       65.23,       -0.23,
       65.63,       -0.18,
       66.07,       -0.13,
       66.47,       -0.12,
       66.91,       -0.09,
       67.30,       -0.04,
       67.74,       -0.04,
       68.14,       -0.02,
       68.58,        0.02,
       69.02,        0.02,
       69.42,        0.04,
       69.86,        0.06,
       70.26,        0.06,
       70.70,        0.11,
       71.10,        0.13,
       71.54,        0.15,
       71.98,        0.14,
       72.41,        0.12,
       72.85,        0.15,
       73.29,        0.15,
       73.69,        0.16,
       74.13,        0.18,
       74.53,        0.22,
       74.97,        0.24,
       75.41,        0.22,
       75.81,        0.22,
       76.25,        0.16,
       76.69,        0.18,
       77.13,        0.16,
       77.52,        0.14,
       77.96,        0.19,
       78.36,        0.21,
       78.80,        0.21,
       79.24,        0.20,
       79.72,        0.20,
       80.16,        0.22,
       80.64,        0.21,
       81.08,        0.20,
       81.52,        0.19,
       81.96,        0.23,
       82.39,        0.20,
       82.83,        0.24,
       83.27,        0.24,
       83.71,        0.26,
       84.15,        0.29,
       84.59,        0.28,
       85.03,        0.28,
       85.47,        0.24,
       85.91,        0.27,
       86.35,        0.29,
       86.79,        0.33,
       87.23,        0.35,
       87.70,        0.37,
       88.18,        0.38,
       88.62,        0.39,
       89.06,        0.42,
       89.50,        0.40,
       89.94,        0.41,
       90.38,        0.38,
       90.82,        0.37,
       91.26,        0.37,
       91.70,        0.33,
       92.14,        0.33,
       92.57,        0.36,
       93.01,        0.35,
       93.45,        0.37,
       93.89,        0.34,
       94.33,        0.32,
       94.77,        0.32,
       95.25,        0.27,
       95.69,        0.24,
       96.17,        0.14,
       96.65,        0.06,
       97.09,        0.00,
       97.52,       -0.11,
       97.96,       -0.28,
       98.44,       -0.37,
       98.88,       -0.65,
       99.36,       -0.90,
       99.80,       -1.12,
      100.28,       -1.46,
      100.76,       -1.62,
      101.20,       -1.71,
      101.64,       -1.77,
      102.12,       -1.77,
      102.55,       -1.78,
      102.99,       -1.78,
      103.47,       -1.77,
      103.99,       -1.81,
      104.51,       -1.85,
      104.99,       -1.86,
      105.43,       -1.81,
      105.91,       -1.80,
      106.35,       -1.82,
      106.83,       -1.83,
      107.27,       -1.86,
      107.74,       -1.86,
      108.18,       -1.86,
      108.66,       -1.86,
      109.10,       -1.87,
      109.54,       -1.83,
      110.02,       -1.81,
      110.46,       -1.75,
      110.90,       -1.73,
      111.38,       -1.68,
      111.82,       -1.64,
      112.30,       -1.64,
      112.81,       -1.66,
      113.25,       -1.63,
      113.73,       -1.61,
      114.21,       -1.60,
      114.65,       -1.60,
      115.13,       -1.64,
      115.57,       -1.62,
      116.05,       -1.60,
      116.53,       -1.60,
      117.01,       -1.55,
      117.44,       -1.55,
      117.88,       -1.55,
      118.36,       -1.51,
      118.80,       -1.51,
      119.32,       -1.51,
      119.80,       -1.46,
      120.28,       -1.48,
      120.80,       -1.47,
      121.28,       -1.43,
      121.76,       -1.41,
      122.20,       -1.37,
      122.67,       -1.34,
      123.15,       -1.33,
      123.63,       -1.26,
      124.11,       -1.27,
      124.59,       -1.25,
      125.03,       -1.22,
      125.47,       -1.22,
      125.95,       -1.19,
      126.43,       -1.17,
      126.87,       -1.13,
      127.38,       -1.06,
      127.90,       -1.04,
      128.42,       -1.08,
      128.90,       -1.05,
      129.38,       -1.03,
      129.86,       -0.98,
      130.34,       -0.94,
      130.82,       -0.91,
      131.30,       -0.85,
      131.78,       -0.82,
      132.22,       -0.79,
      132.69,       -0.75,
      133.17,       -0.72,
      133.61,       -0.70,
      134.09,       -0.67,
      134.57,       -0.64,
      135.05,       -0.59,
      135.53,       -0.59,
      136.01,       -0.62,
      136.49,       -0.57,
      137.01,       -0.57,
      137.48,       -0.54,
      137.96,       -0.51,
      138.44,       -0.50,
      138.88,       -0.49,
      139.36,       -0.48,
      139.88,       -0.47,
      140.36,       -0.48,
      140.84,       -0.50,
      141.32,       -0.56,
      141.80,       -0.63,
      142.28,       -0.76,
      142.71,       -0.99,
      143.19,       -1.32,
      143.71,       -1.60,
      144.23,       -0.50,
      144.71,       -2.31,
      145.23,       -2.51,
      145.71,       -2.53,
      146.19,       -2.51,
      146.63,       -2.51,
      147.11,       -2.54,
      147.58,       -2.52,
      148.06,       -2.48,
      148.58,       -2.47,
      149.02,       -2.50,
      149.50,       -2.51,
      149.98,       -2.51,
      150.46,       -2.51,
      150.94,       -2.45,
      151.38,       -2.42,
      151.86,       -2.43,
      152.41,       -2.44,
      152.89,       -2.43,
      153.37,       -2.42,
      153.85,       -2.38,
      154.33,       -2.40,
      154.77,       -2.38,
      155.25,       -2.38,
      155.77,       -2.34,
      156.25,       -2.34,
      156.73,       -2.34,
      157.21,       -2.34,
      157.68,       -2.34,
      158.16,       -2.31,
      158.64,       -2.29,
      159.12,       -2.24,
      159.64,       -2.18,
      160.16,       -2.15,
      160.68,       -2.15,
      161.16,       -2.16,
      161.64,       -2.15,
      162.12,       -2.13,
      162.59,       -2.10,
      163.07,       -2.10,
      163.55,       -2.13,
      164.07,       -2.15,
      164.55,       -2.16,
      165.03,       -2.15,
      165.51,       -2.16,
      165.95,       -2.16,
      166.47,       -2.17,
      166.91,       -2.17,
      167.42,       -2.16,
      167.90,       -2.16,
      168.38,       -2.12,
      168.90,       -2.08,
      169.38,       -2.04,
      169.90,       -2.00,
      170.38,       -1.96,
      170.86,       -1.96,
      171.34,       -1.93,
      171.82,       -1.92,
      172.30,       -1.94,
      172.81,       -1.92,
      173.29,       -1.98,
      173.73,       -1.93,
      174.25,       -1.94,
      174.73,       -1.91,
      175.21,       -1.94,
      175.69,       -1.92,
      176.17,       -1.87,
      176.69,       -1.86,
      177.21,       -1.85,
      177.68,       -1.84,
      178.16,       -1.80,
      178.64,       -1.79,
      179.12,       -1.75,
      179.60,       -1.73,
      180.12,       -1.73,
      180.60,       -1.69,
      181.08,       -1.65,
      181.56,       -1.66,
      182.04,       -1.62,
      182.55,       -1.58,
      182.99,       -1.50,
      183.47,       -1.44,
      183.99,       -1.39,
      184.47,       -1.38,
      185.03,       -1.38,
      185.51,       -1.39,
      185.99,       -1.38,
      186.47,       -1.36,
      186.95,       -1.33,
      187.42,       -1.34,
      187.94,       -1.33,
      188.42,       -1.30,
      188.90,       -1.28,
      189.38,       -1.29,
      189.86,       -1.29,
      190.34,       -1.29,
      190.82,       -1.30,
      191.30,       -1.32,
      191.78,       -1.33,
      192.34,       -1.33,
      192.81,       -1.30,
      193.33,       -1.29,
      193.81,       -1.33,
      194.29,       -1.33,
      194.77,       -1.30,
      195.25,       -1.25,
      195.77,       -1.17,
      196.25,       -1.11,
      196.73,       -1.13,
      197.21,       -1.09,
      197.68,       -1.08,
      198.16,       -1.07,
      198.68,       -1.04,
      199.16,       -1.03,
      199.64,       -1.03,
      200.16,       -1.04,
      200.68,       -1.00,
      201.20,       -0.98,
      201.68,       -0.96,
      202.16,       -0.94,
      202.63,       -0.89,
      203.11,       -0.85,
      203.63,       -0.84,
      204.11,       -0.82,
      204.59,       -0.85,
      205.07,       -0.86,
      205.55,       -0.87,
      206.03,       -0.88,
      206.51,       -0.90,
      206.99,       -0.89,
      207.46,       -0.94,
      207.98,       -0.94,
      208.50,       -0.98,
      209.02,       -1.02,
      209.50,       -0.99,
      209.98,       -0.98,
      210.46,       -0.97,
      210.94,       -0.94,
      211.46,       -0.89,
      211.94,       -0.83,
      212.41,       -0.81,
      212.89,       -0.78,
      213.37,       -0.76,
      213.85,       -0.71,
      214.33,       -0.68,
      214.85,       -0.65,
      215.33,       -0.62,
      215.81,       -0.59,
      216.33,       -0.55,
      216.85,       -0.55,
      217.37,       -0.52,
      217.84,       -0.52,
      218.32,       -0.48,
      218.80,       -0.45,
      219.28,       -0.39,
      219.76,       -0.38,
      220.28,       -0.34,
      220.76,       -0.32,
      221.24,       -0.30,
      221.72,       -0.28,
      222.20,       -0.25,
      222.71,       -0.22,
      223.19,       -0.20,
      223.71,       -0.20,
      224.19,       -0.22,
      224.71,       -0.25,
      225.23,       -0.29,
      225.71,       -0.31,
      226.19,       -0.35,
      226.67,       -0.38,
      227.15,       -0.49,
      227.66,       -0.50,
      228.14,       -0.50,
      228.62,       -0.54,
      229.10,       -0.54,
      229.58,       -0.48,
      230.06,       -0.45,
      230.58,       -0.46,
      231.06,       -0.42,
      231.58,       -0.37,
      232.10,       -0.33,
      232.57,       -0.27,
      233.09,       -0.28,
      233.61,       -0.26,
      234.05,       -0.22,
      234.53,       -0.20,
      235.05,       -0.11,
      235.53,       -0.04,
      236.05,       -0.00,
      236.53,        0.02,
      237.05,        0.05,
      237.52,        0.07,
      238.00,        0.08,
      238.48,        0.10,
      238.96,        0.15,
      239.48,        0.18,
      240.00,        0.22,
      240.48,        0.30,
      241.04,        0.31,
      241.52,        0.33,
      242.00,        0.41,
      242.51,        0.44,
      242.95,        0.47,
      243.47,        0.50,
      243.99,        0.51,
      244.47,        0.52,
      244.99,        0.55,
      245.47,        0.57,
      245.95,        0.65,
      246.43,        0.68,
      246.91,        0.65,
      247.42,        0.68,
      247.94,        0.73,
      248.46,        0.73,
      248.98,        0.75,
      249.46,        0.76,
      249.98,        0.81,
      250.46,        0.79,
      250.94,        0.83,
      251.42,        0.84,
      251.94,        0.86,
      252.45,        0.88,
      252.93,        0.88,
      253.41,        0.85,
      253.89,        0.83,
      254.41,        0.82,
      254.89,        0.74,
      255.37,        0.72,
      255.93,        0.56,
      256.41,        0.42,
      256.93,        0.28,
      257.44,       -0.03,
      257.92,       -0.16,
      258.40,       -0.26,
      258.88,       -0.25,
      259.40,       -0.20,
      259.88,       -0.23,
      260.40,       -0.25,
      260.92,       -0.26,
      261.40,       -0.27,
      261.88,       -0.24,
      262.36,       -0.24,
      262.87,       -0.22,
      263.35,       -0.19,
      263.87,       -0.21,
      264.35,       -0.18,
      264.91,       -0.15,
      265.43,       -0.12,
      265.91,       -0.11,
      266.39,       -0.08,
      266.91,       -0.02,
      267.39,        0.02,
      267.90,        0.07,
      268.38,        0.10,
      268.90,        0.15,
      269.38,        0.20,
      269.86,        0.26,
      270.34,        0.34,
      270.82,        0.36,
      271.30,        0.40,
      271.86,        0.45,
      272.38,        0.46,
      272.89,        0.50,
      273.41,        0.53,
      273.89,        0.55,
      274.37,        0.61,
      274.89,        0.62,
      275.37,        0.68,
      275.89,        0.72,
      276.37,        0.73,
      276.89,        0.76,
      277.37,        0.79,
      277.84,        0.83,
      278.32,        0.85,
      278.80,        0.89,
      279.32,        0.94,
      279.84,        0.99,
      280.36,        0.99,
      280.88,        0.98,
      281.40,        0.99,
      281.92,        1.02,
      282.40,        1.04,
      282.87,        1.03,
      283.39,        1.06,
      283.87,        1.07,
      284.39,        1.07,
      284.91,        1.05,
      285.39,        1.03,
      285.87,        0.97,
      286.35,        0.93,
      286.83,        0.88,
      287.35,        0.84,
      287.86,        0.77,
      288.38,        0.69,
      288.90,        0.65,
      289.42,        0.55,
      289.94,        0.28,
      290.42,        0.04,
      290.90,       -0.20,
      291.42,       -0.59,
      291.90,       -0.73,
      292.42,       -0.77,
      292.93,       -0.81,
      293.37,       -0.80,
      293.85,       -0.81,
      294.37,       -0.82,
      294.85,       -0.85,
      295.37,       -0.86,
      295.89,       -0.88,
      296.41,       -0.88,
      296.93,       -0.90,
      297.44,       -0.92,
      297.96,       -0.92,
      298.44,       -0.94,
      298.92,       -0.98,
      299.44,       -0.97,
      299.96,       -1.02,
      300.44,       -1.02,
      300.92,       -1.04,
      301.44,       -1.11,
      301.92,       -1.11,
      302.40,       -1.18,
      302.87,       -1.20,
      303.39,       -1.25,
      303.91,       -1.33,
      304.43,       -1.41,
      304.99,       -1.54,
      305.51,       -1.69,
      305.99,       -1.89,
      306.51,       -2.10,
      306.99,       -2.21,
      307.46,       -2.26,
      307.98,       -2.29,
      308.46,       -2.29,
      308.98,       -2.29,
      309.46,       -2.29,
      309.94,       -2.26,
      310.42,       -2.25,
      310.94,       -2.25,
      311.46,       -2.25,
      311.98,       -2.24,
      312.49,       -2.18,
      313.01,       -2.15,
      313.53,       -2.14,
      314.05,       -2.15,
      314.53,       -2.15,
      315.01,       -2.12,
      315.53,       -2.08,
      316.01,       -2.03,
      316.53,       -1.99,
      317.01,       -1.99,
      317.52,       -1.98,
      318.00,       -1.93,
      318.48,       -1.86,
      318.96,       -1.81,
      319.48,       -1.79,
      320.04,       -1.75,
      320.56,       -1.70,
      321.08,       -1.66,
      321.60,       -1.60,
      322.12,       -1.58,
      322.59,       -1.55,
      323.07,       -1.50,
      323.55,       -1.46,
      324.07,       -1.42,
      324.59,       -1.40,
      325.11,       -1.42,
      325.59,       -1.46,
      326.07,       -1.41,
      326.55,       -1.40,
      327.07,       -1.35,
      327.58,       -1.35,
      328.10,       -1.35,
      328.62,       -1.33,
      329.14,       -1.29,
      329.66,       -1.25,
      330.18,       -1.24,
      330.70,       -1.22,
      331.14,       -1.24,
      331.66,       -1.25,
      332.14,       -1.24,
      332.65,       -1.20,
      333.17,       -1.18,
      333.65,       -1.17,
      334.13,       -1.17,
      334.61,       -1.16,
      335.13,       -1.11,
      335.65,       -1.14,
      336.17,       -1.14,
      336.69,       -1.12,
      337.21,       -1.11,
      337.76,       -1.09,
      338.28,       -1.07,
      338.76,       -1.07,
      339.24,       -0.98,
      339.72,       -0.99,
      340.24,       -1.00,
      340.72,       -0.97,
      341.24,       -0.94,
      341.72,       -0.90,
      342.20,       -0.88,
      342.67,       -0.85,
      343.19,       -0.79,
      343.71,       -0.77,
      344.23,       -0.74,
      344.75,       -0.69,
      345.27,       -0.68,
      345.83,       -0.67,
      346.31,       -0.60,
      346.83,       -0.63,
      347.31,       -0.62,
      347.82,       -0.59,
      348.30,       -0.55,
      348.82,       -0.49,
      349.34,       -0.51,
      349.82,       -0.49,
      350.30,       -0.46,
      350.78,       -0.43,
      351.30,       -0.37,
      351.82,       -0.33,
      352.34,       -0.29,
      352.85,       -0.29,
      353.37,       -0.28,
      353.89,       -0.25,
      354.41,       -0.24,
      354.93,       -0.23,
      355.41,       -0.19,
      355.89,       -0.16,
      356.41,       -0.15,
      356.93,       -0.14,
      357.41,       -0.09,
      357.92,       -0.02,
      358.40,       -0.02,
      358.88,       -0.02,
      359.40,       -0.02,
      359.92,        0.02,
      360.44,        0.02,
      360.96,        0.02,
      361.48,       -0.01,
      362.00,       -0.02,
      362.47,       -0.02,
      362.99,       -0.02,
      363.47,       -0.02,
      363.99,       -0.01,
      364.47,        0.00,
      364.99,        0.00,
      365.51,        0.00,
      365.99,        0.00,
      366.47,        0.05,
      366.95,        0.05,
      367.46,        0.10,
      368.02,        0.15,
      368.54,        0.15,
      369.02,        0.18,
      369.54,        0.21,
      370.06,        0.26,
      370.58,        0.28,
      371.06,        0.28,
      371.54,        0.28,
      372.06,        0.29,
      372.57,        0.30,
      373.09,        0.32,
      373.57,        0.33,
      374.05,        0.35,
      374.53,        0.33,
      375.05,        0.32,
      375.57,        0.32,
      376.09,        0.33,
      376.61,        0.37,
      377.13,        0.39,
      377.64,        0.39,
      378.12,        0.39,
      378.64,        0.37,
      379.12,        0.37,
      379.60,        0.35,
      380.12,        0.29,
      380.64,        0.24,
      381.12,        0.10,
      381.64,       -0.13,
      382.12,       -0.50,
      382.59,       -0.94,
      383.11,       -1.37,
      383.63,       -1.81,
      384.15,       -2.15,
      384.67,       -2.34,
      385.19,       -2.37,
      385.71,       -2.39,
      386.19,       -2.36,
      386.67,       -2.37,
      387.15,       -2.40,
      387.66,       -2.37,
      388.18,       -2.33,
      388.70,       -2.35,
      389.18,       -2.36,
      389.66,       -2.37,
      390.14,       -2.32,
      390.66,       -2.25,
      391.18,       -2.29,
      391.66,       -2.29,
      392.18,       -2.29,
      392.69,       -2.29,
      393.21,       -2.29,
      393.73,       -2.25,
      394.25,       -2.25,
      394.73,       -2.29,
      395.21,       -2.32,
      395.73,       -2.30,
      396.25,       -2.33,
      396.73,       -2.29,
      397.25,       -2.27,
      397.72,       -2.26,
      398.20,       -2.25,
      398.68,       -2.29,
      399.20,       -2.29,
      399.72,       -2.29,
      400.24,       -2.27,
      400.76,       -2.27,
      401.28,       -2.26,
      401.80,       -2.22,
      402.28,       -2.23,
      402.75,       -2.17,
      403.27,       -2.13,
      403.75,       -2.15,
      404.27,       -2.16,
      404.79,       -2.16,
      405.27,       -2.15,
      405.75,       -2.12,
      406.23,       -2.14,
      406.71,       -2.17,
      407.23,       -2.15,
      407.74,       -2.14,
      408.26,       -2.13,
      408.78,       -2.15,
      409.34,       -2.19,
      409.82,       -2.19,
      410.30,       -2.15,
      410.82,       -2.12,
      411.30,       -2.11,
      411.82,       -2.06,
      412.34,       -2.05,
      412.81,       -2.05,
      413.33,       -2.07,
      413.77,       -2.01,
      414.25,       -1.97,
      414.77,       -1.96,
      415.29,       -1.94,
      415.81,       -1.96,
      416.33,       -1.97,
      416.85,       -1.94,
      417.37,       -1.91,
      417.88,       -1.87,
      418.40,       -1.85,
      418.88,       -1.84,
      419.40,       -1.79,
      419.88,       -1.77,
      420.40,       -1.77,
      420.92,       -1.73,
      421.40,       -1.67,
      421.88,       -1.65,
      422.36,       -1.61,
      422.87,       -1.60,
      423.39,       -1.59,
      423.91,       -1.60,
      424.43,       -1.57,
      424.95,       -1.56,
      425.47,       -1.52,
      426.03,       -1.47,
      426.51,       -1.42,
      427.03,       -1.38,
      427.50,       -1.36,
      428.02,       -1.35,
      428.54,       -1.33,
      429.02,       -1.28,
      429.50,       -1.27,
      429.98,       -1.29,
      430.46,       -1.27,
      430.98,       -1.25,
      431.50,       -1.19,
      432.02,       -1.15,
      432.53,       -1.11,
      433.05,       -1.07,
      433.61,       -1.04,
      434.13,       -0.98,
      434.61,       -0.98,
      435.13,       -0.95,
      435.61,       -0.91,
      436.13,       -0.89,
      436.61,       -0.85,
      437.09,       -0.80,
      437.60,       -0.79,
      438.08,       -0.76,
      438.56,       -0.71,
      439.08,       -0.69,
      439.60,       -0.69,
      440.12,       -0.67,
      440.64,       -0.66,
      441.16,       -0.66,
      441.68,       -0.67,
      442.20,       -0.66,
      442.67,       -0.62,
      443.15,       -0.57,
      443.67,       -0.54,
      444.15,       -0.55,
      444.67,       -0.55,
      445.15,       -0.50,
      445.63,       -0.48,
      446.11,       -0.46,
      446.63,       -0.42,
      447.15,       -0.39,
      447.66,       -0.37,
      448.18,       -0.37,
      448.70,       -0.32,
      449.22,       -0.29,
      449.74,       -0.28,
      450.22,       -0.33,
      450.70,       -0.37,
      451.22,       -0.35,
      451.70,       -0.34,
      452.22,       -0.33,
      452.73,       -0.32,
      453.21,       -0.33,
      453.69,       -0.33,
      454.17,       -0.33,
      454.69,       -0.31,
      455.21,       -0.28,
      455.73,       -0.28,
      456.25,       -0.29,
      456.77,       -0.28,
      457.29,       -0.24,
      457.80,       -0.24,
      458.28,       -0.23,
      458.76,       -0.20,
      459.24,       -0.17,
      459.76,       -0.15,
      460.28,       -0.17,
      460.76,       -0.13,
      461.28,       -0.16,
      461.76,       -0.06,
      462.24,       -0.02,
      462.71,       -0.06,
      463.27,       -0.07,
      463.79,       -0.02,
      464.31,       -0.01,
      464.83,        0.00,
      465.35,       -0.02,
      465.87,       -0.02,
      466.35,        0.02,
      466.83,        0.01,
      467.31,        0.02,
      467.82,        0.05,
      468.34,        0.02,
      468.86,        0.01,
      469.34,       -0.01,
      469.82,       -0.02,
      470.30,       -0.02,
      470.82,       -0.01,
      471.34,       -0.07,
      471.86,       -0.10,
      472.38,       -0.11,
      472.89,       -0.15,
      473.41,       -0.13,
      473.93,       -0.10,
      474.41,       -0.09,
      474.89,       -0.04,
      475.41,       -0.04,
      475.93,       -0.03,
      476.41,        0.02,
      476.93,        0.03,
      477.41,        0.02,
      477.88,        0.02,
      478.36,        0.06,
      478.92,        0.07,
      479.44,        0.07,
      479.96,        0.07,
      480.48,        0.07,
      481.00,        0.07,
      481.52,        0.07,
      482.00,        0.09,
      482.48,        0.12,
      482.95,        0.14,
      483.47,        0.15,
      483.99,        0.17,
      484.51,        0.20,
      484.99,        0.23,
      485.47,        0.26,
      485.95,        0.27,
      486.47,        0.29,
      486.99,        0.30,
      487.51,        0.32,
      488.02,        0.37,
      488.54,        0.40,
      489.10,        0.40,
      489.58,        0.36,
      490.06,        0.36,
      490.54,        0.35,
      491.06,        0.28,
      491.58,        0.11,
      492.06,       -0.15,
      492.57,       -0.52,
      493.05,       -0.93,
      493.57,       -1.28,
      494.05,       -1.44,
      494.53,       -1.45,
      495.05,       -1.46,
      495.57,       -1.46,
      496.13,       -1.47,
      496.65,       -1.50,
      497.13,       -1.51,
      497.64,       -1.51,
      498.12,       -1.51,
      498.60,       -1.53,
      499.12,       -1.53,
      499.64,       -1.61,
      500.16,       -1.60,
      500.64,       -1.64,
      501.16,       -1.61,
      501.64,       -1.61,
      502.12,       -1.62,
      502.59,       -1.62,
      503.15,       -1.64,
      503.67,       -1.64,
      504.19,       -1.65,
      504.71,       -1.61,
      505.23,       -1.61,
      505.71,       -1.61,
      506.23,       -1.60,
      506.71,       -1.60,
      507.23,       -1.61,
      507.70,       -1.61,
      508.22,       -1.62,
      508.74,       -1.61,
      509.22,       -1.60,
      509.70,       -1.59,
      510.18,       -1.60,
      510.70,       -1.61,
      511.22,       -1.61,
      511.74,       -1.61,
      512.26,       -1.61,
      512.77,       -1.60,
      513.29,       -1.60,
      513.81,       -1.58,
      514.33,       -1.58,
      514.81,       -1.56,
      515.29,       -1.57,
      515.81,       -1.57,
      516.33,       -1.52,
      516.85,       -1.53,
      517.33,       -1.56,
      517.80,       -1.61,
      518.28,       -1.61,
      518.80,       -1.61,
      519.32,       -1.64,
      519.84,       -1.64,
      520.36,       -1.67,
      520.88,       -1.69,
      521.40,       -1.69,
      521.92,       -1.72,
      522.40,       -1.78,
      522.87,       -1.77,
      523.39,       -1.84,
      523.91,       -1.91,
      524.43,       -1.94,
      524.87,       -1.98,
      525.35,       -1.97,
      525.83,       -2.02,
      526.35,       -2.03,
      526.83,       -2.03,
      527.35,       -2.01,
      527.86,       -1.95,
      528.42,       -1.95,
      528.94,       -1.95,
      529.46,       -1.90,
      529.98,       -1.85,
      530.46,       -1.81,
      530.94,       -1.78,
      531.46,       -1.77,
      531.98,       -1.71,
      532.50,       -1.62,
      533.01,       -1.58,
      533.49,       -1.55,
      533.97,       -1.49,
      534.45,       -1.47,
      534.97,       -0.56,
      535.49,       -1.37,
      536.01,       -1.33,
      536.53,       -1.28,
      537.05,       -1.26,
      537.60,       -1.21,
      538.12,       -1.18,
      538.60,       -1.13,
      539.12,       -1.10,
      539.60,       -1.05,
      540.12,       -1.03,
      540.64,       -0.99,
      541.12,       -0.97,
      541.64,       -0.92,
      542.08,       -0.88,
      542.59,       -0.84,
      543.11,       -0.81,
      543.63,       -0.78,
      544.15,       -0.77,
      544.67,       -0.74,
      545.19,       -0.72,
      545.71,       -0.72,
      546.23,       -0.72,
      546.75,       -0.68,
      547.23,       -0.66,
      547.74,       -0.66,
      548.22,       -0.64,
      548.74,       -0.58,
      549.26,       -0.55,
      549.70,       -0.56,
      550.18,       -0.52,
      550.70,       -0.47,
      551.22,       -0.45,
      551.74,       -0.39,
      552.30,       -0.30,
      552.81,       -0.24,
      553.33,       -0.24,
      553.85,       -0.28,
      554.33,       -0.28,
      554.85,       -0.28,
      555.33,       -0.30,
      555.85,       -0.30,
      556.33,       -0.33,
      556.85,       -0.31,
      557.33,       -0.29,
      557.80,       -0.28,
      558.28,       -0.25,
      558.80,       -0.21,
      559.32,       -0.20,
      559.88,       -0.17,
      560.40,       -0.15,
      560.92,       -0.14,
      561.44,       -0.15,
      561.92,       -0.12,
      562.40,       -0.11,
      562.91,       -0.08,
      563.43,       -0.07,
      563.91,       -0.06,
      564.43,       -0.04,
      564.91,       -0.02,
      565.39,       -0.02,
      565.87,       -0.02,
      566.35,        0.01,
      566.87,        0.02,
      567.43,        0.04,
      567.90,        0.05,
      568.46,        0.04,
      568.98,        0.08,
      569.50,        0.11,
      569.98,        0.15,
      570.46,        0.20,
      570.94,        0.15,
      571.50,        0.16,
      572.02,        0.20,
      572.50,        0.20,
      572.97,        0.20,
      573.45,        0.20,
      573.97,        0.19,
      574.45,        0.20,
      574.97,        0.21,
      575.53,        0.21,
      576.05,        0.24,
      576.57,        0.25,
      577.09,        0.28,
      577.60,        0.26,
      578.08,        0.24,
      578.56,        0.28,
      579.08,        0.33,
      579.60,        0.40,
      580.08,        0.42,
      580.56,        0.44,
      581.08,        0.45,
      581.56,        0.46,
      582.04,        0.51,
      582.52,        0.55,
      583.07,        0.55,
      583.59,        0.56,
      584.11,        0.56,
      584.63,        0.56,
      585.15,        0.56,
      585.67,        0.56,
      586.15,        0.55,
      586.63,        0.56,
      587.19,        0.57,
      587.66,        0.53,
      588.14,        0.51,
      588.66,        0.50,
      589.14,        0.54,
      589.62,        0.53,
      590.14,        0.57,
      590.62,        0.58,
      591.18,        0.63,
      591.70,        0.62,
      592.22,        0.63,
      592.73,        0.61,
      593.25,        0.62,
      593.77,        0.63,
      594.25,        0.61,
      594.73,        0.63,
      595.21,        0.64,
      595.73,        0.64,
      596.25,        0.64,
      596.73,        0.64,
      597.21,        0.68,
      597.68,        0.67,
      598.16,        0.63,
      598.68,        0.64,
      599.24,        0.65,
      599.76,        0.65,
      600.28,        0.69,
      600.80,        0.72,
      601.32,        0.71,
      601.80,        0.72,
      602.32,        0.73,
      602.75,        0.74,
      603.27,        0.77,
      603.79,        0.78,
      604.27,        0.81,
      604.79,        0.82,
      605.27,        0.87,
      605.75,        0.88,
      606.27,        0.90,
      606.75,        0.89,
      607.31,        0.88,
      607.82,        0.89,
      608.34,        0.89,
      608.86,        0.90,
      609.38,        0.94,
      609.86,        0.93,
      610.34,        0.94,
      610.82,        0.97,
      611.34,        0.99,
      611.86,        0.97,
      612.34,        0.89,
      612.85,        0.94,
      613.33,        0.89,
      613.81,        0.85,
      614.33,        0.85,
      614.85,        0.65,
      615.37,        0.69,
      615.89,        0.47,
      616.41,        0.14,
      616.93,        0.07,
      617.45,       -0.29,
      617.92,       -0.56,
      618.40,       -0.75,
      618.88,       -1.18,
      619.40,       -1.41,
      619.88,       -1.60,
      620.40,       -1.79,
      620.88,       -1.77,
      621.40,       -1.96,
      621.88,       -2.06,
      622.36,       -2.05,
      622.87,       -2.21,
      623.39,       -2.25,
      623.91,       -2.30,
      624.47,       -2.46,
      624.95,       -2.47,
      625.47,       -2.51,
      625.95,       -2.55,
      626.47,       -2.59,
      626.95,       -2.56,
      627.43,       -2.53,
      627.94,       -2.54,
      628.46,       -2.46,
      628.98,       -2.41,
      629.46,       -2.42,
      629.94,       -2.30,
      630.42,       -2.29,
      630.94,       -2.20,
      631.50,       -2.12,
      632.02,       -2.07,
      632.50,       -1.96,
      633.05,       -1.90,
      633.53,       -1.87,
      634.05,       -1.86,
      634.53,       -1.86,
      635.05,       -1.88,
      635.53,       -1.87,
      636.05,       -1.90,
      636.57,       -1.94,
      637.05,       -1.91,
      637.57,       -1.90,
      638.04,       -1.95,
      638.52,       -1.92,
      639.04,       -1.93,
      639.60,       -1.91,
      640.08,       -1.90,
      640.60,       -1.87,
      641.12,       -1.80,
      641.64,       -1.68,
      642.16,       -1.63,
      642.63,       -1.60,
      643.11,       -1.55,
      643.63,       -1.55,
      644.15,       -1.56,
      644.63,       -1.52,
      645.15,       -1.55,
      645.63,       -1.59,
      646.11,       -1.56,
      646.63,       -1.53,
      647.15,       -1.48,
      647.66,       -1.48,
      648.18,       -1.46,
      648.70,       -1.41,
      649.22,       -1.37,
      649.74,       -1.37,
      650.26,       -1.35,
      650.74,       -1.38,
      651.22,       -1.33,
      651.74,       -1.33,
      652.26,       -1.33,
      652.73,       -1.31,
      653.25,       -1.29,
      653.73,       -1.29,
      654.21,       -1.27,
      654.73,       -1.20,
      655.25,       -1.15,
      655.77,       -1.15,
      656.29,       -1.17,
      656.81,       -1.18,
      657.33,       -1.19,
      657.84,       -1.19,
      658.36,       -1.20,
      658.84,       -1.20,
      659.36,       -1.22,
      659.88,       -1.19,
      660.36,       -1.19,
      660.88,       -1.17,
      661.36,       -1.15,
      661.88,       -1.13,
      662.36,       -1.13,
      662.83,       -1.15,
      663.35,       -1.14,
      663.87,       -1.15,
      664.39,       -1.18,
      664.91,       -1.18,
      665.47,       -1.16,
      665.99,       -1.20,
      666.47,       -1.24,
      666.99,       -1.22,
      667.47,       -1.17,
      667.98,       -1.21,
      668.50,       -1.25,
      668.98,       -1.33,
      669.50,       -1.34,
      669.98,       -1.36,
      670.42,       -1.42,
      670.98,       -1.43,
      671.50,       -1.46,
      672.02,       -1.47,
      672.54,       -1.51,
      673.05,       -1.52,
      673.57,       -1.56,
      674.09,       -1.66,
      674.61,       -1.75,
      675.09,       -1.83,
      675.61,       -1.90,
      676.09,       -1.94,
      676.61,       -2.01,
      677.13,       -2.00,
      677.60,       -2.00,
      678.04,       -2.06,
      678.56,       -2.09,
      679.08,       -2.11,
      679.60,       -2.12,
      680.12,       -2.07,
      680.64,       -2.06,
      681.20,       -2.10,
      681.72,       -2.11,
      682.20,       -2.16,
      682.71,       -2.20,
      683.19,       -2.15,
      683.71,       -2.14,
      684.23,       -2.24,
      684.71,       -2.21,
      685.23,       -2.22,
      685.67,       -2.21,
      686.19,       -2.16,
      686.67,       -2.24,
      687.19,       -2.25,
      687.70,       -2.27,
      688.26,       -2.37,
      688.78,       -2.43,
      689.30,       -2.39,
      689.82,       -2.42,
      690.34,       -2.39,
      690.86,       -2.38,
      691.34,       -2.37,
      691.86,       -2.35,
      692.34,       -2.34,
      692.85,       -2.32,
      693.33,       -2.30,
      693.81,       -2.26,
      694.29,       -2.20,
      694.81,       -2.15,
      695.33,       -2.21,
      695.85,       -2.28,
      696.41,       -2.25,
      696.93,       -2.25,
      697.45,       -2.22,
      697.96,       -2.19,
      698.48,       -2.17,
      699.00,       -2.17,
      699.48,       -2.18,
      700.00,       -2.18,
      700.52,       -2.15,
      700.96,       -2.12,
      701.48,       -2.10,
      701.96,       -2.08,
      702.48,       -2.08,
      702.99,       -2.08,
      703.51,       -2.06,
      704.03,       -2.06,
      704.55,       -2.03,
      705.07,       -2.00,
      705.59,       -1.99,
      706.11,       -1.98,
      706.63,       -1.94,
      707.11,       -1.94,
      707.63,       -1.85,
      708.14,       -1.81,
      708.62,       -1.77,
      709.10,       -1.72,
      709.58,       -1.71,
      710.10,       -1.71,
      710.58,       -1.64,
      711.10,       -1.57,
      711.62,       -1.50,
      712.14,       -1.45,
      712.65,       -1.44,
      713.17,       -1.43,
      713.69,       -1.41,
      714.25,       -1.42,
      714.73,       -1.35,
      715.25,       -1.33,
      715.73,       -1.33,
      716.21,       -1.33,
      716.73,       -1.33,
      717.21,       -1.29,
      717.68,       -1.28,
      718.20,       -1.29,
      718.68,       -1.27,
      719.20,       -1.27,
      719.72,       -1.21,
      720.28,       -1.17,
      720.80,       -1.16,
      721.32,       -1.20,
      721.84,       -1.17,
      722.32,       -1.11,
      722.83,       -1.11,
      723.31,       -1.07,
      723.79,       -1.04,
      724.31,       -0.98,
      724.83,       -0.98,
      725.31,       -0.98,
      725.79,       -0.96,
      726.27,       -0.90,
      726.79,       -0.90,
      727.35,       -0.91,
      727.86,       -0.87,
      728.38,       -0.85,
      728.90,       -0.85,
      729.42,       -0.79,
      729.90,       -0.77,
      730.42,       -0.79,
      730.86,       -0.76,
      731.38,       -0.76,
      731.90,       -0.76,
      732.42,       -0.76,
      732.89,       -0.80,
      733.37,       -0.83,
      733.85,       -0.82,
      734.37,       -0.87,
      734.89,       -0.88,
      735.41,       -0.88,
      735.93,       -0.90,
      736.45,       -0.88,
      737.01,       -0.84,
      737.49,       -0.78,
      737.96,       -0.78,
      738.44,       -0.78,
      738.92,       -0.72,
      739.44,       -0.66,
      739.96,       -0.59,
      740.48,       -0.59,
      740.96,       -0.57,
      741.44,       -0.53,
      741.92,       -0.52,
      742.44,       -0.52,
      742.95,       -0.48,
      743.47,       -0.43,
      743.99,       -0.42,
      744.51,       -0.37,
      745.03,       -0.35,
      745.55,       -0.33,
      745.99,       -0.33,
      746.51,       -0.32,
      746.99,       -0.28,
      747.51,       -0.22,
      748.02,       -0.21,
      748.50,       -0.21,
      749.02,       -0.19,
      749.50,       -0.15,
      749.98,       -0.12,
      750.50,       -0.10,
      751.02,       -0.08,
      751.54,       -0.07,
      752.06,       -0.10,
      752.58,       -0.09,
      753.13,       -0.10,
      753.57,       -0.08,
      754.05,       -0.02,
      754.57,       -0.04,
      755.05,       -0.02,
      755.57,       -0.01,
      756.09,       -0.02,
      756.61,       -0.02,
      757.09,        0.02,
      757.57,        0.01,
      758.04,       -0.02,
      758.56,       -0.11,
      759.08,       -0.20,
      759.60,       -0.45,
      760.12,       -0.75,
      760.64,       -0.88,
      761.16,       -0.98,
      761.64,       -1.00,
      762.12,       -0.98,
      762.64,       -1.11,
      763.11,       -1.13,
      763.63,       -1.19,
      764.15,       -1.28,
      764.63,       -1.27,
      765.11,       -1.41,
      765.63,       -1.49,
      766.11,       -1.47,
      766.63,       -1.65,
      767.15,       -1.80,
      767.66,       -1.93,
      768.18,       -2.15,
      768.70,       -2.19,
      769.22,       -2.35,
      769.70,       -2.49,
      770.18,       -2.48,
      770.70,       -2.54,
      771.18,       -2.58,
      771.70,       -2.58,
      772.22,       -2.56,
      772.69,       -2.56,
      773.17,       -2.51,
      773.65,       -2.47,
      774.17,       -2.38,
      774.69,       -2.32,
      775.21,       -2.30,
      775.73,       -2.32,
      776.25,       -2.35,
      776.77,       -2.38,
      777.29,       -2.34,
      777.76,       -2.35,
      778.24,       -2.38,
      778.76,       -2.38,
      779.28,       -2.47,
      779.80,       -2.43,
      780.28,       -2.36,
      780.76,       -2.46,
      781.28,       -2.45,
      781.76,       -2.54,
      782.24,       -2.55,
      782.75,       -2.54,
      783.31,       -2.56,
      783.79,       -2.58,
      784.31,       -2.60,
      784.83,       -2.55,
      785.35,       -2.52,
      785.87,       -2.50,
      786.35,       -2.49,
      786.83,       -2.51,
      787.35,       -2.56,
      787.86,       -2.57,
      788.34,       -2.54,
      788.86,       -2.47,
      789.34,       -2.48,
      789.82,       -2.47,
      790.30,       -2.47,
      790.86,       -2.47,
      791.34,       -2.44,
      791.90,       -2.41,
      792.42,       -2.35,
      792.93,       -2.36,
      793.45,       -2.30,
      793.93,       -2.27,
      794.41,       -2.25,
      794.93,       -2.21,
      795.41,       -2.21,
      795.93,       -2.15,
      796.45,       -2.14,
      796.93,       -2.14,
      797.41,       -2.16,
      797.88,       -2.14,
      798.40,       -2.13,
      798.92,       -2.09,
      799.44,       -2.08,
      799.96,       -2.07,
      800.48,       -2.03,
      801.04,       -2.01,
      801.52,       -1.99,
      802.04,       -1.93,
      802.52,       -1.92,
      802.99,       -1.91,
      803.51,       -1.88,
      804.03,       -1.84,
      804.51,       -1.78,
      805.03,       -1.77,
      805.51,       -1.77,
      805.99,       -1.74,
      806.47,       -1.73,
      806.99,       -1.68,
      807.55,       -1.70,
      808.06,       -1.72,
      808.58,       -1.65,
      809.10,       -1.61,
      809.62,       -1.64,
      810.10,       -1.64,
      810.54,       -1.71,
      811.06,       -1.69,
      811.58,       -1.70,
      812.10,       -1.77,
      812.58,       -1.69,
      813.09,       -1.67,
      813.57,       -1.63,
      814.01,       -1.61,
      814.53,       -1.65,
      815.09,       -1.64,
      815.61,       -1.70,
      816.13,       -1.71,
      816.65,       -1.63,
      817.17,       -1.66,
      817.65,       -1.63,
      818.12,       -1.60,
      818.60,       -1.64,
      819.08,       -1.57,
      819.60,       -1.58,
      820.12,       -1.58,
      820.60,       -1.57,
      821.08,       -1.59,
      821.56,       -1.56,
      822.04,       -1.57,
      822.60,       -1.62,
      823.11,       -1.60,
      823.63,       -1.68,
      824.15,       -1.68,
      824.67,       -1.75,
      825.19,       -1.83,
      825.67,       -1.79,
      826.15,       -1.96,
      826.63,       -2.02,
      827.11,       -2.10,
      827.63,       -2.34,
      828.14,       -2.32,
      828.62,       -2.40,
      829.10,       -2.47,
      829.58,       -2.44,
      830.10,       -2.58,
      830.62,       -2.56,
      831.14,       -2.51,
      831.66,       -2.62,
      832.18,       -2.55,
      832.70,       -2.61,
      833.17,       -2.64,
      833.65,       -2.59,
      834.13,       -2.69,
      834.65,       -2.74,
      835.17,       -2.75,
      835.65,       -2.90,
      836.13,       -2.85,
      836.65,       -2.84,
      837.13,       -2.93,
      837.61,       -2.89,
      838.12,       -3.02,
      838.64,       -3.14,
      839.16,       -3.15,
      839.68,       -3.35,
      840.24,       -3.43,
      840.72,       -3.51,
      841.24,       -3.74,
      841.72,       -3.91,
      842.20,       -4.16,
      842.68,       -4.48,
      843.19,       -4.80,
      843.67,       -5.15,
      844.19,       -5.53,
      844.67,       -5.90,
      845.15,       -6.29,
      845.63,       -6.76,
      846.15,       -7.16,
      846.67,       -7.42,
      847.19,       -7.42,
      847.70,       -7.43,
      848.26,       -7.48,
      848.74,       -7.45,
      849.26,       -7.54,
      849.74,       -7.58,
      850.22,       -7.48,
      850.70,       -7.45,
      851.22,       -7.47,
      851.70,       -7.45,
      852.22,       -7.41,
      852.70,       -7.44,
      853.17,       -7.43,
      853.69,       -7.41,
      854.17,       -7.41,
      854.69,       -7.34,
      855.25,       -7.28,
      855.73,       -7.28,
      856.29,       -7.24,
      856.81,       -7.20,
      857.29,       -7.19,
      857.76,       -7.07,
      858.24,       -7.01,
      858.72,       -7.03,
      859.24,       -6.99,
      859.72,       -6.90,
      860.24,       -6.92,
      860.72,       -6.90,
      861.24,       -6.88,
      861.72,       -6.84,
      862.20,       -6.78,
      862.75,       -6.65,
      863.27,       -6.59,
      863.79,       -6.49,
      864.31,       -6.40,
      864.83,       -6.41,
      865.35,       -6.34,
      865.83,       -6.26,
      866.27,       -6.23,
      866.79,       -6.14,
      867.31,       -6.08,
      867.78,       -6.07,
      868.30,       -6.00,
      868.78,       -5.90,
      869.26,       -5.83,
      869.74,       -5.70,
      870.30,       -5.61,
      870.78,       -5.62,
      871.34,       -5.57,
      871.86,       -5.49,
      872.38,       -5.47,
      872.89,       -5.41,
      873.37,       -5.35,
      873.85,       -5.33,
      874.33,       -5.25,
      874.85,       -5.19,
      875.37,       -5.19,
      875.85,       -5.08,
      876.37,       -5.03,
      876.85,       -5.03,
      877.33,       -4.98,
      877.84,       -4.92,
      878.40,       -4.87,
      878.92,       -4.79,
      879.44,       -4.70,
      879.96,       -4.70,
      880.48,       -4.63,
      881.00,       -4.57,
      881.48,       -4.55,
      881.96,       -4.48,
      882.44,       -4.40,
      882.95,       -4.39,
      883.47,       -4.31,
      883.99,       -4.25,
      884.47,       -4.25,
      884.95,       -4.18,
      885.43,       -4.13,
      885.91,       -4.08,
      886.47,       -3.97,
      886.99,       -3.87,
      887.51,       -3.79,
      888.02,       -3.70,
      888.54,       -3.64,
      889.06,       -3.60,
      889.54,       -3.48,
      890.02,       -3.43,
      890.50,       -3.39,
      890.98,       -3.31,
      891.50,       -3.30,
      892.02,       -3.26,
      892.50,       -3.22,
      893.01,       -3.13,
      893.49,       -3.04,
      893.97,       -2.99,
      894.49,       -3.02,
      895.01,       -2.98,
      895.57,       -2.92,
      896.09,       -2.91,
      896.57,       -2.80,
      897.09,       -2.73,
      897.61,       -2.69,
      898.08,       -2.60,
      898.60,       -2.59,
      899.08,       -2.50,
      899.60,       -2.43,
      900.12,       -2.39,
      900.60,       -2.31,
      901.08,       -2.25,
      901.56,       -2.22,
      902.08,       -2.12,
      902.60,       -2.14,
      903.15,       -2.13,
      903.67,       -2.05,
      904.15,       -2.05,
      904.67,       -1.96,
      905.19,       -1.92,
      905.67,       -1.90,
      906.19,       -1.81,
      906.67,       -1.80,
      907.19,       -1.74,
      907.71,       -1.70,
      908.22,       -1.69,
      908.70,       -1.62,
      909.18,       -1.55,
      909.66,       -1.56,
      910.18,       -1.53,
      910.70,       -1.51,
      911.26,       -1.51,
      911.74,       -1.46,
      912.26,       -1.46,
      912.81,       -1.49,
      913.29,       -1.47,
      913.81,       -1.47,
      914.25,       -1.43,
      914.77,       -1.41,
      915.29,       -1.42,
      915.81,       -1.41,
      916.29,       -1.38,
      916.77,       -1.33,
      917.29,       -1.31,
      917.76,       -1.29,
      918.28,       -1.20,
      918.80,       -1.18,
      919.28,       -1.15,
      919.84,       -1.09,
      920.36,       -1.03,
      920.88,       -0.98,
      921.36,       -0.96,
      921.84,       -0.94,
      922.32,       -0.90,
      922.79,       -0.81,
      923.31,       -0.81,
      923.83,       -0.81,
      924.31,       -0.81,
      924.83,       -0.84,
      925.31,       -0.81,
      925.83,       -0.78,
      926.31,       -0.79,
      926.83,       -0.74,
      927.35,       -0.69,
      927.86,       -0.76,
      928.42,       -0.75,
      928.90,       -0.74,
      929.38,       -0.73,
      929.86,       -0.73,
      930.38,       -0.75,
      930.86,       -0.80,
      931.38,       -0.79,
      931.90,       -0.80,
      932.38,       -0.76,
      932.85,       -0.69,
      933.37,       -0.65,
      933.85,       -0.61,
      934.33,       -0.59,
      934.89,       -0.59,
      935.41,       -0.55,
      935.93,       -0.46,
      936.45,       -0.41,
      936.97,       -0.41,
      937.45,       -0.37,
      937.92,       -0.35,
      938.44,       -0.34,
      938.92,       -0.30,
      939.44,       -0.24,
      939.96,       -0.23,
      940.44,       -0.21,
      940.92,       -0.17,
      941.40,       -0.12,
      941.92,       -0.05,
      942.44,       -0.01,
      942.95,        0.07,
      943.47,        0.02,
      943.99,        0.05,
      944.51,        0.08,
      945.03,        0.11,
      945.51,        0.09,
      945.99,        0.13,
      946.51,        0.18,
      947.03,        0.18,
      947.55,        0.17,
      948.02,        0.18,
      948.54,        0.20,
      948.98,        0.24,
      949.46,        0.25,
      949.98,        0.25,
      950.50,        0.25,
      951.02,        0.26,
      951.54,        0.25,
      952.10,        0.14,
      952.62,        0.07,
      953.09,        0.00,
      953.61,       -0.24,
      954.09,       -0.31,
      954.61,       -0.37,
      955.09,       -0.42,
      955.61,       -0.42,
      956.13,       -0.43,
      956.61,       -0.39,
      957.09,       -0.39,
      957.57,       -0.40,
      958.08,       -0.38,
      958.60,       -0.38,
      959.12,       -0.37,
      959.68,       -0.39,
      960.20,       -0.36,
      960.72,       -0.35,
      961.24,       -0.35,
      961.72,       -0.33,
      962.20,       -0.33,
      962.72,       -0.28,
      963.23,       -0.28,
      963.75,       -0.23,
      964.23,       -0.23,
      964.71,       -0.22,
      965.23,       -0.20,
      965.71,       -0.20,
      966.23,       -0.33,
      966.75,       -0.59,
      967.27,       -0.89,
      967.78,       -1.07,
      968.30,       -1.10,
      968.86,       -1.12,
      969.38,       -1.12,
      969.90,       -1.13,
      970.38,       -1.13,
      970.90,       -1.13,
      971.42,       -1.20,
      971.90,       -1.25,
      972.38,       -1.24,
      972.89,       -1.25,
      973.37,       -1.25,
      973.89,       -1.24,
      974.41,       -1.25,
      974.93,       -1.24,
      975.45,       -1.25,
      975.97,       -1.23,
      976.49,       -1.21,
      977.01,       -1.22,
      977.53,       -1.22,
      978.04,       -1.22,
      978.56,       -1.17,
      979.08,       -1.17,
      979.56,       -1.16,
      980.08,       -1.16,
      980.56,       -1.08,
      981.08,       -1.15,
      981.56,       -1.18,
      982.08,       -1.16,
      982.60,       -1.16,
      983.11,       -1.16,
      983.63,       -1.18,
      984.15,       -1.21,
      984.67,       -1.22,
      985.23,       -1.25,
      985.71,       -1.29,
      986.23,       -1.34,
      986.75,       -1.42,
      987.23,       -1.48,
      987.75,       -1.75,
      988.22,       -2.12,
      988.74,       -2.57,
      989.26,       -3.04,
      989.74,       -3.52,
      990.26,       -4.00,
      990.78,       -4.48,
      991.30,       -4.90,
      991.82,       -5.05,
      992.34,       -5.05,
      992.85,       -5.09,
      993.37,       -5.09,
      993.89,       -5.19,
      994.41,       -5.22,
      994.89,       -5.24,
      995.41,       -5.29,
      995.89,       -5.35,
      996.41,       -5.38,
      996.93,       -5.44,
      997.41,       -5.51,
      997.88,       -5.52,
      998.40,       -5.59,
      998.92,       -5.62,
      999.44,       -5.64,
     1000.00,       -5.64,
     1000.52,       -5.66,
     1001.04,       -5.64,
     1001.56,       -5.64,
     1002.08,       -5.66,
     1002.56,       -5.63,
     1003.03,       -5.57,
     1003.55,       -5.57,
     1004.07,       -5.57,
     1004.55,       -5.57,
     1005.07,       -5.52,
     1005.55,       -5.47,
     1006.07,       -5.47,
     1006.59,       -5.48,
     1007.11,       -5.41,
     1007.63,       -5.38,
     1008.14,       -5.34,
     1008.66,       -5.26,
     1009.18,       -5.22,
     1009.70,       -5.20,
     1010.18,       -5.15,
     1010.70,       -5.13,
     1011.22,       -5.11,
     1011.70,       -5.05,
     1012.22,       -5.06,
     1012.70,       -5.05,
     1013.21,       -5.05,
     1013.69,       -5.05,
     1014.21,       -5.04,
     1014.73,       -5.01,
     1015.25,       -4.99,
     1015.77,       -4.94,
     1016.29,       -4.92,
     1016.85,       -4.87,
     1017.37,       -4.85,
     1017.84,       -4.81,
     1018.36,       -4.79,
     1018.84,       -4.74,
     1019.36,       -4.70,
     1019.88,       -4.66,
     1020.36,       -4.64,
     1020.88,       -4.61,
     1021.36,       -4.55,
     1021.84,       -4.54,
     1022.36,       -4.56,
     1022.87,       -4.55,
     1023.43,       -4.50,
     1023.95,       -4.44,
     1024.47,       -4.39,
     1024.99,       -4.35,
     1025.47,       -4.34,
     1025.99,       -4.30,
     1026.51,       -4.20,
     1027.03,       -4.17,
     1027.55,       -4.10,
     1028.02,       -4.04,
     1028.54,       -4.00,
     1029.02,       -3.96,
     1029.50,       -3.92,
     1030.02,       -3.91,
     1030.54,       -3.86,
     1031.06,       -3.77,
     1031.58,       -3.77,
     1032.10,       -3.77,
     1032.62,       -3.71,
     1033.13,       -3.69,
     1033.65,       -3.67,
     1034.17,       -3.64,
     1034.65,       -3.64,
     1035.17,       -3.59,
     1035.69,       -3.52,
     1036.17,       -3.51,
     1036.69,       -3.51,
     1037.17,       -3.47,
     1037.69,       -3.43,
     1038.20,       -3.36,
     1038.68,       -3.32,
     1039.24,       -3.33,
     1039.76,       -3.28,
     1040.28,       -3.21,
     1040.80,       -3.17,
     1041.32,       -3.12,
     1041.80,       -3.09,
     1042.32,       -3.06,
     1042.83,       -2.99,
     1043.35,       -2.96,
     1043.83,       -2.89,
     1044.35,       -2.81,
     1044.83,       -2.79,
     1045.35,       -2.78,
     1045.83,       -2.75,
     1046.35,       -2.73,
     1046.87,       -2.66,
     1047.39,       -2.62,
     1047.90,       -2.60,
     1048.42,       -2.52,
     1048.94,       -2.49,
     1049.46,       -2.49,
     1049.98,       -2.44,
     1050.50,       -2.47,
     1050.98,       -2.53,
     1051.50,       -2.53,
     1052.02,       -2.58,
     1052.50,       -2.60,
     1053.01,       -2.58,
     1053.49,       -2.59,
     1054.01,       -2.59,
     1054.49,       -2.59,
     1055.05,       -2.56,
     1055.53,       -2.51,
     1056.05,       -2.47,
     1056.61,       -2.43,
     1057.13,       -2.41,
     1057.65,       -2.38,
     1058.12,       -2.35,
     1058.64,       -2.30,
     1059.16,       -2.25,
     1059.64,       -2.22,
     1060.16,       -2.21,
     1060.68,       -2.16,
     1061.16,       -2.14,
     1061.68,       -2.12,
     1062.16,       -2.06,
     1062.68,       -2.01,
     1063.19,       -1.96,
     1063.71,       -1.96,
     1064.23,       -1.95,
     1064.75,       -1.94,
     1065.27,       -1.93,
     1065.79,       -1.94,
     1066.31,       -1.91,
     1066.83,       -1.90,
     1067.31,       -1.90,
     1067.82,       -1.95,
     1068.34,       -1.98,
     1068.82,       -2.02,
     1069.34,       -2.10,
     1069.82,       -2.13,
     1070.34,       -2.22,
     1070.86,       -2.32,
     1071.38,       -2.33,
     1071.90,       -2.44,
     1072.42,       -2.50,
     1072.93,       -2.56,
     1073.45,       -2.74,
     1073.97,       -2.94,
     1074.49,       -3.19,
     1074.97,       -3.52,
     1075.49,       -3.81,
     1076.01,       -4.13,
     1076.49,       -4.57,
     1077.01,       -4.95,
     1077.49,       -5.31,
     1078.00,       -5.67,
     1078.48,       -6.01,
     1079.00,       -6.27,
     1079.56,       -6.51,
     1080.08,       -6.63,
     1080.60,       -6.64,
     1081.12,       -6.65,
     1081.64,       -6.67,
     1082.12,       -6.69,
     1082.64,       -6.70,
     1083.15,       -6.73,
     1083.63,       -6.75,
     1084.15,       -6.72,
     1084.67,       -6.69,
     1085.15,       -6.70,
     1085.67,       -6.71,
     1086.15,       -6.71,
     1086.67,       -6.74,
     1087.19,       -6.75,
     1087.71,       -6.77,
     1088.22,       -6.78,
     1088.78,       -6.74,
     1089.30,       -6.72,
     1089.78,       -6.73,
     1090.30,       -6.71,
     1090.82,       -6.65,
     1091.34,       -6.60,
     1091.86,       -6.51,
     1092.34,       -6.40,
     1092.81,       -6.36,
     1093.33,       -6.32,
     1093.81,       -6.27,
     1094.33,       -6.39,
     1094.85,       -6.37,
     1095.37,       -6.31,
     1095.89,       -6.28,
     1096.41,       -6.23,
     1096.97,       -6.20,
     1097.45,       -6.14,
     1097.96,       -6.04,
     1098.44,       -5.97,
     1098.96,       -5.96,
     1099.48,       -5.96,
     1100.00,       -5.93,
     1100.48,       -5.93,
     1101.00,       -5.92,
     1101.48,       -5.91,
     1101.96,       -5.92,
     1102.48,       -5.88,
     1102.99,       -5.85,
     1103.51,       -5.85,
     1104.03,       -5.79,
     1104.59,       -5.76,
     1105.11,       -5.78,
     1105.63,       -5.68,
     1106.11,       -5.70,
     1106.63,       -5.70,
     1107.15,       -5.61,
     1107.63,       -5.57,
     1108.14,       -5.55,
     1108.66,       -5.47,
     1109.10,       -5.49,
     1109.62,       -5.46,
     1110.14,       -5.41,
     1110.66,       -5.42,
     1111.18,       -5.40,
     1111.70,       -5.32,
     1112.22,       -5.31,
     1112.74,       -5.22,
     1113.25,       -5.14,
     1113.77,       -5.18,
     1114.29,       -5.09,
     1114.81,       -5.04,
     1115.29,       -5.12,
     1115.81,       -5.04,
     1116.29,       -5.00,
     1116.77,       -5.07,
     1117.29,       -4.98,
     1117.77,       -4.96,
     1118.28,       -5.02,
     1118.80,       -4.92,
     1119.32,       -4.92,
     1119.84,       -4.92,
     1120.40,       -4.87,
     1120.92,       -4.91,
     1121.44,       -4.89,
     1121.96,       -4.82,
     1122.44,       -4.81,
     1122.95,       -4.79,
     1123.43,       -4.73,
     1123.95,       -4.79,
     1124.43,       -4.78,
     1124.91,       -4.74,
     1125.39,       -4.73,
     1125.91,       -4.72,
     1126.43,       -4.67,
     1126.95,       -4.66,
     1127.47,       -4.67,
     1128.02,       -4.67,
     1128.54,       -4.66,
     1129.06,       -4.68,
     1129.58,       -4.68,
     1130.06,       -4.69,
     1130.58,       -4.65,
     1131.06,       -4.62,
     1131.58,       -4.63,
     1132.06,       -4.57,
     1132.54,       -4.55,
     1133.05,       -4.57,
     1133.53,       -4.50,
     1134.05,       -4.52,
     1134.57,       -4.45,
     1135.09,       -4.38,
     1135.61,       -4.36,
     1136.13,       -4.34,
     1136.69,       -4.26,
     1137.21,       -4.26,
     1137.69,       -4.23,
     1138.20,       -4.17,
     1138.68,       -4.20,
     1139.20,       -4.16,
     1139.68,       -4.10,
     1140.20,       -4.09,
     1140.68,       -4.04,
     1141.16,       -4.00,
     1141.64,       -4.04,
     1142.20,       -4.03,
     1142.72,       -4.00,
     1143.23,       -4.06,
     1143.75,       -4.04,
     1144.27,       -4.07,
     1144.79,       -4.14,
     1145.31,       -4.14,
     1145.83,       -4.18,
     1146.31,       -4.29,
     1146.79,       -4.34,
     1147.31,       -4.48,
     1147.79,       -4.52,
     1148.30,       -4.48,
     1148.78,       -4.59,
     1149.26,       -4.59,
     1149.78,       -4.53,
     1150.30,       -4.67,
     1150.82,       -4.63,
     1151.34,       -4.61,
     1151.90,       -4.78,
     1152.42,       -4.77,
     1152.93,       -4.87,
     1153.45,       -5.07,
     1153.93,       -5.13,
     1154.41,       -5.21,
     1154.93,       -5.21,
     1155.41,       -5.12,
     1155.93,       -5.09,
     1156.45,       -5.11,
     1156.93,       -5.05,
     1157.41,       -5.04,
     1157.92,       -5.01,
     1158.44,       -4.93,
     1158.96,       -4.88,
     1159.48,       -4.86,
     1160.04,       -4.82,
     1160.56,       -4.77,
     1161.08,       -4.68,
     1161.60,       -4.61,
     1162.08,       -4.57,
     1162.60,       -4.52,
     1163.07,       -4.44,
     1163.59,       -4.36,
     1164.07,       -4.26,
     1164.59,       -4.18,
     1165.07,       -4.14,
     1165.55,       -4.09,
     1166.07,       -4.01,
     1166.59,       -3.96,
     1167.11,       -3.86,
     1167.67,       -3.78,
     1168.18,       -3.71,
     1168.70,       -3.62,
     1169.22,       -3.55,
     1169.70,       -3.52,
     1170.18,       -3.42,
     1170.70,       -3.31,
     1171.22,       -3.26,
     1171.70,       -3.20,
     1172.22,       -3.10,
     1172.70,       -3.01,
     1173.17,       -2.95,
     1173.69,       -2.89,
     1174.21,       -2.81,
     1174.73,       -2.74,
     1175.25,       -2.67,
     1175.77,       -2.60,
     1176.33,       -2.51,
     1176.85,       -2.43,
     1177.33,       -2.36,
     1177.84,       -2.32,
     1178.32,       -2.25,
     1178.84,       -2.16,
     1179.36,       -2.13,
     1179.84,       -2.11,
     1180.36,       -2.03,
     1180.84,       -2.01,
     1181.32,       -1.95,
     1181.80,       -1.92,
     1182.32,       -1.87,
     1182.84,       -1.81,
     1183.35,       -1.78,
     1183.83,       -1.73,
     1184.35,       -1.67,
     1184.83,       -1.64,
     1185.35,       -1.59,
     1185.83,       -1.54,
     1186.31,       -1.50,
     1186.79,       -1.46,
     1187.23,       -1.44,
     1187.71,       -1.40,
     1188.14,       -1.42,
     1188.58,       -1.57,
     1189.02,       -1.84,
     1189.46,       -2.14,
     1189.94,       -2.51,
     1190.42,       -2.94,
     1190.86,       -3.36,
     1191.34,       -3.72,
     1191.74,       -4.07,
     1192.22,       -4.36,
     1192.66,       -4.70,
     1193.09,       -5.05,
     1193.49,       -5.35,
     1193.93,       -5.61,
     1194.37,       -5.83,
     1194.77,       -6.09,
     1195.21,       -6.42,
     1195.61,       -6.73,
     1196.01,       -6.90,
     1196.41,       -7.15,
     1196.77,       -7.19,
     1197.17,       -7.23,
     1197.57,       -7.23,
     1197.96,       -7.22,
     1198.40,       -7.16,
     1198.80,       -7.10,
     1199.20,       -7.01,
     1199.60,       -6.93,
     1200.00,       -6.84,
     1200.40,       -6.88,
     1200.76,       -6.92,
     1201.12,       -6.94,
     1201.48,       -6.97,
     1201.88,       -7.00,
     1202.24,       -7.02,
     1202.60,       -7.05,
     1202.95,       -7.06,
     1203.27,       -7.12,
     1203.59,       -7.18,
     1203.91,       -7.21,
     1204.27,       -7.22,
     1204.59,       -7.22,
     1204.91,       -7.26,
     1205.23,       -7.29,
     1205.55,       -7.32,
     1205.91,       -7.34,
     1206.23,       -7.37,
     1206.55,       -7.35,
     1206.87,       -7.35,
     1207.23,       -7.34,
     1207.51,       -7.32,
     1207.83,       -7.34,
     1208.14,       -7.32,
     1208.42,       -7.33,
     1208.70,       -7.36,
     1208.98,       -7.38,
     1209.26,       -7.40,
     1209.54,       -7.41,
     1209.82,       -7.42,
     1210.10,       -7.42,
     1210.38,       -7.41,
     1210.62,       -7.40,
     1210.86,       -7.40,
     1211.14,       -7.39,
     1211.38,       -7.37,
     1211.62,       -7.36,
     1211.86,       -7.35,
     1212.10,       -7.35,
     1212.34,       -7.35,
     1212.58,       -7.35,
     1212.82,       -7.34,
     1213.01,       -7.32,
     1213.25,       -7.28,
     1213.49,       -7.26,
     1213.73,       -7.26,
     1213.97,       -7.23,
     1214.13,       -7.21,
     1214.33,       -7.20,
     1214.49,       -7.17,
     1214.61,       -7.18,
     1214.77,       -7.19,
     1214.85,       -7.18,
     1214.97,       -7.15,
     1215.05,       -7.15,
     1215.13,       -7.14,
     1215.17,       -7.14,
     1215.21,       -7.15,
     1215.25,       -7.13,