       -0.00,       -1.38,
        0.04,       -1.38,
        0.08,       -1.38,
        0.16,       -1.35,
        0.20,       -1.36,
        0.28,       -1.32,
        0.32,       -1.31,
        0.40,       -1.29,
        0.48,       -1.25,
        0.60,       -1.24,
        0.68,       -1.25,
        0.76,       -1.22,
        0.88,       -1.16,
        0.96,       -1.17,
        1.08,       -1.18,
        1.20,       -1.16,
        1.32,       -1.09,
        1.44,       -1.07,
        1.56,       -1.06,
        1.68,       -1.03,
        1.84,       -1.05,
        1.96,       -0.99,
        2.08,       -0.97,
        2.24,       -0.95,
        2.35,       -0.91,
        2.51,       -0.93,
        2.63,       -0.85,
        2.79,       -0.85,
        2.95,       -0.88,
        3.11,       -0.80,
        3.27,       -0.86,
        3.43,       -0.81,
        3.63,       -0.80,
        3.79,       -0.84,
        3.95,       -0.79,
        4.11,       -0.82,
        4.27,       -0.80,
        4.47,       -0.80,
        4.63,       -0.77,
        4.79,       -0.77,
        4.99,       -0.72,
        5.15,       -0.70,
        5.35,       -0.66,
        5.51,       -0.68,
        5.75,       -0.68,
        5.95,       -0.68,
        6.19,       -0.68,
        6.39,       -0.65,
        6.63,       -0.67,
        6.87,       -0.64,
        7.11,       -0.66,
        7.34,       -0.65,
        7.58,       -0.64,
        7.82,       -0.65,
        8.06,       -0.63,
        8.30,       -0.63,
        8.54,       -0.62,
        8.78,       -0.63,
        9.06,       -0.60,
        9.30,       -0.57,
        9.54,       -0.58,
        9.82,       -0.61,
       10.06,       -0.63,
       10.34,       -0.63,
       10.62,       -0.63,
       10.90,       -0.62,
       11.22,       -0.59,
       11.50,       -0.59,
       11.82,       -0.58,
       12.10,       -0.59,
       12.37,       -0.56,
       12.69,       -0.53,
       12.97,       -0.50,
       13.25,       -0.48,
       13.53,       -0.47,
       13.81,       -0.47,
       14.13,       -0.45,
       14.41,       -0.42,
       14.73,       -0.42,
       15.05,       -0.42,
       15.33,       -0.44,
       15.65,       -0.46,
       15.97,       -0.48,
       16.25,       -0.49,
       16.57,       -0.47,
       16.89,       -0.39,
       17.17,       -0.37,
       17.48,       -0.37,
       17.76,       -0.41,
       18.08,       -0.37,
       18.40,       -0.37,
       18.72,       -0.36,
       19.08,       -0.31,
       19.44,       -0.31,
       19.76,       -0.25,
       20.12,       -0.27,
       20.48,       -0.31,
       20.80,       -0.32,
       21.12,       -0.31,
       21.48,       -0.32,
       21.80,       -0.31,
       22.16,       -0.29,
       22.47,       -0.24,
       22.83,       -0.23,
       23.19,       -0.22,
       23.51,       -0.21,
       23.87,       -0.19,
       24.23,       -0.14,
       24.59,       -0.11,
       24.95,       -0.11,
       25.27,       -0.11,
       25.63,       -0.11,
       25.99,       -0.11,
       26.31,       -0.07,
       26.71,       -0.04,
       27.07,       -0.05,
       27.46,       -0.03,
       27.82,       -0.02,
       28.18,        0.00,
       28.58,        0.02,
       28.94,        0.05,
       29.30,        0.07,
       29.66,        0.10,
       30.06,        0.09,
       30.42,        0.11,
       30.78,        0.12,
       31.18,        0.14,
       31.54,        0.17,
       31.94,        0.19,
       32.29,        0.17,
       32.65,        0.16,
       33.01,        0.17,
       33.37,        0.17,
       33.73,        0.19,
       34.13,        0.20,
       34.49,        0.20,
       34.89,        0.23,
       35.25,        0.25,
       35.69,        0.27,
       36.09,        0.28,
       36.49,        0.28,
       36.85,        0.25,
       37.25,        0.25,
       37.64,        0.26,
       38.04,        0.25,
       38.40,        0.24,
       38.80,        0.22,
       39.20,        0.27,
       39.56,        0.27,
       39.96,        0.23,
       40.36,        0.20,
       40.76,        0.23,
       41.12,        0.24,
       41.52,        0.20,
       41.92,        0.21,
       42.28,        0.24,
       42.67,        0.26,
       43.07,        0.28,
       43.51,        0.29,
       43.95,        0.33,
       44.35,        0.39,
       44.75,        0.42,
       45.15,        0.46,
       45.55,        0.48,
       45.95,        0.50,
       46.35,        0.56,
       46.75,        0.59,
       47.19,        0.63,
       47.58,        0.63,
       47.98,        0.68,
       48.38,        0.71,
       48.78,        0.74,
       49.18,        0.79,
       49.58,        0.79,
       49.98,        0.86,
       50.38,        0.90,
       50.78,        0.90,
       51.18,        0.98,
       51.62,        0.98,
       52.06,        1.01,
       52.49,        1.05,
       52.89,        1.08,
       53.33,        1.14,
       53.73,        1.15,
       54.13,        1.14,
       54.53,        1.19,
       54.97,        1.24,
       55.37,        1.29,
       55.81,        1.31,
       56.21,        1.31,
       56.61,        1.34,
       57.01,        1.37,
       57.40,        1.42,
       57.84,        1.42,
       58.24,        1.44,
       58.64,        1.46,
       59.08,        1.50,
       59.52,        1.53,
       60.00,        1.54,
       60.44,        1.60,
       60.88,        1.64,
       61.32,        1.68,
       61.72,        1.68,
       62.16,        1.68,
       62.55,        1.69,
       62.99,        1.71,
       63.43,        1.69,
       63.87,        1.71,
       64.31,        1.71,
       64.71,        1.70,
       65.15,        1.68,
       65.55,        1.68,
       65.99,        1.68,
       66.43,        1.68,
       66.87,        1.67,
       67.30,        1.63,
       67.78,        1.61,
       68.26,        1.59,
       68.70,        1.59,
       69.14,        1.58,
       69.58,        1.55,
       69.98,        1.47,
       70.42,        1.46,
       70.86,        1.46,
       71.34,        1.46,
       71.78,        1.46,
       72.22,        1.46,
       72.65,        1.46,
       73.09,        1.46,
       73.53,        1.47,
       73.97,        1.50,
       74.41,        1.51,
       74.85,        1.53,
       75.33,        1.53,
       75.81,        1.55,
       76.29,        1.56,
       76.73,        1.57,
       77.17,        1.68,
       77.64,        1.66,
       78.08,        1.69,
       78.52,        1.71,
       78.96,        1.66,
       79.44,        1.70,
       79.88,        1.67,
       80.36,        1.66,
       80.80,        1.68,
       81.20,        1.67,
       81.64,        1.64,
       82.12,        1.57,
       82.55,        1.44,
       83.03,        1.25,
       83.51,        0.94,
       83.95,        0.59,
       84.47,        0.22,
       84.91,       -0.15,
       85.39,       -0.46,
       85.83,       -0.81,
       86.27,       -1.13,
       86.75,       -1.42,
       87.19,       -1.74,
       87.66,       -2.01,
       88.10,       -2.25,
       88.58,       -2.40,
       89.02,       -2.44,
       89.46,       -2.48,
       89.90,       -2.51,
       90.34,       -2.47,
       90.82,       -2.45,
       91.30,       -2.41,
       91.82,       -2.34,
       92.30,       -2.34,
       92.77,       -2.35,
       93.25,       -2.30,
       93.69,       -2.29,
       94.13,       -2.31,
       94.61,       -2.30,
       95.09,       -2.33,
       95.57,       -2.32,
       96.01,       -2.31,
       96.49,       -2.31,
       96.93,       -2.28,
       97.36,       -2.68,
       97.80,       -2.34,
       98.24,       -2.32,
       98.72,       -2.31,
       99.20,       -2.29,
       99.72,       -2.26,
      100.20,       -2.28,
      100.68,       -2.28,
      101.16,       -2.27,
      101.60,       -2.28,
      102.04,       -2.25,
      102.51,       -2.24,
      102.99,       -2.25,
      103.47,       -2.27,
      103.95,       -2.29,
      104.39,       -2.28,
      104.83,       -2.26,
      105.27,       -2.25,
      105.75,       -2.25,
      106.23,       -2.25,
      106.71,       -2.25,
      107.23,       -2.25,
      107.74,       -2.25,
      108.22,       -2.29,
      108.70,       -2.26,
      109.18,       -2.24,
      109.66,       -2.25,
      110.10,       -2.23,
      110.58,       -2.25,
      111.06,       -2.26,
      111.50,       -2.27,
      111.98,       -2.27,
      112.45,       -2.26,
      112.93,       -2.21,
      113.37,       -2.19,
      113.85,       -2.17,
      114.29,       -2.20,
      114.81,       -2.19,
      115.29,       -2.20,
      115.81,       -2.21,
      116.29,       -2.25,
      116.81,       -2.22,
      117.29,       -2.17,
      117.72,       -2.16,
      118.20,       -2.17,
      118.64,       -2.20,
      119.12,       -2.17,
      119.64,       -2.17,
      120.12,       -2.20,
      120.60,       -2.21,
      121.04,       -2.20,
      121.52,       -2.20,
      121.96,       -2.20,
      122.43,       -2.20,
      122.95,       -2.19,
      123.47,       -2.15,
      123.95,       -2.13,
      124.47,       -2.13,
      124.99,       -2.14,
      125.47,       -2.14,
      125.91,       -2.13,
      126.39,       -2.10,
      126.87,       -2.10,
      127.38,       -2.10,
      127.90,       -2.09,
      128.38,       -2.08,
      128.86,       -2.08,
      129.30,       -2.10,
      129.78,       -2.05,
      130.26,       -2.03,
      130.74,       -2.01,
      131.26,       -1.99,
      131.82,       -1.98,
      132.30,       -1.99,
      132.77,       -1.96,
      133.29,       -1.94,
      133.73,       -1.94,
      134.21,       -1.91,
      134.69,       -1.88,
      135.17,       -1.89,
      135.69,       -1.89,
      136.17,       -1.85,
      136.65,       -1.82,
      137.13,       -1.81,
      137.56,       -1.81,
      138.04,       -1.80,
      138.52,       -1.77,
      139.04,       -1.74,
      139.56,       -1.70,
      140.04,       -1.66,
      140.56,       -1.66,
      141.08,       -1.63,
      141.56,       -1.60,
      142.04,       -1.59,
      142.47,       -1.57,
      142.95,       -1.52,
      143.47,       -1.45,
      143.95,       -1.44,
      144.47,       -1.44,
      144.91,       -1.42,
      145.39,       -1.42,
      145.87,       -1.42,
      146.35,       -1.38,
      146.83,       -1.36,
      147.31,       -1.33,
      147.82,       -1.33,
      148.34,       -1.30,
      148.86,       -1.25,
      149.34,       -1.24,
      149.82,       -1.24,
      150.30,       -1.21,
      150.78,       -1.17,
      151.34,       -1.14,
      151.82,       -1.13,
      152.34,       -1.12,
      152.81,       -1.10,
      153.25,       -1.10,
      153.73,       -1.09,
      154.21,       -1.05,
      154.69,       -1.05,
      155.17,       -1.04,
      155.69,       -1.00,
      156.21,       -1.01,
      156.73,       -1.04,
      157.21,       -1.05,
      157.68,       -1.01,
      158.16,       -0.97,
      158.64,       -0.94,
      159.16,       -0.91,
      159.64,       -0.88,
      160.16,       -0.83,
      160.64,       -0.78,
      161.12,       -0.78,
      161.60,       -0.77,
      162.04,       -0.75,
      162.51,       -0.04,
      163.03,       -0.65,
      163.55,       -0.61,
      164.07,       -0.55,
      164.55,       -0.53,
      165.07,       -0.55,
      165.55,       -0.56,
      166.03,       -0.55,
      166.51,       -0.54,
      166.99,       -0.50,
      167.50,       -0.49,
      167.98,       -0.49,
      168.50,       -0.47,
      168.98,       -0.44,
      169.42,       -0.40,
      169.90,       -0.36,
      170.38,       -0.34,
      170.90,       -0.33,
      171.42,       -0.34,
      171.94,       -0.34,
      172.45,       -0.33,
      172.97,       -0.34,
      173.49,       -0.33,
      173.97,       -0.35,
      174.45,       -0.32,
      174.93,       -0.31,
      175.45,       -0.33,
      175.93,       -0.35,
      176.45,       -0.36,
      176.89,       -0.37,
      177.36,       -0.38,
      177.84,       -0.38,
      178.32,       -0.35,
      178.84,       -0.31,
      179.36,       -0.28,
      179.88,       -0.25,
      180.40,       -0.20,
      180.92,       -0.15,
      181.44,       -0.09,
      181.92,       -0.06,
      182.39,       -0.02,
      182.91,        0.01,
      183.43,        0.02,
      183.95,        0.06,
      184.39,        0.07,
      184.87,        0.08,
      185.35,        0.15,
      185.87,        0.17,
      186.35,        0.18,
      186.83,        0.21,
      187.38,        0.24,
      187.90,        0.27,
      188.42,        0.27,
      188.94,        0.30,
      189.46,        0.33,
      189.94,        0.36,
      190.42,        0.36,
      190.98,        0.37,
      191.50,        0.37,
      191.94,        0.41,
      192.45,        0.37,
      192.93,        0.38,
      193.41,        0.38,
      193.89,        0.36,
      194.37,        0.34,
      194.89,        0.33,
      195.41,        0.32,
      195.97,        0.29,
      196.49,        0.28,
      197.01,        0.20,
      197.48,        0.15,
      197.96,        0.11,
      198.48,        0.07,
      198.96,        0.05,
      199.44,        0.03,
      199.96,       -0.01,
      200.44,       -0.03,
      200.92,       -0.07,
      201.40,       -0.12,
      201.88,       -0.16,
      202.39,       -0.21,
      202.87,       -0.24,
      203.39,       -0.27,
      203.95,       -0.34,
      204.51,       -0.39,
      204.99,       -0.43,
      205.51,       -0.50,
      205.99,       -0.54,
      206.47,       -0.57,
      206.95,       -0.67,
      207.46,       -0.76,
      207.98,       -0.88,
      208.46,       -0.98,
      208.94,       -1.04,
      209.42,       -1.12,
      209.94,       -1.17,
      210.42,       -1.25,
      210.94,       -1.31,
      211.46,       -1.35,
      211.98,       -1.34,
      212.49,       -1.36,
      213.01,       -1.36,
      213.49,       -1.37,
      213.97,       -1.37,
      214.45,       -1.36,
      214.93,       -1.35,
      215.45,       -1.37,
      215.97,       -1.36,
      216.45,       -1.37,
      216.93,       -1.36,
      217.44,       -1.33,
      217.92,       -1.29,
      218.40,       -1.26,
      218.92,       -1.27,
      219.44,       -1.25,
      219.96,       -1.22,
      220.48,       -1.18,
      221.00,       -1.11,
      221.52,       -1.03,
      221.96,       -0.98,
      222.47,       -0.97,
      222.95,       -0.95,
      223.47,       -0.93,
      223.99,       -0.92,
      224.47,       -0.92,
      224.99,       -0.89,
      225.47,       -0.88,
      225.95,       -0.87,
      226.43,       -0.90,
      226.95,       -0.90,
      227.46,       -0.90,
      227.98,       -0.90,
      228.50,       -0.86,
      229.06,       -0.86,
      229.54,       -0.88,
      230.02,       -0.87,
      230.50,       -0.76,
      230.98,       -0.85,
      231.50,       -0.85,
      232.02,       -0.83,
      232.53,       -0.81,
      233.01,       -0.79,
      233.49,       -0.78,
      233.97,       -0.75,
      234.45,       -0.73,
      235.01,       -0.75,
      235.53,       -0.76,
      236.05,       -0.77,
      236.53,       -0.76,
      237.05,       -0.76,
      237.56,       -0.75,
      238.04,       -0.68,
      238.56,       -0.70,
      239.08,       -0.73,
      239.56,       -0.74,
      240.08,       -0.73,
      240.60,       -0.73,
      241.08,       -0.74,
      241.56,       -0.73,
      242.04,       -0.73,
      242.51,       -0.69,
      243.07,       -0.65,
      243.59,       -0.64,
      244.07,       -0.66,
      244.63,       -0.67,
      245.15,       -0.65,
      245.63,       -0.66,
      246.15,       -0.65,
      246.63,       -0.63,
      247.15,       -0.57,
      247.62,       -0.59,
      248.14,       -0.57,
      248.66,       -0.56,
      249.14,       -0.55,
      249.62,       -0.55,
      250.10,       -0.55,
      250.62,       -0.54,
      251.14,       -0.51,
      251.66,       -0.50,
      252.18,       -0.48,
      252.69,       -0.47,
      253.21,       -0.46,
      253.73,       -0.44,
      254.21,       -0.44,
      254.69,       -0.43,
      255.21,       -0.39,
      255.73,       -0.37,
      256.25,       -0.39,
      256.73,       -0.36,
      257.21,       -0.40,
      257.68,       -0.42,
      258.20,       -0.42,
      258.72,       -0.41,
      259.20,       -0.39,
      259.76,       -0.37,
      260.28,       -0.33,
      260.80,       -0.33,
      261.32,       -0.33,
      261.84,       -0.33,
      262.32,       -0.36,
      262.79,       -0.37,
      263.31,       -0.37,
      263.83,       -0.38,
      264.35,       -0.39,
      264.83,       -0.43,
      265.35,       -0.43,
      265.83,       -0.44,
      266.31,       -0.41,
      266.83,       -0.38,
      267.35,       -0.38,
      267.90,       -0.37,
      268.42,       -0.38,
      268.94,       -0.38,
      269.46,       -0.38,
      269.98,       -0.36,
      270.46,       -0.33,
      270.94,       -0.32,
      271.46,       -0.32,
      271.98,       -0.31,
      272.49,       -0.30,
      272.97,       -0.31,
      273.49,       -0.28,
      273.97,       -0.27,
      274.41,       -0.27,
      274.97,       -0.26,
      275.49,       -0.25,
      276.01,       -0.24,
      276.53,       -0.20,
      277.09,       -0.17,
      277.56,       -0.15,
      278.08,       -0.15,
      278.56,       -0.12,
      279.08,       -0.09,
      279.60,       -0.03,
      280.08,       -0.02,
      280.60,       -0.02,
      281.12,       -0.02,
      281.60,       -0.02,
      282.04,       -0.03,
      282.55,       -0.02,
      283.07,       -0.02,
      283.63,        0.02,
      284.15,        0.05,
      284.67,        0.11,
      285.19,        0.16,
      285.71,        0.17,
      286.23,        0.16,
      286.71,        0.19,
      287.19,        0.20,
      287.74,        0.20,
      288.22,        0.20,
      288.74,        0.24,
      289.26,        0.25,
      289.70,        0.31,
      290.18,        0.33,
      290.70,        0.33,
      291.22,        0.31,
      291.78,        0.29,
      292.30,        0.34,
      292.81,        0.37,
      293.33,        0.36,
      293.85,        0.39,
      294.37,        0.40,
      294.85,        0.42,
      295.37,        0.38,
      295.89,        0.40,
      296.41,        0.42,
      296.89,        0.43,
      297.37,        0.45,
      297.84,        0.46,
      298.32,        0.46,
      298.88,        0.46,
      299.40,        0.46,
      299.92,        0.47,
      300.44,        0.49,
      300.96,        0.49,
      301.52,        0.49,
      302.04,        0.45,
      302.51,        0.42,
      302.99,        0.42,
      303.51,        0.39,
      304.03,        0.33,
      304.55,        0.27,
      305.03,        0.18,
      305.51,        0.11,
      306.03,        0.01,
      306.51,       -0.06,
      307.03,       -0.06,
      307.58,       -0.03,
      308.10,       -0.07,
      308.62,       -0.15,
      309.14,       -0.14,
      309.66,       -0.13,
      310.18,       -0.14,
      310.66,       -0.20,
      311.18,       -0.20,
      311.70,       -0.24,
      312.22,       -0.32,
      312.69,       -0.33,
      313.17,       -0.41,
      313.69,       -0.47,
      314.17,       -0.56,
      314.69,       -0.61,
      315.21,       -0.63,
      315.73,       -0.63,
      316.25,       -0.59,
      316.81,       -0.62,
      317.33,       -0.63,
      317.84,       -0.63,
      318.36,       -0.58,
      318.88,       -0.55,
      319.36,       -0.55,
      319.88,       -0.59,
      320.36,       -0.59,
      320.88,       -0.55,
      321.36,       -0.54,
      321.88,       -0.52,
      322.36,       -0.50,
      322.87,       -0.46,
      323.39,       -0.44,
      323.91,       -0.42,
      324.47,       -0.42,
      324.99,       -0.40,
      325.51,       -0.37,
      326.03,       -0.36,
      326.55,       -0.32,
      327.07,       -0.29,
      327.58,       -0.28,
      328.06,       -0.25,
      328.58,       -0.24,
      329.06,       -0.23,
      329.58,       -0.20,
      330.06,       -0.14,
      330.58,       -0.07,
      331.06,       -0.05,
      331.62,       -0.02,
      332.14,        0.07,
      332.65,        0.10,
      333.21,        0.10,
      333.73,        0.11,
      334.25,        0.11,
      334.77,        0.11,
      335.25,        0.16,
      335.77,        0.17,
      336.25,        0.19,
      336.77,        0.24,
      337.29,        0.27,
      337.76,        0.28,
      338.28,        0.28,
      338.76,        0.29,
      339.28,        0.33,
      339.84,        0.34,
      340.36,        0.40,
      340.88,        0.42,
      341.40,        0.43,
      341.92,        0.46,
      342.43,        0.51,
      342.95,        0.59,
      343.47,        0.62,
      343.95,        0.63,
      344.47,        0.60,
      344.99,        0.63,
      345.47,        0.63,
      345.99,        0.64,
      346.47,        0.65,
      346.99,        0.71,
      347.54,        0.71,
      348.06,        0.68,
      348.58,        0.65,
      349.10,        0.73,
      349.66,        0.62,
      350.18,        0.63,
      350.66,        0.68,
      351.18,        0.73,
      351.70,        0.71,
      352.22,        0.68,
      352.69,        0.68,
      353.21,        0.68,
      353.69,        0.68,
      354.21,        0.67,
      354.73,        0.68,
      355.25,        0.68,
      355.77,        0.80,
      356.29,        0.74,
      356.81,        0.76,
      357.37,        0.72,
      357.88,        0.69,
      358.36,        0.68,
      358.88,        0.66,
      359.40,        0.62,
      359.88,        0.58,
      360.40,        0.50,
      360.92,        0.36,
      361.44,        0.15,
      361.92,       -0.03,
      362.40,       -0.11,
      362.91,       -0.09,
      363.43,       -0.11,
      363.99,       -0.10,
      364.51,       -0.12,
      365.03,       -0.11,
      365.55,       -0.15,
      366.07,       -0.12,
      366.59,       -0.11,
      367.11,       -0.15,
      367.62,       -0.13,
      368.10,       -0.15,
      368.62,       -0.17,
      369.14,       -0.15,
      369.62,       -0.20,
      370.10,       -0.20,
      370.62,       -0.19,
      371.14,       -0.23,
      371.66,       -0.20,
      372.22,       -0.20,
      372.73,       -0.17,
      373.25,       -0.13,
      373.77,       -0.18,
      374.29,       -0.20,
      374.81,       -0.15,
      375.29,       -0.20,
      375.81,       -0.15,
      376.33,       -0.18,
      376.85,       -0.18,
      377.33,       -0.16,
      377.80,       -0.20,
      378.32,       -0.16,
      378.84,       -0.12,
      379.36,       -0.15,
      379.88,       -0.12,
      380.40,       -0.13,
      380.96,       -0.12,
      381.44,       -0.10,
      382.00,       -0.10,
      382.47,       -0.08,
      382.99,       -0.07,
      383.51,       -0.10,
      384.03,       -0.07,
      384.55,       -0.10,
      385.03,       -0.10,
      385.55,       -0.07,
      386.03,       -0.14,
      386.51,       -0.11,
      387.07,       -0.07,
      387.58,       -0.24,
      388.10,       -0.25,
      388.62,       -0.39,
      389.14,       -0.46,
      389.66,       -0.52,
      390.18,       -0.63,
      390.66,       -0.63,
      391.18,       -0.63,
      391.70,       -0.59,
      392.22,       -0.50,
      392.69,       -0.44,
      393.21,       -0.52,
      393.69,       -0.56,
      394.21,       -0.59,
      394.73,       -0.55,
      395.25,       -0.51,
      395.77,       -0.51,
      396.29,       -0.52,
      396.81,       -0.53,
      397.33,       -0.54,
      397.84,       -0.55,
      398.36,       -0.57,
      398.84,       -0.56,
      399.36,       -0.58,
      399.88,       -0.58,
      400.40,       -0.58,
      400.88,       -0.58,
      401.40,       -0.57,
      401.88,       -0.55,
      402.36,       -0.56,
      402.87,       -0.53,
      403.43,       -0.50,
      403.95,       -0.48,
      404.47,       -0.47,
      404.99,       -0.43,
      405.51,       -0.42,
      406.03,       -0.42,
      406.55,       -0.39,
      407.03,       -0.39,
      407.54,       -0.40,
      408.06,       -0.40,
      408.58,       -0.42,
      409.06,       -0.40,
      409.58,       -0.39,
      410.06,       -0.35,
      410.54,       -0.33,
      411.10,       -0.33,
      411.62,       -0.31,
      412.10,       -0.28,
      412.65,       -0.26,
      413.17,       -0.25,
      413.69,       -0.23,
      414.21,       -0.22,
      414.73,       -0.22,
      415.21,       -0.20,
      415.73,       -0.17,
      416.25,       -0.18,
      416.77,       -0.16,
      417.25,       -0.11,
      417.76,       -0.09,
      418.24,       -0.11,
      418.76,       -0.07,
      419.28,       -0.04,
      419.80,       -0.01,
      420.32,        0.03,
      420.88,        0.05,
      421.40,        0.05,
      421.92,        0.03,
      422.44,        0.09,
      422.95,        0.11,
      423.47,        0.15,
      423.99,        0.17,
      424.51,        0.18,
      424.99,        0.20,
      425.51,        0.20,
      425.99,        0.20,
      426.51,        0.22,
      427.03,        0.25,
      427.54,        0.27,
      428.06,        0.28,
      428.58,        0.30,
      429.10,        0.28,
      429.66,        0.29,
      430.18,        0.31,
      430.70,        0.30,
      431.18,        0.28,
      431.70,        0.28,
      432.22,        0.32,
      432.73,        0.28,
      433.25,        0.30,
      433.73,        0.29,
      434.21,        0.31,
      434.73,        0.32,
      435.25,        0.31,
      435.77,        0.30,
      436.33,        0.31,
      436.85,        0.26,
      437.37,        0.27,
      437.88,        0.20,
      438.40,        0.19,
      438.92,        0.20,
      439.44,        0.19,
      439.96,        0.17,
      440.44,        0.15,
      440.96,        0.11,
      441.44,        0.12,
      441.96,        0.07,
      442.44,        0.05,
      442.95,        0.08,
      443.47,        0.06,
      443.99,        0.05,
      444.55,       -0.01,
      445.07,       -0.08,
      445.59,       -0.07,
      446.11,       -0.24,
      446.63,       -0.48,
      447.15,       -0.81,
      447.62,       -1.18,
      448.14,       -1.34,
      448.66,       -1.38,
      449.14,       -1.42,
      449.66,       -1.42,
      450.10,       -1.42,
      450.62,       -1.35,
      451.18,       -1.33,
      451.70,       -1.31,
      452.22,       -1.32,
      452.73,       -1.33,
      453.29,       -1.36,
      453.81,       -1.29,
      454.29,       -1.26,
      454.81,       -1.26,
      455.33,       -1.23,
      455.81,       -1.29,
      456.33,       -1.32,
      456.85,       -1.30,
      457.33,       -1.29,
      457.80,       -1.25,
      458.28,       -1.25,
      458.84,       -1.25,
      459.36,       -1.24,
      459.88,       -1.25,
      460.40,       -1.24,
      460.96,       -1.20,
      461.48,       -1.19,
      461.96,       -1.13,
      462.48,       -1.14,
      462.95,       -1.16,
      463.47,       -1.10,
      463.99,       -1.05,
      464.51,       -0.99,
      465.03,       -0.93,
      465.47,       -0.90,
      465.95,       -0.88,
      466.51,       -0.89,
      467.03,       -0.86,
      467.54,       -0.82,
      468.10,       -0.78,
      468.62,       -0.75,
      469.14,       -0.72,
      469.66,       -0.73,
      470.18,       -0.69,
      470.66,       -0.68,
      471.18,       -0.69,
      471.70,       -0.68,
      472.22,       -0.66,
      472.69,       -0.67,
      473.17,       -0.66,
      473.65,       -0.65,
      474.17,       -0.62,
      474.69,       -0.58,
      475.21,       -0.57,
      475.77,       -0.53,
      476.29,       -0.49,
      476.85,       -0.45,
      477.33,       -0.43,
      477.84,       -0.42,
      478.32,       -0.40,
      478.84,       -0.33,
      479.36,       -0.34,
      479.88,       -0.27,
      480.40,       -0.27,
      480.88,       -0.26,
      481.36,       -0.24,
      481.84,       -0.19,
      482.36,       -0.14,
      482.91,       -0.12,
      483.43,       -0.12,
      483.95,       -0.12,
      484.51,       -0.11,
      485.03,       -0.08,
      485.55,       -0.06,
      486.03,       -0.04,
      486.51,       -0.02,
      487.03,       -0.02,
      487.54,       -0.02,
      488.06,        0.03,
      488.58,        0.07,
      489.06,        0.09,
      489.54,        0.10,
      490.02,        0.14,
      490.58,        0.18,
      491.10,        0.14,
      491.62,        0.13,
      492.18,        0.12,
      492.69,        0.12,
      493.21,        0.12,
      493.73,        0.11,
      494.21,        0.13,
      494.73,        0.11,
      495.25,        0.15,
      495.77,        0.15,
      496.25,        0.11,
      496.77,        0.07,
      497.25,        0.07,
      497.76,        0.07,
      498.24,        0.07,
      498.80,        0.05,
      499.32,        0.06,
      499.84,        0.09,
      500.40,        0.09,
      500.92,        0.11,
      501.44,        0.09,
      501.96,        0.08,
      502.44,        0.09,
      502.95,        0.10,
      503.47,        0.10,
      503.95,        0.07,
      504.47,        0.09,
      504.95,        0.07,
      505.47,        0.07,
      505.95,        0.08,
      506.47,        0.11,
      506.99,        0.14,
      507.54,        0.13,
      508.06,        0.12,
      508.58,        0.16,
      509.10,        0.17,
      509.66,        0.17,
      510.18,        0.15,
      510.66,        0.08,
      511.18,        0.10,
      511.66,        0.07,
      512.18,        0.08,
      512.69,        0.11,
      513.17,        0.05,
      513.65,        0.09,
      514.17,        0.03,
      514.69,       -0.08,
      515.21,       -0.07,
      515.77,       -0.17,
      516.29,       -0.19,
      516.81,       -0.24,
      517.37,       -0.34,
      517.88,       -0.30,
      518.40,       -0.45,
      518.88,       -0.50,
      519.40,       -0.49,
      519.88,       -0.56,
      520.40,       -0.55,
      520.92,       -0.54,
      521.40,       -0.55,
      521.88,       -0.47,
      522.44,       -0.50,
      522.95,       -0.52,
      523.47,       -0.52,
      523.99,       -0.55,
      524.51,       -0.55,
      525.07,       -0.55,
      525.55,       -0.52,
      526.03,       -0.47,
      526.55,       -0.45,
      527.03,       -0.45,
      527.54,       -0.44,
      528.06,       -0.45,
      528.58,       -0.40,
      529.10,       -0.43,
      529.58,       -0.47,
      530.06,       -0.46,
      530.62,       -0.46,
      531.14,       -0.47,
      531.66,       -0.46,
      532.22,       -0.46,
      532.73,       -0.47,
      533.25,       -0.42,
      533.77,       -0.41,
      534.29,       -0.41,
      534.81,       -0.40,
      535.33,       -0.36,
      535.81,       -0.36,
      536.33,       -0.35,
      536.85,       -0.32,
      537.33,       -0.22,
      537.84,       -0.30,
      538.32,       -0.30,
      538.84,       -0.29,
      539.40,       -0.29,
      539.92,       -0.28,
      540.44,       -0.25,
      541.00,       -0.25,
      541.52,       -0.23,
      542.04,       -0.23,
      542.52,       -0.19,
      543.03,       -0.15,
      543.55,       -0.15,
      544.07,       -0.12,
      544.59,       -0.12,
      545.07,       -0.12,
      545.55,       -0.11,
      546.07,       -0.09,
      546.59,       -0.10,
      547.11,       -0.10,
      547.66,       -0.07,
      548.18,       -0.10,
      548.70,       -0.09,
      549.26,       -0.08,
      549.78,       -0.13,
      550.26,       -0.14,
      550.78,       -0.14,
      551.30,       -0.12,
      551.82,       -0.09,
      552.30,       -0.09,
      552.81,       -0.06,
      553.29,       -0.07,
      553.81,       -0.07,
      554.29,       -0.08,
      554.85,       -0.08,
      555.37,       -0.07,
      555.89,       -0.09,
      556.45,       -0.09,
      556.97,       -0.07,
      557.49,       -0.06,
      557.96,        0.01,
      558.48,        0.02,
      559.00,        0.00,
      559.52,        0.01,
      560.00,        0.02,
      560.52,        0.02,
      561.04,        0.03,
      561.52,        0.04,
      562.00,        0.02,
      562.55,        0.02,
      563.07,        0.02,
      563.59,        0.08,
      564.15,        0.04,
      564.67,        0.03,
      565.15,        0.07,
      565.67,        0.09,
      566.19,        0.09,
      566.71,        0.09,
      567.19,        0.05,
      567.70,        0.05,
      568.22,        0.07,
      568.70,        0.07,
      569.22,        0.11,
      569.70,        0.10,
      570.22,        0.06,
      570.74,       -0.04,
      571.26,       -0.25,
      571.82,       -0.50,
      572.34,       -0.87,
      572.81,       -1.29,
      573.33,       -1.64,
      573.81,       -1.94,
      574.33,       -1.99,
      574.81,       -1.96,
      575.33,       -1.97,
      575.85,       -1.96,
      576.37,       -1.93,
      576.85,       -1.90,
      577.33,       -1.86,
      577.84,       -1.87,
      578.36,       -1.83,
      578.88,       -1.81,
      579.44,       -1.78,
      579.96,       -1.76,
      580.48,       -1.74,
      581.00,       -1.70,
      581.48,       -1.65,
      582.00,       -1.64,
      582.48,       -1.62,
      582.99,       -1.56,
      583.51,       -1.49,
      584.03,       -1.45,
      584.55,       -1.42,
      585.03,       -1.35,
      585.55,       -1.26,
      586.03,       -1.14,
      586.59,       -1.13,
      587.11,       -1.09,
      587.62,       -1.06,
      588.14,       -1.07,
      588.66,       -1.08,
      589.18,       -1.00,
      589.66,       -0.98,
      590.14,       -0.94,
      590.66,       -0.91,
      591.18,       -0.84,
      591.70,       -0.76,
      592.22,       -0.68,
      592.69,       -0.63,
      593.17,       -0.63,
      593.69,       -0.59,
      594.21,       -0.53,
      594.73,       -0.51,
      595.29,       -0.45,
      595.77,       -0.41,
      596.33,       -0.40,
      596.85,       -0.33,
      597.33,       -0.24,
      597.84,       -0.21,
      598.32,       -0.13,
      598.84,       -0.22,
      599.36,       -0.16,
      599.88,       -0.12,
      600.40,       -0.10,
      600.88,       -0.08,
      601.36,       -0.09,
      601.88,       -0.00,
      602.40,        0.02,
      602.95,        0.04,
      603.43,        0.04,
      603.99,        0.06,
      604.51,        0.07,
      605.03,        0.11,
      605.55,        0.10,
      606.03,        0.12,
      606.55,        0.15,
      607.03,        0.14,
      607.58,        0.17,
      608.06,        0.20,
      608.58,        0.24,
      609.06,        0.29,
      609.54,        0.32,
      610.06,        0.31,
      610.62,        0.32,
      611.10,        0.35,
      611.66,        0.37,
      612.18,        0.43,
      612.69,        0.44,
      613.21,        0.46,
      613.69,        0.49,
      614.21,        0.52,
      614.73,        0.58,
      615.25,        0.61,
      615.77,        0.69,
      616.25,        0.72,
      616.77,        0.72,
      617.25,        0.74,
      617.72,        0.73,
      618.28,        0.77,
      618.76,        0.84,
      619.32,        0.88,
      619.84,        0.87,
      620.36,        0.89,
      620.88,        0.90,
      621.40,        0.94,
      621.88,        0.97,
      622.36,        1.03,
      622.91,        1.02,
      623.39,        1.01,
      623.91,        1.03,
      624.43,        0.98,
      624.91,        0.99,
      625.39,        1.04,
      625.91,        1.07,
      626.43,        1.11,
      626.95,        1.08,
      627.47,        1.10,
      628.02,        1.11,
      628.54,        1.12,
      629.06,        1.16,
      629.58,        1.17,
      630.06,        1.20,
      630.58,        1.21,
      631.10,        1.21,
      631.58,        1.21,
      632.10,        1.20,
      632.61,        1.21,
      633.09,        1.22,
      633.61,        1.22,
      634.09,        1.26,
      634.61,        1.28,
      635.17,        1.27,
      635.69,        1.28,
      636.21,        1.27,
      636.77,        1.25,
      637.29,        1.19,
      637.76,        1.17,
      638.28,        1.18,
      638.76,        1.11,
      639.28,        1.13,
      639.80,        1.10,
      640.32,        1.03,
      640.80,        1.02,
      641.32,        0.96,
      641.76,        0.94,
      642.32,        0.95,
      642.83,        0.94,
      643.35,        0.93,
      643.91,        0.94,
      644.43,        0.94,
      644.95,        0.93,
      645.47,        0.92,
      645.99,        0.94,
      646.47,        0.86,
      646.99,        0.86,
      647.51,        0.85,
      648.02,        0.83,
      648.54,        0.90,
      649.02,        0.93,
      649.50,        0.91,
      649.98,        0.93,
      650.54,        0.97,
      651.06,        0.99,
      651.58,        0.98,
      652.14,        0.99,
      652.65,        1.01,
      653.17,        0.98,
      653.69,        1.00,
      654.21,        1.03,
      654.73,        1.08,
      655.21,        1.08,
      655.73,        1.07,
      656.25,        1.08,
      656.77,        1.05,
      657.21,        1.05,
      657.72,        1.06,
      658.24,        1.06,
      658.76,        1.04,
      659.28,        1.01,
      659.84,        0.97,
      660.36,        0.91,
      660.88,        0.90,
      661.44,        0.85,
      661.92,        1.50,
      662.44,        0.82,
      662.95,        0.70,
      663.43,        0.63,
      663.95,        0.45,
      664.43,        0.34,
      664.95,        0.24,
      665.43,        0.09,
      665.95,        0.04,
      666.47,       -0.06,
      666.99,       -0.19,
      667.55,       -0.30,
      668.06,       -0.38,
      668.58,       -0.41,
      669.14,       -0.46,
      669.66,       -0.46,
      670.14,       -0.46,
      670.66,       -0.45,
      671.18,       -0.46,
      671.70,       -0.46,
      672.18,       -0.45,
      672.65,       -0.41,
      673.17,       -0.36,
      673.65,       -0.33,
      674.17,       -0.33,
      674.69,       -0.37,
      675.25,       -0.25,
      675.77,       -0.20,
      676.29,       -0.12,
      676.85,       -0.04,
      677.37,        0.04,
      677.88,        0.11,
      678.40,        0.14,
      678.88,        0.15,
      679.40,        0.11,
      679.88,        0.15,
      680.40,        0.18,
      680.92,        0.22,
      681.40,        0.37,
      681.92,        0.38,
      682.44,        0.43,
      682.95,        0.43,
      683.47,        0.39,
      684.03,        0.45,
      684.55,        0.51,
      685.07,        0.54,
      685.59,        0.54,
      686.15,        0.61,
      686.63,        0.65,
      687.15,        0.71,
      687.66,        0.74,
      688.14,        0.77,
      688.66,        0.81,
      689.14,        0.84,
      689.66,        0.86,
      690.18,        0.91,
      690.70,        0.96,
      691.22,        1.02,
      691.74,        1.04,
      692.30,        1.07,
      692.81,        1.07,
      693.33,        1.07,
      693.85,        1.07,
      694.37,        1.12,
      694.89,        1.16,
      695.37,        1.20,
      695.89,        1.23,
      696.41,        1.26,
      696.89,        1.26,
      697.41,        1.28,
      697.88,        1.30,
      698.40,        1.30,
      698.96,        1.33,
      699.48,        1.31,
      700.00,        1.32,
      700.56,        1.32,
      701.08,        1.30,
      701.60,        1.24,
      702.12,        1.07,
      702.63,        0.99,
      703.15,        0.87,
      703.63,        0.65,
      704.15,        0.59,
      704.67,        0.45,
      705.15,        0.42,
      705.63,        0.42,
      706.15,        0.39,
      706.71,        0.36,
      707.23,        0.32,
      707.74,        0.31,
      708.30,        0.30,
      708.82,        0.25,
      709.34,        0.26,
      709.86,        0.27,
      710.38,        0.28,
      710.86,        0.24,
      711.38,        0.20,
      711.86,        0.18,
      712.38,        0.15,
      712.85,        0.15,
      713.37,        0.15,
      713.85,        0.15,
      714.37,        0.11,
      714.93,       -0.03,
      715.45,       -0.19,
      715.97,       -0.47,
      716.53,       -0.76,
      717.05,       -1.01,
      717.57,       -1.37,
      718.08,       -1.73,
      718.56,       -2.11,
      719.08,       -2.55,
      719.60,       -2.96,
      720.12,       -3.29,
      720.60,       -3.39,
      721.12,       -3.43,
      721.60,       -3.48,
      722.12,       -3.45,
      722.64,       -3.43,
      723.19,       -3.52,
      723.71,       -3.57,
      724.23,       -3.64,
      724.75,       -3.71,
      725.27,       -3.69,
      725.79,       -3.65,
      726.27,       -3.66,
      726.79,       -3.64,
      727.31,       -3.66,
      727.82,       -3.65,
      728.30,       -3.59,
      728.82,       -3.61,
      729.30,       -3.57,
      729.82,       -3.55,
      730.34,       -3.56,
      730.86,       -3.56,
      731.42,       -3.59,
      731.94,       -3.61,
      732.46,       -3.56,
      732.97,       -3.56,
      733.49,       -3.56,
      733.97,       -3.52,
      734.49,       -3.47,
      735.01,       -3.49,
      735.53,       -3.47,
      736.01,       -3.44,
      736.53,       -3.37,
      737.01,       -3.37,
      737.49,       -3.38,
      738.00,       -3.37,
      738.56,       -3.36,
      739.08,       -3.31,
      739.60,       -3.27,
      740.16,       -3.23,
      740.68,       -3.22,
      741.20,       -3.22,
      741.68,       -3.22,
      742.16,       -3.21,
      742.67,       -3.18,
      743.19,       -3.16,
      743.71,       -3.17,
      744.19,       -3.16,
      744.71,       -3.12,
      745.19,       -3.08,
      745.67,       -3.05,
      746.23,       -2.99,
      746.75,       -3.00,
      747.31,       -3.03,
      747.82,       -3.05,
      748.34,       -3.00,
      748.86,       -2.99,
      749.34,       -3.00,
      749.82,       -2.98,
      750.34,       -2.93,
      750.86,       -2.89,
      751.38,       -2.87,
      751.90,       -2.85,
      752.38,       -2.82,
      752.85,       -2.81,
      753.37,       -2.80,
      753.89,       -2.73,
      754.41,       -2.69,
      754.93,       -2.69,
      755.49,       -2.69,
      756.01,       -2.67,
      756.53,       -2.64,
      757.01,       -2.64,
      757.53,       -2.63,
      758.04,       -2.64,
      758.56,       -2.60,
      759.08,       -2.57,
      759.60,       -2.56,
      760.12,       -2.56,
      760.60,       -2.57,
      761.08,       -2.58,
      761.60,       -2.56,
      762.12,       -2.57,
      762.64,       -2.56,
      763.19,       -2.55,
      763.71,       -2.56,
      764.23,       -2.56,
      764.75,       -2.56,
      765.23,       -2.54,
      765.75,       -2.54,
      766.27,       -2.53,
      766.75,       -2.54,
      767.27,       -2.55,
      767.78,       -2.54,
      768.30,       -2.54,
      768.78,       -2.54,
      769.26,       -2.54,
      769.78,       -2.54,
      770.30,       -2.54,
      770.86,       -2.56,
      771.38,       -2.59,
      771.90,       -2.61,
      772.42,       -2.61,
      772.93,       -2.62,
      773.45,       -2.60,
      773.93,       -2.59,
      774.45,       -2.56,
      774.97,       -2.56,
      775.49,       -2.56,
      775.97,       -2.56,
      776.49,       -2.63,
      776.97,       -2.66,
      777.45,       -2.72,
      778.00,       -2.74,
      778.52,       -2.76,
      779.04,       -2.78,
      779.56,       -2.78,
      780.08,       -2.80,
      780.64,       -2.80,
      781.12,       -2.82,
      781.64,       -2.88,
      782.16,       -2.91,
      782.64,       -2.95,
      783.15,       -2.98,
      783.67,       -2.98,
      784.19,       -2.98,
      784.67,       -2.91,
      785.15,       -2.86,
      785.67,       -2.86,
      786.23,       -2.83,
      786.75,       -2.83,
      787.27,       -2.84,
      787.78,       -2.85,
      788.30,       -2.86,
      788.86,       -2.86,
      789.34,       -2.82,
      789.86,       -2.82,
      790.38,       -2.80,
      790.90,       -2.78,
      791.38,       -2.80,
      791.90,       -2.84,
      792.42,       -2.85,
      792.89,       -2.85,
      793.37,       -2.89,
      793.89,       -2.88,
      794.45,       -2.94,
      794.93,       -2.99,
      795.49,       -3.06,
      796.01,       -3.17,
      796.53,       -3.20,
      797.05,       -3.29,
      797.57,       -3.36,
      798.04,       -3.38,
      798.56,       -3.39,
      799.08,       -3.38,
      799.60,       -3.40,
      800.12,       -3.43,
      800.60,       -3.43,
      801.08,       -3.46,
      801.60,       -3.45,
      802.12,       -3.46,
      802.64,       -3.44,
      803.15,       -3.44,
      803.67,       -3.43,
      804.23,       -3.43,
      804.75,       -3.44,
      805.27,       -3.44,
      805.75,       -3.45,
      806.27,       -3.44,
      806.79,       -3.45,
      807.31,       -3.43,
      807.82,       -3.43,
      808.30,       -3.43,
      808.78,       -3.41,
      809.30,       -3.41,
      809.78,       -3.42,
      810.30,       -3.42,
      810.82,       -3.43,
      811.38,       -3.43,
      811.90,       -3.40,
      812.42,       -3.37,
      812.93,       -3.30,
      813.45,       -3.26,
      813.93,       -3.23,
      814.41,       -3.24,
      814.93,       -3.26,
      815.45,       -3.26,
      815.97,       -3.26,
      816.45,       -3.20,
      816.93,       -3.17,
      817.45,       -3.13,
      817.96,       -3.09,
      818.48,       -3.10,
      819.00,       -3.11,
      819.52,       -3.10,
      820.08,       -3.09,
      820.60,       -3.09,
      821.08,       -3.08,
      821.56,       -3.08,
      822.08,       -3.06,
      822.60,       -3.02,
      823.11,       -2.99,
      823.59,       -2.98,
      824.11,       -2.93,
      824.59,       -2.91,
      825.07,       -2.91,
      825.59,       -2.87,
      826.11,       -2.87,
      826.63,       -2.86,
      827.15,       -2.82,
      827.70,       -2.78,
      828.22,       -2.75,
      828.74,       -2.75,
      829.22,       -2.71,
      829.70,       -2.70,
      830.22,       -2.69,
      830.74,       -2.65,
      831.26,       -2.63,
      831.74,       -2.64,
      832.26,       -2.64,
      832.73,       -2.66,
      833.21,       -2.61,
      833.73,       -2.59,
      834.25,       -2.57,
      834.77,       -2.53,
      835.33,       -2.51,
      835.85,       -2.48,
      836.37,       -2.44,
      836.85,       -2.43,
      837.37,       -2.35,
      837.84,       -2.34,
      838.36,       -2.33,
      838.88,       -2.29,
      839.40,       -2.29,
      839.88,       -2.25,
      840.40,       -2.21,
      840.84,       -2.17,
      841.36,       -2.15,
      841.88,       -2.14,
      842.44,       -2.14,
      842.95,       -2.10,
      843.47,       -2.05,
      843.99,       -1.99,
      844.51,       -1.96,
      844.99,       -1.94,
      845.51,       -1.91,
      846.03,       -1.86,
      846.51,       -1.80,
      847.03,       -1.77,
      847.55,       -1.72,
      848.02,       -1.69,
      848.50,       -1.66,
      848.98,       -1.65,
      849.50,       -1.59,
      850.06,       -1.64,
      850.58,       -1.63,
      851.10,       -1.60,
      851.66,       -1.52,
      852.18,       -1.52,
      852.66,       -1.54,
      853.17,       -1.55,
      853.65,       -1.55,
      854.17,       -1.54,
      854.69,       -1.56,
      855.21,       -1.56,
      855.69,       -1.55,
      856.17,       -1.60,
      856.65,       -1.63,
      857.17,       -1.64,
      857.72,       -1.68,
      858.24,       -1.73,
      858.76,       -1.72,
      859.32,       -1.71,
      859.84,       -1.66,
      860.36,       -1.65,
      860.88,       -1.68,
      861.36,       -1.68,
      861.84,       -1.65,
      862.36,       -1.60,
      862.87,       -1.56,
      863.39,       -1.55,
      863.87,       -1.49,
      864.35,       -1.43,
      864.87,       -1.40,
      865.35,       -1.36,
      865.87,       -1.34,
      866.43,       -1.29,
      866.95,       -1.25,
      867.47,       -1.22,
      868.02,       -1.16,
      868.50,       -1.12,
      869.02,       -1.07,
      869.50,       -0.98,
      870.02,       -0.92,
      870.54,       -0.87,
      871.06,       -0.84,
      871.54,       -0.78,
      872.02,       -0.72,
      872.54,       -0.65,
      873.01,       -0.65,
      873.53,       -0.62,
      874.05,       -0.58,
      874.57,       -0.56,
      875.13,       -0.52,
      875.65,       -0.47,
      876.17,       -0.46,
      876.69,       -0.42,
      877.21,       -0.37,
      877.69,       -0.34,
      878.20,       -0.32,
      878.68,       -0.34,
      879.20,       -0.34,
      879.72,       -0.28,
      880.20,       -0.24,
      880.72,       -0.25,
      881.20,       -0.32,
      881.72,       -0.52,
      882.24,       -0.87,
      882.79,       -1.21,
      883.31,       -1.55,
      883.83,       -1.90,
      884.39,       -2.18,
      884.87,       -2.51,
      885.39,       -2.86,
      885.87,       -3.21,
      886.39,       -3.47,
      886.91,       -3.76,
      887.39,       -3.90,
      887.90,       -4.02,
      888.38,       -4.06,
      888.86,       -4.13,
      889.38,       -4.18,
      889.90,       -4.24,
      890.46,       -4.35,
      890.98,       -4.38,
      891.50,       -4.44,
      892.02,       -4.57,
      892.54,       -4.67,
      893.01,       -4.69,
      893.53,       -4.70,
      894.01,       -4.82,
      894.53,       -4.84,
      895.05,       -4.89,
      895.57,       -5.09,
      896.05,       -5.05,
      896.53,       -5.04,
      897.05,       -5.10,
      897.57,       -5.10,
      898.08,       -5.08,
      898.64,       -5.13,
      899.16,       -5.20,
      899.68,       -5.24,
      900.20,       -5.23,
      900.72,       -5.22,
      901.20,       -5.25,
      901.68,       -5.29,
      902.20,       -5.31,
      902.72,       -5.35,
      903.23,       -5.35,
      903.75,       -5.35,
      904.23,       -5.35,
      904.75,       -5.35,
      905.23,       -5.35,
      905.75,       -5.37,
      906.31,       -5.38,
      906.83,       -5.38,
      907.39,       -5.37,
      907.90,       -5.34,
      908.42,       -5.34,
      908.94,       -5.35,
      909.42,       -5.34,
      909.90,       -5.32,
      910.42,       -5.32,
      910.94,       -5.31,
      911.46,       -5.31,
      911.94,       -5.28,
      912.46,       -5.27,
      912.93,       -5.29,
      913.45,       -5.31,
      913.97,       -5.27,
      914.53,       -5.25,
      915.05,       -5.25,
      915.57,       -5.22,
      916.13,       -5.26,
      916.65,       -5.27,
      917.13,       -5.27,
      917.61,       -5.27,
      918.08,       -5.27,
      918.60,       -5.27,
      919.12,       -5.27,
      919.64,       -5.25,
      920.16,       -5.24,
      920.64,       -5.24,
      921.12,       -5.24,
      921.64,       -5.18,
      922.16,       -5.14,
      922.72,       -5.09,
      923.23,       -5.07,
      923.75,       -5.08,
      924.31,       -5.08,
      924.75,       -5.06,
      925.27,       -5.06,
      925.75,       -5.09,
      926.27,       -5.09,
      926.79,       -5.08,
      927.31,       -5.08,
      927.78,       -5.06,
      928.30,       -5.09,
      928.78,       -5.09,
      929.30,       -5.08,
      929.82,       -5.04,
      930.34,       -5.03,
      930.86,       -5.03,
      931.42,       -5.03,
      931.94,       -5.05,
      932.42,       -5.05,
      932.89,       -5.04,
      933.41,       -4.98,
      933.89,       -4.92,
      934.41,       -4.88,
      934.93,       -4.85,
      935.45,       -4.83,
      935.93,       -4.81,
      936.45,       -4.79,
      936.93,       -4.79,
      937.45,       -4.79,
      938.00,       -4.74,
      938.52,       -4.74,
      939.04,       -4.74,
      939.60,       -4.74,
      940.08,       -4.71,
      940.60,       -4.70,
      941.08,       -4.70,
      941.56,       -4.70,
      942.08,       -4.70,
      942.64,       -4.70,
      943.11,       -4.70,
      943.63,       -4.67,
      944.11,       -4.66,
      944.63,       -4.66,
      945.11,       -4.59,
      945.67,       -4.56,
      946.19,       -4.49,
      946.71,       -4.47,
      947.27,       -4.44,
      947.74,       -4.44,
      948.26,       -4.43,
      948.78,       -4.38,
      949.26,       -4.37,
      949.78,       -4.33,
      950.30,       -4.33,
      950.82,       -4.30,
      951.34,       -4.26,
      951.82,       -4.22,
      952.34,       -4.22,
      952.81,       -4.14,
      953.29,       -4.14,
      953.85,       -4.13,
      954.37,       -4.10,
      954.93,       -4.09,
      955.41,       -4.04,
      955.97,       -4.03,
      956.49,       -4.00,
      956.97,       -3.96,
      957.49,       -3.96,
      958.00,       -3.95,
      958.52,       -3.96,
      959.04,       -3.96,
      959.52,       -3.96,
      960.04,       -3.96,
      960.52,       -3.96,
      961.04,       -3.92,
      961.56,       -3.88,
      962.08,       -3.88,
      962.60,       -3.86,
      963.11,       -3.84,
      963.67,       -3.82,
      964.19,       -3.78,
      964.71,       -3.76,
      965.23,       -3.69,
      965.75,       -3.65,
      966.23,       -3.57,
      966.75,       -3.56,
      967.27,       -3.55,
      967.78,       -3.52,
      968.30,       -3.52,
      968.78,       -3.47,
      969.30,       -3.43,
      969.82,       -3.42,
      970.34,       -3.38,
      970.86,       -3.37,
      971.38,       -3.35,
      971.90,       -3.29,
      972.46,       -3.27,
      972.97,       -3.27,
      973.49,       -3.27,
      974.01,       -3.23,
      974.53,       -3.21,
      975.05,       -3.17,
      975.57,       -3.18,
      976.05,       -3.15,
      976.57,       -3.13,
      977.05,       -3.13,
      977.57,       -3.14,
      978.08,       -3.13,
      978.60,       -3.14,
      979.16,       -3.15,
      979.68,       -3.27,
      980.20,       -3.26,
      980.72,       -3.29,
      981.28,       -3.30,
      981.80,       -3.30,
      982.28,       -3.26,
      982.79,       -3.21,
      983.31,       -3.15,
      983.83,       -3.08,
      984.35,       -3.00,
      984.83,       -2.95,
      985.35,       -2.88,
      985.87,       -2.82,
      986.39,       -2.75,
      986.91,       -2.69,
      987.43,       -2.64,
      987.98,       -2.56,
      988.50,       -2.53,
      989.02,       -2.50,
      989.54,       -2.46,
      990.06,       -2.43,
      990.58,       -2.38,
      991.10,       -2.32,
      991.58,       -2.29,
      992.10,       -2.24,
      992.62,       -2.22,
      993.09,       -2.18,
      993.61,       -2.14,
      994.13,       -2.12,
      994.65,       -2.09,
      995.17,       -2.09,
      995.73,       -2.10,
      996.25,       -2.07,
      996.77,       -2.05,
      997.29,       -1.99,
      997.80,       -1.97,
      998.32,       -1.96,
      998.84,       -1.95,
      999.36,       -1.94,
      999.88,       -1.97,
     1000.36,       -1.99,
     1000.88,       -2.01,
     1001.36,       -2.03,
     1001.88,       -2.03,
     1002.40,       -2.02,
     1002.91,       -2.00,
     1003.47,       -1.99,
     1003.99,       -2.00,
     1004.51,       -1.96,
     1005.03,       -2.00,
     1005.55,       -2.03,
     1006.07,       -2.08,
     1006.59,       -2.22,
     1007.11,       -2.47,
     1007.59,       -2.80,
     1008.10,       -3.21,
     1008.62,       -3.61,
     1009.10,       -4.01,
     1009.62,       -4.39,
     1010.14,       -4.75,
     1010.66,       -5.17,
     1011.18,       -5.57,
     1011.70,       -6.01,
     1012.26,       -6.38,
     1012.78,       -6.75,
     1013.29,       -7.06,
     1013.81,       -7.28,
     1014.33,       -7.62,
     1014.85,       -7.45,
     1015.37,       -7.48,
     1015.89,       -7.41,
     1016.37,       -7.36,
     1016.85,       -7.29,
     1017.37,       -7.25,
     1017.88,       -7.24,
     1018.40,       -7.25,
     1018.92,       -7.26,
     1019.44,       -7.25,
     1020.00,       -7.21,
     1020.52,       -7.14,
     1021.04,       -7.11,
     1021.56,       -7.05,
     1022.08,       -6.97,
     1022.60,       -6.93,
     1023.11,       -6.91,
     1023.63,       -6.86,
     1024.11,       -6.81,
     1024.59,       -6.84,
     1025.11,       -6.76,
     1025.63,       -6.65,
     1026.15,       -6.60,
     1026.67,       -6.52,
     1027.23,       -6.46,
     1027.75,       -6.40,
     1028.26,       -6.37,
     1028.78,       -6.32,
     1029.30,       -6.32,
     1029.82,       -6.23,
     1030.34,       -6.18,
     1030.86,       -6.16,
     1031.38,       -6.16,
     1031.90,       -6.12,
     1032.38,       -6.12,
     1032.85,       -6.00,
     1033.37,       -5.88,
     1033.89,       -5.84,
     1034.41,       -5.75,
     1034.97,       -5.66,
     1035.49,       -5.65,
     1036.01,       -5.55,
     1036.57,       -5.50,
     1037.05,       -5.47,
     1037.57,       -5.40,
     1038.08,       -5.33,
     1038.60,       -5.27,
     1039.12,       -5.16,
     1039.64,       -5.05,
     1040.12,       -5.00,
     1040.64,       -4.90,
     1041.12,       -4.88,
     1041.64,       -4.87,
     1042.16,       -4.77,
     1042.68,       -4.74,
     1043.23,       -4.70,
     1043.75,       -4.61,
     1044.27,       -4.61,
     1044.79,       -4.57,
     1045.31,       -4.50,
     1045.83,       -4.54,
     1046.35,       -4.47,
     1046.87,       -4.39,
     1047.39,       -4.47,
     1047.86,       -4.40,
     1048.38,       -4.35,
     1048.86,       -4.36,
     1049.38,       -4.26,
     1049.90,       -4.21,
     1050.42,       -4.21,
     1050.98,       -4.09,
     1051.50,       -4.04,
     1052.02,       -4.02,
     1052.58,       -3.92,
     1053.09,       -3.87,
     1053.61,       -3.85,
     1054.09,       -3.78,
     1054.61,       -3.84,
     1055.13,       -3.79,
     1055.61,       -3.68,
     1056.13,       -3.69,
     1056.65,       -3.60,
     1057.13,       -3.48,
     1057.65,       -3.50,
     1058.16,       -3.34,
     1058.72,       -3.31,
     1059.24,       -3.34,
     1059.76,       -3.24,
     1060.32,       -3.24,
     1060.84,       -3.20,
     1061.36,       -3.08,
     1061.88,       -3.11,
     1062.36,       -3.03,
     1062.87,       -2.95,
     1063.35,       -3.00,
     1063.87,       -2.92,
     1064.39,       -2.88,
     1064.91,       -2.97,
     1065.43,       -2.90,
     1065.95,       -2.94,
     1066.47,       -2.98,
     1066.99,       -2.88,
     1067.51,       -2.88,
     1068.06,       -2.87,
     1068.58,       -2.78,
     1069.10,       -2.85,
     1069.62,       -2.82,
     1070.14,       -2.78,
     1070.66,       -2.79,
     1071.14,       -2.76,
     1071.66,       -2.75,
     1072.18,       -2.75,
     1072.70,       -2.71,
     1073.17,       -2.72,
     1073.69,       -2.71,
     1074.25,       -2.65,
     1074.77,       -2.68,
     1075.29,       -2.69,
     1075.85,       -2.64,
     1076.37,       -2.67,
     1076.89,       -2.63,
     1077.41,       -2.60,
     1077.92,       -2.58,
     1078.44,       -2.53,
     1078.92,       -2.54,
     1079.44,       -2.56,
     1079.96,       -2.45,
     1080.44,       -2.47,
     1080.96,       -2.38,
     1081.48,       -2.38,
     1082.00,       -2.41,
     1082.52,       -2.38,
     1083.03,       -2.35,
     1083.59,       -2.34,
     1084.11,       -2.31,
     1084.63,       -2.28,
     1085.15,       -2.28,
     1085.67,       -2.28,
     1086.15,       -2.28,
     1086.67,       -2.25,
     1087.19,       -2.24,
     1087.71,       -2.22,
     1088.22,       -2.23,
     1088.70,       -2.20,
     1089.22,       -2.16,
     1089.74,       -2.15,
     1090.26,       -2.12,
     1090.78,       -2.13,
     1091.34,       -2.12,
     1091.86,       -2.14,
     1092.38,       -2.16,
     1092.93,       -2.17,
     1093.45,       -2.16,
     1093.93,       -2.16,
     1094.45,       -2.14,
     1094.97,       -2.19,
     1095.49,       -2.19,
     1095.97,       -2.16,
     1096.49,       -2.25,
     1096.97,       -2.25,
     1097.49,       -2.28,
     1098.04,       -2.34,
     1098.56,       -2.34,
     1099.08,       -2.38,
     1099.64,       -2.38,
     1100.16,       -2.37,
     1100.68,       -2.37,
     1101.20,       -2.38,
     1101.68,       -2.38,
     1102.20,       -2.35,
     1102.68,       -2.34,
     1103.19,       -2.34,
     1103.71,       -2.30,
     1104.23,       -2.28,
     1104.75,       -2.22,
     1105.23,       -2.21,
     1105.75,       -2.22,
     1106.27,       -2.19,
     1106.83,       -2.16,
     1107.35,       -2.15,
     1107.90,       -2.10,
     1108.42,       -2.11,
     1108.94,       -2.08,
     1109.42,       -2.03,
     1109.94,       -2.03,
     1110.46,       -2.00,
     1110.98,       -1.99,
     1111.50,       -1.98,
     1111.98,       -1.96,
     1112.50,       -1.95,
     1113.01,       -1.95,
     1113.49,       -1.92,
     1114.05,       -1.89,
     1114.57,       -1.84,
     1115.09,       -1.82,
     1115.65,       -1.80,
     1116.17,       -1.75,
     1116.69,       -1.71,
     1117.17,       -1.70,
     1117.69,       -1.61,
     1118.20,       -1.60,
     1118.72,       -1.58,
     1119.24,       -1.57,
     1119.72,       -1.61,
     1120.24,       -1.64,
     1120.76,       -1.62,
     1121.24,       -1.63,
     1121.76,       -1.58,
     1122.28,       -1.56,
     1122.83,       -1.55,
     1123.35,       -1.55,
     1123.91,       -1.50,
     1124.43,       -1.46,
     1124.91,       -1.42,
     1125.43,       -1.40,
     1125.95,       -1.37,
     1126.47,       -1.38,
     1126.99,       -1.33,
     1127.47,       -1.29,
     1127.98,       -1.26,
     1128.46,       -1.22,
     1128.98,       -1.22,
     1129.50,       -1.17,
     1130.02,       -1.12,
     1130.54,       -1.11,
     1131.06,       -1.07,
     1131.62,       -1.03,
     1132.14,       -0.99,
     1132.66,       -0.97,
     1133.17,       -0.93,
     1133.65,       -0.85,
     1134.17,       -0.81,
     1134.69,       -0.79,
     1135.21,       -0.78,
     1135.73,       -0.76,
     1136.21,       -0.75,
     1136.69,       -0.71,
     1137.21,       -0.69,
     1137.73,       -0.68,
     1138.28,       -0.69,
     1138.80,       -0.63,
     1139.32,       -0.63,
     1139.88,       -0.63,
     1140.36,       -0.64,
     1140.88,       -0.64,
     1141.40,       -0.63,
     1141.92,       -0.68,
     1142.44,       -0.63,
     1142.91,       -0.63,
     1143.43,       -0.71,
     1143.95,       -0.66,
     1144.43,       -0.62,
     1144.95,       -0.59,
     1145.47,       -0.58,
     1145.99,       -0.61,
     1146.51,       -0.57,
     1147.07,       -0.52,
     1147.59,       -0.51,
     1148.10,       -0.50,
     1148.62,       -0.50,
     1149.10,       -0.44,
     1149.62,       -0.42,
     1150.14,       -0.42,
     1150.66,       -0.37,
     1151.18,       -0.36,
     1151.66,       -0.31,
     1152.18,       -0.29,
     1152.66,       -0.28,
     1153.17,       -0.27,
     1153.69,       -0.27,
     1154.21,       -0.24,
     1154.77,       -0.22,
     1155.29,       -0.23,
     1155.81,       -0.23,
     1156.33,       -0.20,
     1156.85,       -0.18,
     1157.37,       -0.15,
     1157.88,       -0.13,
     1158.40,       -0.11,
     1158.92,       -0.12,
     1159.40,       -0.22,
     1159.92,       -0.26,
     1160.40,       -0.28,
     1160.92,       -0.32,
     1161.44,       -0.34,
     1161.96,       -0.44,
     1162.52,       -0.44,
     1163.03,       -0.47,
     1163.55,       -0.54,
     1164.07,       -0.55,
     1164.59,       -0.73,
     1165.11,       -0.90,
     1165.59,       -1.07,
     1166.11,       -1.33,
     1166.63,       -1.42,
     1167.15,       -1.45,
     1167.67,       -1.47,
     1168.14,       -1.51,
     1168.62,       -1.55,
     1169.14,       -1.56,
     1169.66,       -1.59,
     1170.18,       -1.64,
     1170.74,       -1.65,
     1171.26,       -1.67,
     1171.78,       -1.73,
     1172.30,       -1.76,
     1172.82,       -1.77,
     1173.33,       -1.76,
     1173.85,       -1.77,
     1174.37,       -1.86,
     1174.89,       -1.87,
     1175.41,       -1.95,
     1175.89,       -2.06,
     1176.37,       -2.25,
     1176.89,       -2.63,
     1177.41,       -3.04,
     1177.92,       -3.43,
     1178.44,       -3.83,
     1178.96,       -4.10,
     1179.48,       -4.14,
     1180.04,       -4.39,
     1180.56,       -4.42,
     1181.08,       -4.47,
     1181.56,       -4.71,
     1182.08,       -4.77,
     1182.60,       -4.83,
     1183.11,       -5.05,
     1183.63,       -5.01,
     1184.11,       -5.05,
     1184.63,       -5.20,
     1185.11,       -5.14,
     1185.63,       -5.22,
     1186.19,       -5.38,
     1186.67,       -5.30,
     1187.23,       -5.39,
     1187.75,       -5.55,
     1188.26,       -5.47,
     1188.78,       -5.58,
     1189.30,       -5.73,
     1189.82,       -5.62,
     1190.34,       -5.76,
     1190.82,       -5.82,
     1191.34,       -5.69,
     1191.86,       -5.76,
     1192.34,       -5.75,
     1192.82,       -5.62,
     1193.33,       -5.75,
     1193.85,       -5.73,
     1194.37,       -5.64,
     1194.89,       -5.81,
     1195.41,       -5.81,
     1195.93,       -5.75,
     1196.45,       -5.91,
     1196.97,       -5.84,
     1197.45,       -5.74,
     1197.96,       -5.82,
     1198.44,       -5.83,
     1198.92,       -5.84,
     1199.40,       -5.98,
     1199.88,       -5.91,
     1200.36,       -5.88,
     1200.80,       -5.96,
     1201.28,       -5.96,
     1201.76,       -5.94,
     1202.24,       -5.96,
     1202.72,       -5.89,
     1203.19,       -5.85,
     1203.67,       -5.84,
     1204.11,       -5.77,
     1204.59,       -5.75,
     1205.03,       -5.85,
     1205.47,       -5.79,
     1205.87,       -5.72,
     1206.31,       -5.71,
     1206.71,       -5.62,
     1207.15,       -5.53,
     1207.51,       -5.51,
     1207.86,       -5.43,
     1208.26,       -5.38,
     1208.62,       -5.47,
     1209.06,       -5.52,
     1209.46,       -5.57,
     1209.86,       -5.59,
     1210.26,       -5.57,
     1210.62,       -5.55,
     1211.02,       -5.56,
     1211.38,       -5.53,
     1211.74,       -5.50,
     1212.10,       -5.47,
     1212.42,       -5.40,
     1212.74,       -5.38,
     1213.09,       -5.37,
     1213.41,       -5.38,
     1213.73,       -5.35,
     1214.05,       -5.31,
     1214.37,       -5.29,
     1214.61,       -5.27,
     1214.85,       -5.26,
     1215.05,       -5.21,
     1215.25,       -5.16,
     1215.41,       -5.15,
     1215.57,       -5.14,
     1215.73,       -5.14,
     1215.85,       -5.11,
     1215.93,       -5.10,
     1216.01,       -5.11,
     1216.05,       -5.12,
     1216.09,       -5.09,
     1216.13,       -5.10,
     1216.17,       -5.12,
     1216.17,       -5.10,
     1216.21,       -5.11,
