        0.00,       -0.38,
        0.08,       -0.40,
        0.08,       -0.39,
        0.12,       -0.39,
        0.16,       -0.42,
        0.20,       -0.42,
        0.24,       -0.42,
        0.32,       -0.42,
        0.36,       -0.42,
        0.44,       -0.42,
        0.48,       -0.40,
        0.52,       -0.39,
        0.60,       -0.37,
        0.68,       -0.39,
        0.76,       -0.38,
        0.80,       -0.35,
        0.88,       -0.35,
        1.00,       -0.33,
        1.08,       -0.31,
        1.16,       -0.31,
        1.24,       -0.30,
        1.36,       -0.29,
        1.44,       -0.28,
        1.56,       -0.26,
        1.64,       -0.24,
        1.76,       -0.22,
        1.88,       -0.24,
        2.00,       -0.25,
        2.12,       -0.24,
        2.24,       -0.24,
        2.35,       -0.26,
        2.47,       -0.26,
        2.59,       -0.27,
        2.75,       -0.24,
        2.87,       -0.26,
        3.03,       -0.25,
        3.19,       -0.26,
        3.35,       -0.27,
        3.55,       -0.30,
        3.75,       -0.33,
        3.91,       -0.37,
        4.11,       -0.47,
        4.31,       -0.50,
        4.55,       -0.62,
        4.75,       -0.68,
        4.99,       -0.72,
        5.19,       -0.90,
        5.39,       -0.90,
        5.63,       -1.01,
        5.83,       -1.05,
        6.07,       -1.07,
        6.27,       -1.16,
        6.51,       -1.20,
        6.71,       -1.23,
        6.95,       -1.26,
        7.15,       -1.29,
        7.34,       -1.31,
        7.58,       -1.33,
        7.78,       -1.35,
        7.98,       -1.38,
        8.18,       -1.42,
        8.38,       -1.46,
        8.58,       -1.49,
        8.82,       -1.51,
        9.06,       -1.55,
        9.26,       -1.58,
        9.50,       -1.62,
        9.78,       -1.69,
       10.02,       -1.73,
       10.26,       -1.80,
       10.54,       -1.82,
       10.82,       -1.94,
       11.06,       -1.99,
       11.34,       -2.04,
       11.62,       -2.19,
       11.90,       -2.21,
       12.14,       -2.40,
       12.41,       -2.53,
       12.69,       -2.60,
       12.97,       -2.92,
       13.25,       -3.01,
       13.57,       -3.22,
       13.89,       -3.52,
       14.17,       -3.61,
       14.49,       -3.87,
       14.81,       -3.96,
       15.13,       -4.02,
       15.41,       -4.23,
       15.73,       -4.33,
       16.01,       -4.40,
       16.29,       -4.52,
       16.57,       -4.54,
       16.85,       -4.54,
       17.17,       -4.58,
       17.44,       -4.59,
       17.76,       -4.59,
       18.04,       -4.63,
       18.36,       -4.65,
       18.68,       -4.63,
       19.00,       -4.62,
       19.32,       -4.62,
       19.64,       -4.60,
       19.96,       -4.61,
       20.28,       -4.59,
       20.60,       -4.54,
       20.92,       -4.57,
       21.24,       -4.54,
       21.60,       -4.49,
       21.96,       -4.51,
       22.31,       -4.47,
       22.67,       -4.44,
       23.03,       -4.39,
       23.39,       -4.32,
       23.71,       -4.33,
       24.07,       -4.42,
       24.39,       -4.39,
       24.75,       -4.36,
       25.07,       -4.35,
       25.43,       -4.32,
       25.79,       -4.30,
       26.11,       -4.28,
       26.43,       -4.23,
       26.79,       -4.21,
       27.15,       -4.21,
       27.46,       -4.17,
       27.82,       -4.13,
       28.14,       -4.14,
       28.50,       -4.14,
       28.86,       -4.10,
       29.18,       -4.09,
       29.54,       -4.04,
       29.90,       -4.13,
       30.30,       -4.02,
       30.70,       -4.01,
       31.06,       -4.00,
       31.42,       -3.97,
       31.78,       -3.96,
       32.14,       -3.94,
       32.49,       -3.91,
       32.85,       -3.86,
       33.25,       -3.85,
       33.61,       -3.87,
       33.97,       -3.86,
       34.33,       -3.83,
       34.73,       -3.78,
       35.09,       -3.71,
       35.45,       -3.70,
       35.81,       -3.71,
       36.17,       -3.74,
       36.53,       -3.76,
       36.93,       -3.78,
       37.28,       -3.76,
       37.64,       -3.74,
       38.04,       -3.71,
       38.40,       -3.71,
       38.80,       -3.69,
       39.20,       -3.65,
       39.56,       -3.61,
       39.96,       -3.58,
       40.32,       -3.52,
       40.68,       -3.52,
       41.04,       -3.51,
       41.44,       -3.49,
       41.80,       -3.46,
       42.20,       -3.46,
       42.55,       -3.45,
       42.91,       -3.44,
       43.27,       -3.42,
       43.67,       -3.41,
       44.03,       -3.39,
       44.39,       -3.40,
       44.75,       -3.33,
       45.15,       -3.32,
       45.51,       -3.30,
       45.91,       -3.29,
       46.31,       -3.29,
       46.71,       -3.30,
       47.15,       -3.29,
       47.54,       -3.29,
       47.90,       -3.30,
       48.30,       -3.29,
       48.66,       -3.24,
       49.06,       -3.21,
       49.46,       -3.18,
       49.86,       -3.17,
       50.26,       -3.13,
       50.66,       -3.12,
       51.06,       -3.09,
       51.46,       -3.08,
       51.82,       -3.10,
       52.22,       -3.08,
       52.61,       -3.07,
       53.01,       -3.06,
       53.37,       -2.99,
       53.81,       -2.98,
       54.21,       -2.95,
       54.61,       -2.89,
       55.05,       -2.87,
       55.49,       -2.79,
       55.89,       -2.71,
       56.29,       -2.69,
       56.69,       -2.68,
       57.09,       -2.61,
       57.52,       -2.59,
       57.92,       -2.56,
       58.36,       -2.52,
       58.76,       -2.49,
       59.16,       -2.44,
       59.60,       -2.44,
       60.00,       -3.05,
       60.36,       -2.36,
       60.76,       -2.31,
       61.20,       -2.26,
       61.60,       -2.24,
       62.00,       -2.20,
       62.43,       -2.15,
       62.87,       -2.10,
       63.31,       -2.10,
       63.75,       -2.10,
       64.15,       -2.08,
       64.59,       -2.08,
       64.99,       -2.03,
       65.43,       -2.01,
       65.83,       -2.00,
       66.27,       -1.97,
       66.67,       -1.95,
       67.07,       -1.93,
       67.50,       -1.92,
       67.94,       -1.91,
       68.34,       -1.91,
       68.74,       -1.87,
       69.18,       -1.87,
       69.62,       -1.86,
       70.06,       -1.86,
       70.50,       -1.84,
       70.94,       -1.83,
       71.38,       -1.80,
       71.82,       -1.75,
       72.26,       -1.70,
       72.69,       -1.68,
       73.09,       -1.67,
       73.49,       -1.69,
       73.93,       -1.67,
       74.37,       -1.64,
       74.81,       -1.62,
       75.25,       -1.61,
       75.65,       -1.60,
       76.09,       -1.58,
       76.53,       -1.51,
       76.93,       -1.50,
       77.36,       -1.47,
       77.80,       -1.45,
       78.28,       -1.43,
       78.76,       -1.38,
       79.20,       -1.36,
       79.60,       -1.33,
       80.04,       -1.29,
       80.48,       -1.26,
       80.92,       -1.24,
       81.36,       -1.20,
       81.76,       -1.18,
       82.20,       -1.17,
       82.63,       -1.12,
       83.07,       -1.03,
       83.51,       -0.97,
       83.95,       -0.95,
       84.39,       -0.95,
       84.83,       -0.95,
       85.27,       -0.94,
       85.67,       -0.90,
       86.11,       -0.82,
       86.59,       -0.81,
       87.03,       -0.81,
       87.50,       -0.76,
       87.94,       -0.75,
       88.38,       -0.73,
       88.82,       -0.74,
       89.26,       -0.70,
       89.70,       -0.69,
       90.14,       -0.66,
       90.58,       -0.63,
       91.02,       -0.59,
       91.46,       -0.57,
       91.90,       -0.54,
       92.33,       -0.52,
       92.73,       -0.51,
       93.17,       -0.49,
       93.61,       -0.47,
       94.09,       -0.45,
       94.53,       -0.42,
       95.01,       -0.42,
       95.49,       -0.41,
       95.93,       -0.39,
       96.37,       -0.37,
       96.81,       -0.35,
       97.25,       -0.29,
       97.68,       -0.29,
       98.12,       -0.28,
       98.60,       -0.24,
       99.04,       -0.24,
       99.44,       -0.23,
       99.88,       -0.19,
      100.32,       -0.15,
      100.76,       -0.13,
      101.20,       -0.08,
      101.64,       -0.04,
      102.12,       -0.02,
      102.59,       -0.02,
      103.07,        0.00,
      103.51,        0.01,
      103.99,        0.07,
      104.43,        0.08,
      104.87,        0.11,
      105.39,        0.14,
      105.83,        0.15,
      106.27,        0.12,
      106.71,        0.16,
      107.15,        0.19,
      107.62,        0.24,
      108.06,        0.26,
      108.50,        0.30,
      108.94,        0.28,
      109.38,        0.30,
      109.82,        0.33,
      110.34,        0.39,
      110.86,        0.41,
      111.38,        0.45,
      111.86,        0.44,
      112.30,        0.44,
      112.77,        0.42,
      113.17,        0.42,
      113.65,        0.42,
      114.09,        0.39,
      114.61,        0.41,
      115.05,        0.43,
      115.53,        0.45,
      115.97,        0.45,
      116.41,        0.46,
      116.89,        0.44,
      117.32,        0.43,
      117.76,        0.42,
      118.24,        0.46,
      118.72,        0.52,
      119.20,        0.51,
      119.68,        0.52,
      120.12,        0.53,
      120.56,        0.55,
      121.04,        0.58,
      121.48,        0.55,
      121.96,        0.55,
      122.43,        0.54,
      122.91,        0.55,
      123.35,        0.54,
      123.83,        0.54,
      124.27,        0.52,
      124.71,        0.46,
      125.19,        0.42,
      125.63,        0.39,
      126.07,        0.32,
      126.55,        0.30,
      127.07,        0.28,
      127.54,        0.23,
      128.06,        0.21,
      128.50,        0.20,
      128.94,        0.20,
      129.42,        0.15,
      129.86,        0.12,
      130.34,        0.11,
      130.82,        0.06,
      131.30,        0.03,
      131.74,        0.03,
      132.22,        0.03,
      132.65,       -0.02,
      133.13,       -0.02,
      133.57,       -0.04,
      134.01,       -0.02,
      134.53,       -0.03,
      135.01,       -0.04,
      135.53,       -0.05,
      136.01,       -0.09,
      136.49,       -0.17,
      136.93,       -0.15,
      137.40,       -0.20,
      137.84,       -0.28,
      138.32,       -0.41,
      138.80,       -0.66,
      139.28,       -0.98,
      139.72,       -1.31,
      140.20,       -1.67,
      140.64,       -2.03,
      141.08,       -2.38,
      141.56,       -2.72,
      142.04,       -2.91,
      142.51,       -2.94,
      142.99,       -2.93,
      143.47,       -2.91,
      143.99,       -2.85,
      144.43,       -2.79,
      144.91,       -2.69,
      145.35,       -2.67,
      145.83,       -2.73,
      146.31,       -2.88,
      146.79,       -2.91,
      147.27,       -3.06,
      147.70,       -3.21,
      148.14,       -3.28,
      148.62,       -3.45,
      149.06,       -3.53,
      149.54,       -3.57,
      150.02,       -3.70,
      150.54,       -3.74,
      151.02,       -3.82,
      151.50,       -3.94,
      152.02,       -3.96,
      152.49,       -4.05,
      152.93,       -4.15,
      153.41,       -4.13,
      153.85,       -4.13,
      154.33,       -4.15,
      154.81,       -4.13,
      155.29,       -4.22,
      155.73,       -4.23,
      156.21,       -4.21,
      156.69,       -4.19,
      157.13,       -4.17,
      157.60,       -4.14,
      158.08,       -4.09,
      158.56,       -4.04,
      159.04,       -3.99,
      159.56,       -3.91,
      160.04,       -3.87,
      160.52,       -3.81,
      161.00,       -3.77,
      161.44,       -3.69,
      161.92,       -3.61,
      162.35,       -3.52,
      162.87,       -3.52,
      163.35,       -3.45,
      163.83,       -3.41,
      164.27,       -3.37,
      164.75,       -3.22,
      165.23,       -3.19,
      165.67,       -3.21,
      166.15,       -3.14,
      166.63,       -3.10,
      167.15,       -3.08,
      167.66,       -2.95,
      168.14,       -2.96,
      168.62,       -2.94,
      169.06,       -2.86,
      169.50,       -2.85,
      169.98,       -2.82,
      170.46,       -2.74,
      170.98,       -2.72,
      171.42,       -2.66,
      171.90,       -2.60,
      172.37,       -2.59,
      172.81,       -2.47,
      173.33,       -2.39,
      173.77,       -2.38,
      174.25,       -2.33,
      174.77,       -2.34,
      175.25,       -2.35,
      175.77,       -2.34,
      176.21,       -2.29,
      176.69,       -2.26,
      177.17,       -2.24,
      177.64,       -2.21,
      178.12,       -2.16,
      178.60,       -2.10,
      179.08,       -2.10,
      179.56,       -2.04,
      180.04,       -1.99,
      180.48,       -1.99,
      180.96,       -1.94,
      181.44,       -1.91,
      181.92,       -1.90,
      182.39,       -1.86,
      182.91,       -1.84,
      183.35,       -1.80,
      183.87,       -1.77,
      184.35,       -1.76,
      184.83,       -1.70,
      185.31,       -1.65,
      185.75,       -1.63,
      186.23,       -1.57,
      186.75,       -1.52,
      187.23,       -1.48,
      187.70,       -1.46,
      188.14,       -1.43,
      188.62,       -1.38,
      189.10,       -1.36,
      189.58,       -1.32,
      190.06,       -1.27,
      190.54,       -1.26,
      191.02,       -1.24,
      191.50,       -1.20,
      192.02,       -1.17,
      192.49,       -1.12,
      192.97,       -1.07,
      193.45,       -0.98,
      193.89,       -0.92,
      194.41,       -0.87,
      194.89,       -0.85,
      195.37,       -0.82,
      195.85,       -0.76,
      196.29,       -0.79,
      196.77,       -0.76,
      197.25,       -0.70,
      197.68,       -0.65,
      198.20,       -0.59,
      198.72,       -0.55,
      199.20,       -0.52,
      199.72,       -0.52,
      200.20,       -0.51,
      200.68,       -0.48,
      201.16,       -0.44,
      201.64,       -0.41,
      202.12,       -0.37,
      202.59,       -0.34,
      203.11,       -0.32,
      203.59,       -0.33,
      204.03,       -0.32,
      204.51,       -0.35,
      204.95,       -0.37,
      205.43,       -0.42,
      205.91,       -0.49,
      206.43,       -0.54,
      206.91,       -0.64,
      207.42,       -0.72,
      207.90,       -0.76,
      208.42,       -0.85,
      208.90,       -0.91,
      209.34,       -0.97,
      209.82,       -1.15,
      210.30,       -1.20,
      210.82,       -1.31,
      211.30,       -1.53,
      211.78,       -1.62,
      212.22,       -1.77,
      212.69,       -1.94,
      213.17,       -2.12,
      213.65,       -2.18,
      214.13,       -2.21,
      214.61,       -2.20,
      215.13,       -2.17,
      215.61,       -2.09,
      216.13,       -2.05,
      216.61,       -2.04,
      217.09,       -2.04,
      217.52,       -2.05,
      218.04,       -2.03,
      218.52,       -2.03,
      219.00,       -2.03,
      219.48,       -2.03,
      219.92,       -2.05,
      220.40,       -1.99,
      220.88,       -1.95,
      221.36,       -1.98,
      221.84,       -1.96,
      222.36,       -1.98,
      222.83,       -1.98,
      223.35,       -1.99,
      223.83,       -1.96,
      224.35,       -1.94,
      224.83,       -1.90,
      225.27,       -1.88,
      225.75,       -1.87,
      226.23,       -1.87,
      226.71,       -1.91,
      227.19,       -1.90,
      227.66,       -1.85,
      228.14,       -1.81,
      228.62,       -1.77,
      229.10,       -1.76,
      229.58,       -1.77,
      230.06,       -1.79,
      230.58,       -1.75,
      231.10,       -1.69,
      231.58,       -1.73,
      232.10,       -1.73,
      232.57,       -1.69,
      233.01,       -1.69,
      233.49,       -1.63,
      233.97,       -1.60,
      234.45,       -1.61,
      234.93,       -1.60,
      235.41,       -1.60,
      235.89,       -1.59,
      236.37,       -1.58,
      236.85,       -1.58,
      237.33,       -1.59,
      237.80,       -1.58,
      238.32,       -1.56,
      238.80,       -1.54,
      239.28,       -1.46,
      239.80,       -1.39,
      240.32,       -1.37,
      240.80,       -1.36,
      241.24,       -1.34,
      241.72,       -1.30,
      242.20,       -1.29,
      242.67,       -1.26,
      243.19,       -1.24,
      243.67,       -1.20,
      244.11,       -1.15,
      244.59,       -1.07,
      245.07,       -1.02,
      245.55,       -0.98,
      246.03,       -0.94,
      246.55,       -0.90,
      247.07,       -0.90,
      247.54,       -0.86,
      248.06,       -0.85,
      248.54,       -0.84,
      249.02,       -0.81,
      249.46,       -0.79,
      249.98,       -0.72,
      250.46,       -0.67,
      250.94,       -0.65,
      251.46,       -0.62,
      251.94,       -0.59,
      252.38,       -0.55,
      252.85,       -0.51,
      253.33,       -0.48,
      253.81,       -0.43,
      254.33,       -0.38,
      254.85,       -0.38,
      255.29,       -0.36,
      255.81,       -0.34,
      256.33,       -0.29,
      256.81,       -0.29,
      257.29,       -0.29,
      257.76,       -0.24,
      258.24,       -0.23,
      258.72,       -0.20,
      259.24,       -0.15,
      259.72,       -0.16,
      260.16,       -0.16,
      260.64,       -0.15,
      261.12,       -0.11,
      261.60,       -0.08,
      262.08,       -0.04,
      262.59,       -0.03,
      263.07,        0.00,
      263.59,        0.04,
      264.11,        0.06,
      264.59,        0.08,
      265.07,        0.11,
      265.55,        0.15,
      266.03,        0.15,
      266.51,        0.16,
      267.03,        0.15,
      267.50,        0.15,
      267.98,        0.14,
      268.42,        0.13,
      268.90,        0.10,
      269.38,        0.07,
      269.86,        0.06,
      270.38,        0.07,
      270.86,        0.02,
      271.38,        0.02,
      271.86,        0.02,
      272.38,        0.02,
      272.85,        0.06,
      273.33,        0.08,
      273.77,        0.13,
      274.29,        0.15,
      274.81,        0.14,
      275.29,        0.12,
      275.77,        0.11,
      276.25,        0.15,
      276.73,        0.15,
      277.17,        0.19,
      277.64,        0.15,
      278.16,        0.15,
      278.64,        0.21,
      279.16,        0.22,
      279.68,        0.24,
      280.20,        0.23,
      280.68,        0.24,
      281.16,        0.28,
      281.64,        0.26,
      282.12,        0.32,
      282.59,        0.33,
      283.11,        0.32,
      283.59,        0.39,
      284.07,        0.40,
      284.51,        0.45,
      284.99,        0.45,
      285.47,        0.43,
      285.99,        0.44,
      286.47,        0.45,
      286.99,        0.50,
      287.50,        0.55,
      288.02,        0.55,
      288.50,        0.54,
      288.98,        0.46,
      289.46,        0.52,
      289.94,        0.53,
      290.42,        0.49,
      290.94,        0.58,
      291.42,        0.51,
      291.90,        0.49,
      292.38,        0.44,
      292.85,        0.38,
      293.29,        0.19,
      293.81,       -0.02,
      294.33,       -0.11,
      294.81,       -0.16,
      295.33,       -0.16,
      295.85,       -0.15,
      296.33,       -0.14,
      296.85,       -0.12,
      297.29,       -0.11,
      297.76,       -0.08,
      298.28,       -0.05,
      298.76,       -0.02,
      299.24,       -0.02,
      299.72,        0.01,
      300.20,        0.04,
      300.68,        0.06,
      301.16,        0.09,
      301.64,        0.11,
      302.16,        0.16,
      302.67,        0.20,
      303.15,        0.24,
      303.67,        0.27,
      304.19,        0.28,
      304.67,        0.29,
      305.15,        0.32,
      305.63,        0.33,
      306.11,        0.37,
      306.59,        0.45,
      307.11,        0.46,
      307.58,        0.49,
      308.06,        0.53,
      308.54,        0.57,
      309.02,        0.65,
      309.50,        0.67,
      309.98,        0.73,
      310.50,        0.76,
      311.02,        0.79,
      311.54,        0.80,
      312.02,        0.81,
      312.53,        0.84,
      313.01,        0.88,
      313.49,        0.89,
      313.93,        0.94,
      314.45,        0.97,
      314.93,        0.98,
      315.45,        0.98,
      315.93,        0.98,
      316.41,        1.03,
      316.89,        1.02,
      317.37,        1.10,
      317.84,        1.11,
      318.36,        1.11,
      318.88,        1.12,
      319.40,        1.13,
      319.88,        1.20,
      320.40,        1.19,
      320.88,        1.17,
      321.36,        1.19,
      321.80,        1.13,
      322.32,        1.10,
      322.83,        1.07,
      323.31,        1.03,
      323.79,        1.01,
      324.27,        0.91,
      324.75,        0.87,
      325.23,        0.82,
      325.71,        0.77,
      326.27,        0.76,
      326.79,        0.69,
      327.31,        0.65,
      327.78,        0.63,
      328.30,        0.57,
      328.78,        0.43,
      329.26,        0.22,
      329.74,       -0.07,
      330.22,       -0.45,
      330.74,       -0.82,
      331.22,       -1.23,
      331.74,       -1.60,
      332.22,       -1.84,
      332.69,       -1.88,
      333.13,       -1.90,
      333.61,       -1.90,
      334.13,       -1.90,
      334.65,       -1.90,
      335.17,       -1.94,
      335.69,       -1.94,
      336.17,       -1.97,
      336.69,       -1.98,
      337.17,       -1.98,
      337.64,       -1.98,
      338.12,       -1.99,
      338.60,       -2.00,
      339.08,       -1.98,
      339.60,       -1.90,
      340.08,       -1.90,
      340.56,       -1.90,
      341.00,       -1.86,
      341.48,       -1.84,
      342.00,       -1.89,
      342.51,       -1.90,
      343.03,       -1.87,
      343.51,       -1.82,
      344.03,       -1.81,
      344.55,       -1.80,
      345.03,       -1.77,
      345.51,       -1.74,
      345.99,       -1.74,
      346.47,       -1.78,
      346.99,       -1.75,
      347.46,       -1.73,
      347.98,       -1.73,
      348.46,       -1.76,
      348.94,       -1.76,
      349.38,       -1.71,
      349.90,       -1.68,
      350.38,       -1.65,
      350.90,       -1.66,
      351.42,       -1.67,
      351.94,       -1.67,
      352.42,       -1.64,
      352.93,       -1.64,
      353.41,       -1.61,
      353.89,       -1.61,
      354.41,       -1.61,
      354.89,       -1.58,
      355.37,       -1.58,
      355.89,       -1.57,
      356.37,       -1.55,
      356.85,       -1.51,
      357.29,       -1.49,
      357.76,       -1.46,
      358.28,       -1.46,
      358.80,       -1.44,
      359.32,       -1.40,
      359.80,       -1.36,
      360.32,       -1.34,
      360.84,       -1.34,
      361.32,       -1.33,
      361.80,       -1.29,
      362.28,       -1.22,
      362.75,       -1.18,
      363.27,       -1.16,
      363.75,       -1.15,
      364.23,       -1.14,
      364.71,       -1.10,
      365.15,       -1.07,
      365.63,       -1.10,
      366.15,       -1.05,
      366.67,       -1.03,
      367.19,       -1.00,
      367.70,       -1.03,
      368.22,       -1.03,
      368.70,       -1.03,
      369.22,       -1.03,
      369.66,       -1.06,
      370.18,       -1.04,
      370.66,       -1.05,
      371.14,       -1.04,
      371.66,       -1.06,
      372.14,       -1.03,
      372.57,       -0.97,
      373.05,       -0.96,
      373.53,       -0.95,
      374.05,       -0.93,
      374.57,       -0.89,
      375.05,       -0.84,
      375.57,       -0.83,
      376.09,       -0.80,
      376.61,       -0.79,
      377.09,       -0.79,
      377.52,       -0.78,
      378.04,       -0.78,
      378.52,       -0.77,
      379.04,       -0.75,
      379.52,       -0.73,
      379.96,       -0.77,
      380.44,       -0.80,
      380.92,       -0.81,
      381.40,       -0.82,
      381.92,       -0.84,
      382.40,       -0.87,
      382.95,       -0.90,
      383.43,       -0.90,
      383.95,       -0.99,
      384.47,       -1.06,
      384.95,       -1.02,
      385.43,       -0.99,
      385.91,       -0.96,
      386.39,       -0.93,
      386.91,       -0.89,
      387.39,       -0.86,
      387.86,       -0.82,
      388.34,       -0.77,
      388.82,       -0.76,
      389.30,       -0.68,
      389.78,       -0.63,
      390.30,       -0.59,
      390.82,       -0.53,
      391.34,       -0.52,
      391.82,       -0.49,
      392.34,       -0.45,
      392.81,       -0.44,
      393.29,       -0.42,
      393.77,       -0.39,
      394.25,       -0.38,
      394.73,       -0.34,
      395.25,       -0.32,
      395.73,       -0.29,
      396.21,       -0.26,
      396.69,       -0.26,
      397.17,       -0.25,
      397.64,       -0.23,
      398.16,       -0.17,
      398.64,       -0.15,
      399.16,       -0.15,
      399.68,       -0.16,
      400.20,       -0.17,
      400.68,       -0.15,
      401.12,       -0.15,
      401.60,       -0.15,
      402.08,       -0.18,
      402.59,       -0.20,
      403.07,       -0.23,
      403.55,       -0.24,
      404.03,       -0.24,
      404.51,       -0.23,
      404.99,       -0.22,
      405.47,       -0.22,
      405.95,       -0.23,
      406.51,       -0.27,
      406.99,       -0.24,
      407.50,       -0.25,
      408.02,       -0.29,
      408.50,       -0.31,
      408.98,       -0.40,
      409.42,       -0.42,
      409.90,       -0.43,
      410.42,       -0.51,
      410.94,       -0.49,
      411.42,       -0.54,
      411.90,       -0.55,
      412.38,       -0.60,
      412.85,       -0.67,
      413.33,       -0.72,
      413.81,       -0.77,
      414.33,       -0.80,
      414.85,       -0.84,
      415.37,       -1.01,
      415.85,       -1.29,
      416.37,       -1.62,
      416.85,       -2.00,
      417.33,       -2.35,
      417.76,       -2.50,
      418.28,       -2.57,
      418.80,       -2.58,
      419.28,       -2.57,
      419.80,       -2.58,
      420.24,       -2.57,
      420.72,       -2.57,
      421.20,       -2.55,
      421.68,       -2.52,
      422.20,       -2.49,
      422.71,       -2.49,
      423.23,       -2.47,
      423.75,       -2.42,
      424.23,       -2.37,
      424.75,       -2.34,
      425.23,       -2.38,
      425.71,       -2.38,
      426.19,       -2.40,
      426.71,       -2.41,
      427.19,       -2.44,
      427.66,       -2.47,
      428.14,       -2.47,
      428.62,       -2.48,
      429.10,       -2.49,
      429.58,       -2.46,
      430.10,       -2.46,
      430.62,       -2.49,
      431.14,       -2.51,
      431.62,       -2.51,
      432.14,       -2.54,
      432.65,       -2.51,
      433.13,       -2.45,
      433.61,       -2.44,
      434.09,       -2.44,
      434.57,       -2.45,
      435.09,       -2.47,
      435.57,       -2.44,
      436.05,       -2.44,
      436.53,       -2.43,
      437.01,       -2.35,
      437.48,       -2.34,
      438.00,       -2.34,
      438.52,       -2.37,
      439.04,       -2.37,
      439.56,       -2.34,
      440.04,       -2.32,
      440.56,       -2.33,
      441.04,       -2.29,
      441.52,       -2.27,
      442.00,       -2.29,
      442.51,       -2.28,
      442.99,       -2.27,
      443.47,       -2.22,
      443.95,       -2.24,
      444.43,       -2.19,
      444.91,       -2.18,
      445.39,       -2.14,
      445.91,       -2.12,
      446.39,       -2.11,
      446.91,       -2.15,
      447.43,       -2.08,
      447.90,       -1.99,
      448.42,       -1.98,
      448.90,       -1.99,
      449.38,       -1.99,
      449.86,       -2.01,
      450.38,       -1.99,
      450.86,       -1.97,
      451.34,       -1.96,
      451.82,       -1.93,
      452.30,       -1.86,
      452.77,       -1.81,
      453.21,       -1.81,
      453.73,       -1.82,
      454.25,       -1.79,
      454.77,       -1.75,
      455.25,       -1.73,
      455.77,       -1.66,
      456.29,       -1.62,
      456.77,       -1.62,
      457.25,       -1.63,
      457.72,       -1.61,
      458.20,       -1.57,
      458.72,       -1.53,
      459.20,       -1.51,
      459.68,       -1.48,
      460.16,       -1.43,
      460.60,       -1.36,
      461.08,       -1.30,
      461.60,       -1.32,
      462.12,       -1.33,
      462.63,       -1.31,
      463.11,       -1.27,
      463.63,       -1.21,
      464.15,       -1.19,
      464.63,       -1.18,
      465.11,       -1.12,
      465.59,       -1.12,
      466.07,       -1.09,
      466.59,       -1.05,
      467.07,       -1.02,
      467.58,       -0.99,
      468.02,       -0.94,
      468.50,       -0.91,
      468.98,       -0.89,
      469.46,       -0.85,
      469.98,       -0.89,
      470.50,       -0.90,
      470.98,       -0.94,
      471.50,       -0.94,
      472.02,       -0.94,
      472.50,       -0.92,
      472.97,       -0.96,
      473.45,       -1.00,
      473.97,       -1.02,
      474.45,       -0.98,
      474.93,       -0.91,
      475.41,       -0.91,
      475.89,       -0.86,
      476.37,       -0.80,
      476.85,       -0.75,
      477.33,       -0.71,
      477.80,       -0.65,
      478.36,       -0.58,
      478.84,       -0.57,
      479.36,       -0.57,
      479.88,       -0.53,
      480.40,       -0.50,
      480.88,       -0.46,
      481.36,       -0.46,
      481.84,       -0.41,
      482.32,       -0.39,
      482.79,       -0.35,
      483.31,       -0.30,
      483.79,       -0.27,
      484.27,       -0.27,
      484.75,       -0.26,
      485.23,       -0.22,
      485.71,       -0.21,
      486.23,       -0.18,
      486.75,       -0.15,
      487.27,       -0.11,
      487.78,       -0.11,
      488.26,       -0.11,
      488.74,       -0.10,
      489.22,       -0.03,
      489.70,       -0.01,
      490.18,       -0.00,
      490.70,        0.02,
      491.18,        0.03,
      491.66,        0.05,
      492.14,        0.05,
      492.61,        0.07,
      493.09,        0.08,
      493.61,        0.10,
      494.13,        0.11,
      494.65,        0.12,
      495.13,        0.15,
      495.65,        0.15,
      496.17,        0.16,
      496.65,        0.20,
      497.13,        0.16,
      497.56,        0.15,
      498.08,        0.11,
      498.60,        0.04,
      499.08,       -0.02,
      499.56,       -0.10,
      500.04,       -0.15,
      500.52,       -0.16,
      501.00,       -0.17,
      501.48,       -0.16,
      502.00,       -0.15,
      502.52,       -0.12,
      503.03,       -0.07,
      503.55,       -0.05,
      504.03,       -0.06,
      504.55,       -0.07,
      504.99,       -0.11,
      505.47,       -0.05,
      505.99,       -0.01,
      506.47,        0.00,
      506.95,       -0.01,
      507.47,       -0.01,
      507.94,        0.00,
      508.42,        0.03,
      508.90,        0.07,
      509.38,        0.10,
      509.90,        0.10,
      510.42,        0.10,
      510.94,        0.13,
      511.42,        0.13,
      511.94,        0.14,
      512.42,        0.15,
      512.89,        0.15,
      513.37,        0.19,
      513.89,        0.17,
      514.41,        0.18,
      514.93,        0.18,
      515.41,        0.21,
      515.89,        0.23,
      516.37,        0.24,
      516.85,        0.24,
      517.33,        0.26,
      517.84,        0.29,
      518.36,        0.28,
      518.88,        0.28,
      519.36,        0.26,
      519.88,        0.25,
      520.36,        0.28,
      520.84,        0.24,
      521.32,        0.22,
      521.80,        0.25,
      522.36,        0.24,
      522.83,        0.15,
      523.35,        0.08,
      523.83,        0.00,
      524.31,       -0.11,
      524.79,       -0.20,
      525.27,       -0.20,
      525.79,       -0.21,
      526.23,       -0.24,
      526.75,       -0.24,
      527.23,       -0.22,
      527.74,       -0.25,
      528.26,       -0.30,
      528.74,       -0.41,
      529.22,       -0.39,
      529.70,       -0.43,
      530.18,       -0.47,
      530.70,       -0.47,
      531.22,       -0.52,
      531.70,       -0.55,
      532.18,       -0.57,
      532.65,       -0.57,
      533.13,       -0.63,
      533.61,       -0.70,
      534.13,       -0.81,
      534.61,       -0.98,
      535.13,       -1.27,
      535.65,       -1.64,
      536.17,       -2.01,
      536.69,       -2.12,
      537.13,       -2.10,
      537.60,       -2.11,
      538.12,       -2.12,
      538.60,       -2.12,
      539.12,       -2.15,
      539.60,       -2.15,
      540.08,       -2.18,
      540.56,       -2.20,
      541.04,       -2.20,
      541.52,       -2.21,
      542.00,       -2.18,
      542.52,       -2.17,
      543.03,       -2.16,
      543.55,       -2.12,
      544.07,       -2.12,
      544.55,       -2.12,
      545.07,       -2.15,
      545.51,       -2.16,
      546.03,       -2.18,
      546.51,       -2.21,
      547.03,       -2.24,
      547.51,       -2.21,
      547.98,       -2.17,
      548.46,       -2.21,
      548.94,       -2.21,
      549.42,       -2.18,
      549.90,       -2.17,
      550.42,       -2.20,
      550.94,       -2.20,
      551.46,       -2.16,
      551.98,       -2.16,
      552.46,       -2.13,
      552.97,       -2.16,
      553.41,       -2.15,
      553.93,       -2.12,
      554.41,       -2.14,
      554.93,       -2.08,
      555.41,       -2.03,
      555.89,       -2.01,
      556.33,       -1.99,
      556.81,       -1.98,
      557.29,       -1.95,
      557.80,       -1.86,
      558.32,       -1.84,
      558.84,       -1.81,
      559.36,       -1.70,
      559.88,       -1.68,
      560.36,       -1.64,
      560.84,       -1.62,
      561.32,       -1.59,
      561.80,       -1.55,
      562.32,       -1.51,
      562.79,       -1.51,
      563.27,       -1.51,
      563.75,       -1.41,
      564.23,       -1.51,
      564.71,       -1.46,
      565.19,       -1.45,
      565.71,       -1.40,
      566.27,       -1.38,
      566.79,       -1.37,
      567.31,       -1.23,
      567.82,       -1.29,
      568.30,       -1.25,
      568.78,       -1.20,
      569.26,       -1.17,
      569.74,       -1.16,
      570.22,       -1.16,
      570.74,       -1.15,
      571.22,       -1.16,
      571.70,       -1.15,
      572.14,       -1.12,
      572.61,       -1.09,
      573.09,       -1.07,
      573.61,       -1.06,
      574.09,       -1.00,
      574.65,       -0.98,
      575.13,       -0.98,
      575.65,       -0.98,
      576.13,       -0.94,
      576.61,       -0.91,
      577.09,       -0.90,
      577.57,       -0.86,
      578.08,       -0.85,
      578.52,       -0.86,
      579.04,       -0.81,
      579.52,       -0.83,
      580.00,       -0.85,
      580.48,       -0.85,
      580.96,       -0.86,
      581.44,       -0.85,
      581.96,       -0.81,
      582.48,       -0.79,
      582.95,       -0.80,
      583.47,       -0.78,
      583.99,       -0.74,
      584.47,       -0.72,
      584.99,       -0.68,
      585.43,       -0.69,
      585.91,       -0.67,
      586.43,       -0.66,
      586.91,       -0.66,
      587.39,       -0.68,
      587.86,       -0.68,
      588.34,       -0.63,
      588.82,       -0.63,
      589.30,       -0.59,
      589.82,       -0.58,
      590.34,       -0.57,
      590.86,       -0.55,
      591.38,       -0.51,
      591.86,       -0.48,
      592.38,       -0.49,
      592.81,       -0.49,
      593.29,       -0.49,
      593.77,       -0.50,
      594.25,       -0.46,
      594.77,       -0.36,
      595.25,       -0.44,
      595.73,       -0.43,
      596.21,       -0.44,
      596.69,       -0.42,
      597.17,       -0.42,
      597.72,       -0.43,
      598.20,       -0.41,
      598.72,       -0.43,
      599.24,       -0.45,
      599.76,       -0.46,
      600.24,       -0.52,
      600.72,       -0.55,
      601.20,       -0.58,
      601.68,       -0.63,
      602.16,       -0.59,
      602.67,       -0.57,
      603.15,       -0.58,
      603.63,       -0.62,
      604.11,       -0.63,
      604.59,       -0.56,
      605.07,       -0.54,
      605.59,       -0.54,
      606.11,       -0.52,
      606.63,       -0.54,
      607.11,       -0.53,
      607.62,       -0.52,
      608.10,       -0.51,
      608.58,       -0.50,
      609.06,       -0.50,
      609.54,       -0.50,
      610.02,       -0.50,
      610.54,       -0.46,
      611.02,       -0.44,
      611.54,       -0.46,
      612.02,       -0.46,
      612.50,       -0.47,
      612.93,       -0.46,
      613.45,       -0.45,
      613.97,       -0.45,
      614.45,       -0.43,
      614.97,       -0.44,
      615.45,       -0.45,
      615.97,       -0.45,
      616.45,       -0.45,
      616.93,       -0.45,
      617.41,       -0.46,
      617.88,       -0.47,
      618.40,       -0.50,
      618.88,       -0.50,
      619.36,       -0.53,
      619.84,       -0.50,
      620.32,       -0.46,
      620.80,       -0.44,
      621.28,       -0.45,
      621.80,       -0.46,
      622.32,       -0.49,
      622.79,       -0.49,
      623.35,       -0.46,
      623.87,       -0.45,
      624.35,       -0.41,
      624.83,       -0.42,
      625.31,       -0.44,
      625.79,       -0.42,
      626.27,       -0.44,
      626.79,       -0.42,
      627.27,       -0.38,
      627.74,       -0.34,
      628.22,       -0.33,
      628.70,       -0.28,
      629.18,       -0.29,
      629.70,       -0.30,
      630.18,       -0.33,
      630.70,       -0.33,
      631.22,       -0.33,
      631.74,       -0.38,
      632.26,       -0.41,
      632.73,       -0.42,
      633.21,       -0.48,
      633.65,       -0.46,
      634.17,       -0.47,
      634.69,       -0.46,
      635.17,       -0.41,
      635.65,       -0.39,
      636.13,       -0.33,
      636.61,       -0.31,
      637.09,       -0.26,
      637.57,       -0.20,
      638.08,       -0.19,
      638.60,       -0.12,
      639.12,       -0.08,
      639.64,       -0.05,
      640.12,        0.01,
      640.64,        0.04,
      641.08,        0.10,
      641.56,        0.17,
      642.04,        0.22,
      642.56,        0.24,
      643.07,        0.26,
      643.55,        0.30,
      644.03,        0.37,
      644.51,        0.39,
      644.95,        0.39,
      645.43,        0.46,
      645.95,        0.45,
      646.51,        0.51,
      646.99,        0.53,
      647.51,        0.54,
      648.02,        0.59,
      648.50,        0.59,
      649.02,        0.61,
      649.46,        0.63,
      649.98,        0.57,
      650.46,        0.63,
      650.94,        0.55,
      651.46,        0.57,
      651.94,        0.57,
      652.38,        0.40,
      652.85,        0.27,
      653.33,       -0.08,
      653.89,       -0.55,
      654.37,       -0.93,
      654.89,       -1.36,
      655.41,       -1.53,
      655.93,       -1.55,
      656.45,       -1.61,
      656.93,       -1.68,
      657.41,       -1.76,
      657.88,       -1.81,
      658.36,       -1.84,
      658.88,       -1.99,
      659.32,       -2.00,
      659.84,       -2.12,
      660.32,       -2.42,
      660.80,       -2.45,
      661.28,       -2.75,
      661.76,       -2.98,
      662.28,       -3.04,
      662.79,       -3.35,
      663.31,       -3.41,
      663.83,       -3.49,
      664.35,       -3.70,
      664.83,       -3.69,
      665.31,       -3.83,
      665.79,       -3.87,
      666.31,       -3.82,
      666.75,       -3.92,
      667.27,       -3.92,
      667.74,       -3.86,
      668.22,       -3.96,
      668.70,       -3.93,
      669.18,       -3.87,
      669.70,       -3.87,
      670.18,       -3.86,
      670.70,       -3.87,
      671.26,       -3.91,
      671.74,       -3.84,
      672.26,       -3.82,
      672.77,       -3.84,
      673.25,       -3.76,
      673.73,       -3.73,
      674.17,       -3.68,
      674.69,       -3.63,
      675.17,       -3.64,
      675.65,       -3.62,
      676.17,       -3.58,
      676.65,       -3.56,
      677.09,       -3.52,
      677.60,       -3.48,
      678.12,       -3.43,
      678.64,       -3.39,
      679.16,       -3.40,
      679.64,       -3.36,
      680.16,       -3.33,
      680.68,       -3.32,
      681.16,       -3.30,
      681.60,       -3.25,
      682.12,       -3.17,
      682.60,       -3.13,
      683.07,       -3.07,
      683.59,       -3.02,
      684.07,       -2.97,
      684.55,       -2.93,
      685.03,       -2.91,
      685.51,       -2.90,
      686.03,       -2.81,
      686.55,       -2.73,
      687.07,       -2.69,
      687.59,       -2.73,
      688.10,       -2.69,
      688.62,       -2.64,
      689.06,       -2.66,
      689.54,       -2.61,
      690.02,       -2.60,
      690.54,       -2.59,
      691.02,       -2.53,
      691.54,       -2.49,
      692.02,       -2.46,
      692.50,       -2.43,
      692.97,       -2.40,
      693.45,       -2.38,
      693.97,       -2.32,
      694.49,       -2.25,
      694.97,       -2.21,
      695.49,       -2.19,
      696.01,       -2.17,
      696.53,       -2.12,
      697.01,       -2.08,
      697.53,       -2.05,
      698.00,       -1.99,
      698.48,       -1.95,
      699.00,       -1.89,
      699.48,       -1.82,
      699.96,       -1.84,
      700.44,       -1.84,
      700.92,       -1.82,
      701.40,       -1.83,
      701.92,       -1.83,
      702.44,       -1.84,
      702.95,       -1.81,
      703.47,       -1.77,
      703.95,       -1.76,
      704.47,       -1.77,
      704.95,       -1.74,
      705.47,       -1.78,
      705.95,       -1.77,
      706.43,       -1.77,
      706.95,       -1.77,
      707.43,       -1.76,
      707.90,       -1.77,
      708.38,       -1.77,
      708.86,       -1.74,
      709.34,       -1.71,
      709.86,       -1.71,
      710.38,       -1.68,
      710.90,       -1.64,
      711.38,       -1.61,
      711.90,       -1.55,
      712.38,       -1.51,
      712.85,       -1.46,
      713.33,       -1.46,
      713.85,       -1.45,
      714.33,       -1.47,
      714.85,       -1.40,
      715.33,       -1.37,
      715.81,       -1.32,
      716.29,       -1.29,
      716.77,       -1.27,
      717.25,       -1.22,
      717.76,       -1.17,
      718.28,       -1.16,
      718.76,       -1.12,
      719.28,       -1.09,
      719.80,       -1.07,
      720.32,       -1.09,
      720.80,       -1.08,
      721.28,       -1.07,
      721.76,       -1.07,
      722.24,       -1.04,
      722.75,       -1.03,
      723.23,       -1.00,
      723.75,       -1.00,
      724.19,       -1.00,
      724.71,       -0.99,
      725.15,       -1.03,
      725.67,       -1.00,
      726.15,       -1.11,
      726.67,       -1.23,
      727.19,       -1.36,
      727.70,       -1.55,
      728.22,       -1.64,
      728.70,       -1.89,
      729.14,       -2.04,
      729.66,       -2.26,
      730.14,       -2.66,
      730.66,       -2.94,
      731.14,       -3.17,
      731.62,       -3.31,
      732.10,       -3.30,
      732.58,       -3.41,
      733.05,       -3.43,
      733.53,       -3.40,
      734.05,       -3.41,
      734.57,       -3.43,
      735.09,       -3.42,
      735.57,       -3.43,
      736.09,       -3.44,
      736.57,       -3.47,
      737.05,       -3.47,
      737.53,       -3.47,
      738.04,       -3.48,
      738.52,       -3.47,
      739.00,       -3.39,
      739.48,       -3.40,
      739.96,       -3.44,
      740.44,       -3.44,
      740.92,       -3.42,
      741.40,       -3.37,
      741.92,       -3.35,
      742.44,       -3.32,
      742.95,       -3.32,
      743.43,       -3.31,
      743.95,       -3.21,
      744.43,       -3.11,
      744.91,       -3.03,
      745.39,       -2.94,
      745.91,       -2.94,
      746.39,       -2.94,
      746.91,       -2.94,
      747.39,       -2.90,
      747.86,       -2.82,
      748.30,       -2.79,
      748.78,       -2.73,
      749.26,       -2.67,
      749.78,       -2.66,
      750.30,       -2.63,
      750.82,       -2.57,
      751.34,       -2.55,
      751.82,       -2.53,
      752.30,       -2.51,
      752.77,       -2.51,
      753.25,       -2.49,
      753.77,       -2.45,
      754.25,       -2.42,
      754.77,       -2.43,
      755.25,       -2.34,
      755.69,       -2.34,
      756.17,       -2.32,
      756.65,       -2.26,
      757.13,       -2.24,
      757.65,       -2.25,
      758.16,       -2.23,
      758.68,       -2.17,
      759.20,       -2.16,
      759.68,       -2.10,
      760.20,       -1.99,
      760.68,       -1.93,
      761.12,       -1.86,
      761.64,       -1.81,
      762.12,       -1.86,
      762.60,       -1.84,
      763.11,       -1.78,
      763.59,       -1.73,
      764.03,       -1.67,
      764.51,       -1.65,
      764.99,       -1.61,
      765.51,       -1.59,
      766.03,       -1.60,
      766.55,       -1.61,
      767.07,       -1.61,
      767.55,       -1.57,
      768.06,       -1.52,
      768.54,       -1.51,
      769.02,       -1.50,
      769.50,       -1.46,
      769.98,       -1.41,
      770.46,       -1.37,
      770.98,       -1.41,
      771.46,       -1.42,
      771.90,       -1.31,
      772.42,       -1.29,
      772.85,       -1.26,
      773.37,       -1.23,
      773.89,       -1.23,
      774.41,       -1.19,
      774.89,       -1.19,
      775.41,       -1.16,
      775.93,       -1.12,
      776.41,       -1.11,
      776.89,       -1.09,
      777.37,       -1.07,
      777.84,       -1.03,
      778.36,       -0.98,
      778.84,       -0.98,
      779.32,       -0.98,
      779.80,       -0.94,
      780.28,       -0.95,
      780.76,       -0.90,
      781.24,       -0.89,
      781.76,       -0.85,
      782.28,       -0.79,
      782.79,       -0.76,
      783.31,       -0.71,
      783.79,       -0.68,
      784.31,       -0.68,
      784.75,       -0.61,
      785.23,       -0.56,
      785.71,       -0.52,
      786.23,       -0.53,
      786.71,       -0.50,
      787.23,       -0.42,
      787.66,       -0.38,
      788.14,       -0.37,
      788.62,       -0.33,
      789.10,       -0.35,
      789.62,       -0.28,
      790.14,       -0.26,
      790.66,       -0.22,
      791.18,       -0.17,
      791.66,       -0.15,
      792.14,       -0.12,
      792.62,       -0.10,
      793.09,       -0.09,
      793.57,       -0.10,
      794.09,       -0.11,
      794.61,       -0.12,
      795.09,       -0.13,
      795.57,       -0.15,
      796.05,       -0.16,
      796.53,       -0.20,
      797.01,       -0.27,
      797.49,       -0.30,
      798.00,       -0.34,
      798.52,       -0.35,
      799.04,       -0.41,
      799.52,       -0.43,
      800.04,       -0.48,
      800.52,       -0.57,
      801.00,       -0.59,
      801.48,       -0.69,
      801.96,       -0.73,
      802.48,       -0.71,
      802.95,       -0.79,
      803.47,       -0.83,
      803.95,       -0.92,
      804.39,       -1.03,
      804.87,       -0.99,
      805.39,       -1.04,
      805.91,       -1.13,
      806.43,       -1.13,
      806.91,       -1.30,
      807.43,       -1.35,
      807.94,       -1.41,
      808.42,       -1.55,
      808.90,       -1.63,
      809.38,       -1.86,
      809.86,       -2.04,
      810.34,       -2.33,
      810.86,       -2.73,
      811.34,       -3.12,
      811.82,       -3.54,
      812.30,       -3.99,
      812.77,       -4.34,
      813.25,       -4.49,
      813.77,       -4.56,
      814.25,       -4.61,
      814.81,       -4.62,
      815.33,       -4.61,
      815.85,       -4.57,
      816.33,       -4.55,
      816.77,       -4.55,
      817.25,       -4.55,
      817.72,       -4.48,
      818.20,       -4.48,
      818.72,       -4.48,
      819.20,       -4.43,
      819.68,       -4.39,
      820.16,       -4.36,
      820.64,       -4.38,
      821.12,       -4.33,
      821.60,       -4.30,
      822.12,       -4.30,
      822.64,       -4.30,
      823.15,       -4.26,
      823.67,       -4.25,
      824.15,       -4.22,
      824.59,       -4.18,
      825.07,       -4.12,
      825.55,       -4.13,
      826.03,       -4.06,
      826.55,       -4.09,
      827.03,       -4.08,
      827.51,       -4.04,
      827.98,       -4.06,
      828.46,       -3.97,
      828.94,       -3.96,
      829.42,       -3.99,
      829.94,       -3.91,
      830.46,       -3.92,
      830.98,       -3.91,
      831.46,       -3.89,
      831.98,       -3.93,
      832.42,       -3.93,
      832.89,       -3.89,
      833.37,       -3.91,
      833.85,       -3.82,
      834.37,       -3.77,
      834.85,       -3.73,
      835.33,       -3.64,
      835.81,       -3.62,
      836.29,       -3.60,
      836.77,       -3.52,
      837.25,       -3.50,
      837.76,       -3.46,
      838.28,       -3.39,
      838.80,       -3.38,
      839.28,       -3.28,
      839.80,       -3.22,
      840.28,       -3.22,
      840.72,       -3.18,
      841.20,       -3.18,
      841.72,       -3.14,
      842.20,       -3.05,
      842.68,       -3.08,
      843.19,       -3.00,
      843.63,       -2.95,
      844.11,       -2.96,
      844.59,       -2.88,
      845.07,       -2.84,
      845.59,       -2.79,
      846.11,       -2.73,
      846.63,       -2.69,
      847.15,       -2.64,
      847.63,       -2.55,
      848.10,       -2.59,
      848.58,       -2.51,
      849.06,       -2.47,
      849.54,       -2.47,
      850.02,       -2.35,
      850.54,       -2.30,
      851.02,       -2.25,
      851.50,       -2.19,
      851.98,       -2.16,
      852.46,       -2.08,
      852.93,       -2.05,
      853.45,       -2.08,
      853.93,       -2.00,
      854.45,       -2.01,
      854.97,       -1.97,
      855.49,       -1.94,
      855.97,       -1.95,
      856.45,       -1.91,
      856.89,       -1.88,
      857.37,       -1.87,
      857.88,       -1.83,
      858.36,       -1.90,
      858.84,       -1.91,
      859.32,       -1.90,
      859.80,       -1.90,
      860.28,       -1.97,
      860.76,       -2.10,
      861.28,       -2.33,
      861.80,       -2.77,
      862.32,       -3.11,
      862.83,       -3.46,
      863.31,       -3.91,
      863.83,       -4.32,
      864.31,       -4.71,
      864.75,       -5.14,
      865.23,       -5.47,
      865.71,       -5.76,
      866.23,       -6.13,
      866.71,       -6.37,
      867.19,       -6.64,
      867.67,       -6.92,
      868.14,       -6.94,
      868.62,       -6.91,
      869.10,       -6.95,
      869.62,       -6.88,
      870.14,       -6.80,
      870.66,       -6.82,
      871.18,       -6.74,
      871.70,       -6.71,
      872.18,       -6.73,
      872.62,       -6.75,
      873.09,       -6.79,
      873.57,       -6.75,
      874.09,       -6.75,
      874.57,       -6.71,
      875.09,       -6.73,
      875.57,       -6.75,
      876.01,       -6.79,
      876.49,       -6.85,
      876.97,       -6.86,
      877.49,       -6.88,
      878.00,       -6.92,
      878.52,       -7.01,
      879.04,       -6.97,
      879.56,       -6.98,
      880.04,       -7.01,
      880.52,       -7.06,
      880.96,       -7.08,
      881.48,       -7.04,
      881.96,       -6.98,
      882.48,       -6.97,
      882.95,       -6.93,
      883.43,       -6.93,
      883.91,       -6.97,
      884.39,       -6.98,
      884.87,       -6.98,
      885.39,       -6.98,
      885.91,       -6.98,
      886.43,       -6.97,
      886.95,       -6.93,
      887.43,       -6.86,
      887.90,       -6.81,
      888.38,       -6.81,
      888.86,       -6.82,
      889.34,       -6.74,
      889.86,       -6.68,
      890.34,       -6.64,
      890.82,       -6.59,
      891.30,       -6.57,
      891.78,       -6.53,
      892.22,       -6.43,
      892.73,       -6.40,
      893.21,       -6.33,
      893.73,       -6.23,
      894.25,       -6.20,
      894.77,       -6.11,
      895.29,       -6.04,
      895.77,       -5.99,
      896.25,       -5.85,
      896.73,       -5.72,
      897.21,       -5.70,
      897.69,       -5.63,
      898.20,       -5.58,
      898.68,       -5.62,
      899.16,       -5.59,
      899.64,       -5.52,
      900.12,       -5.51,
      900.60,       -5.46,
      901.12,       -5.43,
      901.68,       -5.39,
      902.16,       -5.27,
      902.68,       -5.18,
      903.19,       -5.16,
      903.71,       -5.09,
      904.19,       -5.03,
      904.67,       -4.98,
      905.15,       -4.92,
      905.63,       -4.87,
      906.15,       -4.86,
      906.63,       -4.74,
      907.11,       -4.64,
      907.63,       -4.61,
      908.06,       -4.53,
      908.54,       -4.50,
      909.06,       -4.46,
      909.54,       -4.40,
      910.06,       -4.38,
      910.58,       -4.37,
      911.10,       -4.27,
      911.62,       -4.23,
      912.10,       -4.18,
      912.58,       -4.11,
      913.05,       -4.10,
      913.53,       -4.07,
      914.01,       -4.01,
      914.53,       -3.98,
      915.01,       -3.97,
      915.53,       -3.91,
      916.01,       -3.91,
      916.45,       -3.91,
      916.93,       -3.87,
      917.45,       -3.82,
      917.96,       -3.80,
      918.48,       -3.74,
      918.96,       -3.69,
      919.48,       -3.61,
      920.00,       -3.56,
      920.44,       -3.51,
      920.92,       -3.39,
      921.40,       -3.31,
      921.88,       -3.26,
      922.40,       -3.21,
      922.87,       -3.24,
      923.39,       -3.21,
      923.87,       -3.12,
      924.31,       -3.06,
      924.79,       -2.97,
      925.31,       -2.90,
      925.83,       -2.87,
      926.31,       -2.79,
      926.83,       -2.70,
      927.35,       -2.69,
      927.86,       -2.64,
      928.30,       -2.60,
      928.78,       -2.56,
      929.26,       -2.45,
      929.74,       -2.44,
      930.26,       -2.40,
      930.74,       -2.34,
      931.22,       -2.34,
      931.70,       -2.29,
      932.18,       -2.23,
      932.66,       -2.21,
      933.13,       -2.14,
      933.65,       -2.12,
      934.17,       -2.10,
      934.69,       -2.06,
      935.21,       -2.05,
      935.69,       -2.03,
      936.17,       -1.99,
      936.65,       -1.99,
      937.13,       -1.95,
      937.61,       -1.94,
      938.12,       -1.90,
      938.64,       -1.86,
      939.08,       -1.83,
      939.56,       -1.81,
      940.04,       -1.82,
      940.52,       -1.77,
      941.04,       -1.75,
      941.52,       -1.78,
      942.04,       -1.81,
      942.56,       -1.77,
      943.07,       -1.76,
      943.59,       -1.71,
      944.07,       -1.67,
      944.55,       -1.63,
      945.03,       -1.60,
      945.51,       -1.60,
      946.03,       -1.51,
      946.51,       -1.46,
      946.99,       -1.44,
      947.47,       -1.39,
      947.94,       -1.29,
      948.42,       -1.20,
      948.90,       -1.15,
      949.42,       -1.12,
      949.94,       -1.11,
      950.46,       -1.03,
      950.98,       -0.98,
      951.46,       -0.95,
      951.98,       -0.90,
      952.46,       -0.84,
      952.93,       -0.80,
      953.41,       -0.77,
      953.89,       -0.72,
      954.41,       -0.64,
      954.89,       -0.63,
      955.37,       -0.55,
      955.85,       -0.55,
      956.33,       -0.50,
      956.81,       -0.44,
      957.33,       -0.42,
      957.84,       -0.44,
      958.36,       -0.44,
      958.88,       -0.42,
      959.40,       -0.45,
      959.88,       -0.43,
      960.36,       -0.46,
      960.84,       -0.58,
      961.32,       -0.74,
      961.80,       -0.87,
      962.32,       -0.93,
      962.83,       -0.96,
      963.31,       -1.00,
      963.79,       -1.02,
      964.27,       -1.03,
      964.75,       -0.93,
      965.27,       -1.02,
      965.75,       -1.04,
      966.27,       -1.04,
      966.79,       -1.03,
      967.31,       -1.03,
      967.82,       -1.03,
      968.30,       -0.99,
      968.82,       -0.97,
      969.30,       -0.94,
      969.78,       -0.91,
      970.26,       -0.91,
      970.78,       -0.90,
      971.26,       -0.86,
      971.78,       -0.85,
      972.26,       -0.87,
      972.70,       -0.85,
      973.21,       -0.77,
      973.73,       -0.75,
      974.25,       -0.72,
      974.77,       -0.68,
      975.25,       -0.68,
      975.77,       -0.63,
      976.29,       -0.64,
      976.77,       -0.63,
      977.29,       -0.62,
      977.76,       -0.59,
      978.28,       -0.53,
      978.76,       -0.50,
      979.28,       -0.50,
      979.76,       -0.49,
      980.24,       -0.46,
      980.72,       -0.43,
      981.20,       -0.37,
      981.72,       -0.37,
      982.24,       -0.37,
      982.76,       -0.37,
      983.23,       -0.29,
      983.75,       -0.28,
      984.27,       -0.25,
      984.75,       -0.19,
      985.27,       -0.20,
      985.79,       -0.18,
      986.27,       -0.12,
      986.79,       -0.07,
      987.27,       -0.06,
      987.75,       -0.05,
      988.22,       -0.07,
      988.70,       -0.04,
      989.22,       -0.01,
      989.70,        0.02,
      990.22,        0.01,
      990.70,        0.00,
      991.22,        0.00,
      991.74,        0.03,
      992.26,        0.05,
      992.77,        0.02,
      993.25,        0.00,
      993.77,       -0.11,
      994.25,       -0.24,
      994.77,       -0.53,
      995.25,       -0.90,
      995.73,       -1.31,
      996.21,       -1.68,
      996.69,       -1.90,
      997.21,       -1.90,
      997.69,       -1.90,
      998.20,       -1.91,
      998.68,       -1.91,
      999.20,       -1.89,
      999.72,       -1.90,
     1000.24,       -1.88,
     1000.76,       -1.90,
     1001.24,       -1.86,
     1001.76,       -1.82,
     1002.24,       -1.83,
     1002.72,       -1.79,
     1003.23,       -1.77,
     1003.71,       -1.83,
     1004.19,       -1.85,
     1004.67,       -1.89,
     1005.15,       -1.91,
     1005.63,       -1.93,
     1006.15,       -1.96,
     1006.67,       -1.98,
     1007.19,       -2.00,
     1007.71,       -2.07,
     1008.22,       -2.06,
     1008.70,       -2.03,
     1009.22,       -2.02,
     1009.70,       -1.98,
     1010.22,       -1.99,
     1010.70,       -1.96,
     1011.18,       -1.94,
     1011.70,       -1.90,
     1012.14,       -1.86,
     1012.62,       -1.86,
     1013.09,       -1.84,
     1013.61,       -1.81,
     1014.13,       -1.81,
     1014.65,       -1.81,
     1015.17,       -1.77,
     1015.69,       -1.77,
     1016.21,       -1.77,
     1016.69,       -1.76,
     1017.17,       -1.72,
     1017.69,       -1.70,
     1018.16,       -1.68,
     1018.68,       -1.70,
     1019.16,       -1.64,
     1019.64,       -1.59,
     1020.12,       -1.59,
     1020.56,       -1.60,
     1021.08,       -1.59,
     1021.56,       -1.60,
     1022.08,       -1.60,
     1022.60,       -1.59,
     1023.11,       -1.60,
     1023.63,       -1.69,
     1024.15,       -1.81,
     1024.67,       -1.93,
     1025.15,       -2.07,
     1025.63,       -2.29,
     1026.15,       -2.50,
     1026.63,       -2.99,
     1027.15,       -3.36,
     1027.63,       -3.74,
     1028.06,       -4.16,
     1028.54,       -4.53,
     1029.06,       -4.98,
     1029.54,       -5.43,
     1030.06,       -5.91,
     1030.58,       -6.34,
     1031.10,       -6.75,
     1031.62,       -7.14,
     1032.14,       -7.45,
     1032.62,       -7.52,
     1033.13,       -7.49,
     1033.61,       -7.54,
     1034.13,       -7.66,
     1034.61,       -7.70,
     1035.09,       -7.68,
     1035.57,       -7.60,
     1036.05,       -7.50,
     1036.53,       -7.44,
     1037.01,       -7.41,
     1037.53,       -7.36,
     1038.04,       -7.32,
     1038.56,       -7.31,
     1039.08,       -7.32,
     1039.60,       -7.28,
     1040.08,       -7.25,
     1040.60,       -7.20,
     1041.08,       -7.22,
     1041.60,       -7.23,
     1042.08,       -7.25,
     1042.60,       -7.23,
     1043.03,       -7.19,
     1043.55,       -7.14,
     1044.03,       -7.10,
     1044.51,       -7.05,
     1044.99,       -7.02,
     1045.51,       -6.97,
     1045.99,       -6.93,
     1046.51,       -6.85,
     1047.03,       -6.78,
     1047.55,       -6.68,
     1048.06,       -6.62,
     1048.58,       -6.60,
     1049.06,       -6.59,
     1049.54,       -6.53,
     1050.06,       -6.49,
     1050.54,       -6.45,
     1051.02,       -6.39,
     1051.50,       -6.32,
     1051.98,       -6.26,
     1052.46,       -6.20,
     1052.97,       -6.13,
     1053.45,       -6.07,
     1053.97,       -6.01,
     1054.49,       -5.91,
     1055.01,       -5.84,
     1055.53,       -5.80,
     1056.05,       -5.75,
     1056.53,       -5.72,
     1057.05,       -5.67,
     1057.53,       -5.58,
     1058.00,       -5.53,
     1058.52,       -5.43,
     1059.00,       -5.35,
     1059.48,       -5.26,
     1059.96,       -5.18,
     1060.44,       -5.11,
     1060.96,       -5.05,
     1061.44,       -5.00,
     1061.96,       -4.96,
     1062.48,       -4.88,
     1062.99,       -4.81,
     1063.51,       -4.74,
     1064.03,       -4.68,
     1064.51,       -4.63,
     1065.03,       -4.60,
     1065.51,       -4.57,
     1065.99,       -4.49,
     1066.51,       -4.43,
     1066.99,       -4.36,
     1067.47,       -4.30,
     1067.94,       -4.26,
     1068.42,       -4.19,
     1068.94,       -4.12,
     1069.42,       -4.06,
     1069.94,       -3.98,
     1070.46,       -3.91,
     1070.98,       -3.85,
     1071.50,       -3.74,
     1072.02,       -3.66,
     1072.50,       -3.59,
     1072.97,       -3.56,
     1073.49,       -3.52,
     1073.97,       -3.44,
     1074.49,       -3.43,
     1074.97,       -3.36,
     1075.45,       -3.31,
     1075.93,       -3.25,
     1076.45,       -3.19,
     1076.93,       -3.13,
     1077.41,       -3.07,
     1077.92,       -3.04,
     1078.44,       -3.03,
     1078.96,       -2.95,
     1079.48,       -2.86,
     1079.96,       -2.84,
     1080.48,       -2.87,
     1080.96,       -2.91,
     1081.48,       -2.91,
     1081.96,       -2.89,
     1082.44,       -2.84,
     1082.91,       -2.81,
     1083.39,       -2.75,
     1083.87,       -2.71,
     1084.35,       -2.69,
     1084.87,       -2.66,
     1085.39,       -2.60,
     1085.91,       -2.55,
     1086.43,       -2.53,
     1086.91,       -2.50,
     1087.43,       -2.44,
     1087.90,       -2.38,
     1088.42,       -2.37,
     1088.90,       -2.31,
     1089.38,       -2.27,
     1089.90,       -2.25,
     1090.38,       -2.25,
     1090.90,       -2.25,
     1091.38,       -2.27,
     1091.86,       -2.28,
     1092.34,       -2.34,
     1092.85,       -2.38,
     1093.33,       -2.42,
     1093.85,       -2.51,
     1094.37,       -2.56,
     1094.85,       -2.59,
     1095.37,       -2.55,
     1095.89,       -2.61,
     1096.41,       -2.74,
     1096.89,       -2.82,
     1097.41,       -2.86,
     1097.88,       -2.91,
     1098.40,       -2.98,
     1098.88,       -2.99,
     1099.36,       -3.05,
     1099.84,       -3.10,
     1100.32,       -3.18,
     1100.80,       -3.26,
     1101.32,       -3.30,
     1101.84,       -3.40,
     1102.32,       -3.56,
     1102.83,       -3.68,
     1103.35,       -3.82,
     1103.87,       -4.02,
     1104.35,       -4.18,
     1104.87,       -4.38,
     1105.35,       -4.60,
     1105.87,       -4.85,
     1106.35,       -5.05,
     1106.83,       -5.24,
     1107.35,       -5.38,
     1107.82,       -5.56,
     1108.30,       -5.67,
     1108.78,       -5.73,
     1109.26,       -5.79,
     1109.78,       -5.83,
     1110.30,       -5.91,
     1110.78,       -5.95,
     1111.30,       -5.96,
     1111.82,       -6.00,
     1112.34,       -5.99,
     1112.82,       -6.00,
     1113.33,       -5.99,
     1113.81,       -6.00,
     1114.29,       -5.98,
     1114.81,       -5.98,
     1115.29,       -5.97,
     1115.77,       -5.97,
     1116.25,       -5.95,
     1116.73,       -5.95,
     1117.21,       -5.91,
     1117.73,       -5.90,
     1118.24,       -5.89,
     1118.76,       -5.89,
     1119.28,       -5.93,
     1119.80,       -5.91,
     1120.28,       -5.86,
     1120.80,       -5.89,
     1121.28,       -5.83,
     1121.76,       -5.76,
     1122.28,       -5.75,
     1122.76,       -5.68,
     1123.23,       -5.59,
     1123.75,       -5.54,
     1124.19,       -5.44,
     1124.67,       -5.37,
     1125.19,       -5.40,
     1125.67,       -5.29,
     1126.19,       -5.30,
     1126.71,       -5.35,
     1127.23,       -5.27,
     1127.75,       -5.29,
     1128.22,       -5.31,
     1128.74,       -5.18,
     1129.22,       -5.20,
     1129.70,       -5.18,
     1130.22,       -5.09,
     1130.70,       -5.11,
     1131.18,       -5.11,
     1131.66,       -5.03,
     1132.10,       -5.05,
     1132.58,       -5.01,
     1133.09,       -4.93,
     1133.61,       -5.02,
     1134.13,       -4.99,
     1134.65,       -4.92,
     1135.17,       -4.93,
     1135.69,       -4.90,
     1136.17,       -4.86,
     1136.65,       -4.90,
     1137.13,       -4.84,
     1137.65,       -4.79,
     1138.12,       -4.85,
     1138.64,       -4.74,
     1139.12,       -4.69,
     1139.56,       -4.67,
     1140.04,       -4.54,
     1140.52,       -4.51,
     1141.04,       -4.49,
     1141.52,       -4.36,
     1142.04,       -4.35,
     1142.56,       -4.32,
     1143.07,       -4.20,
     1143.59,       -4.26,
     1144.07,       -4.27,
     1144.55,       -4.15,
     1145.07,       -4.21,
     1145.55,       -4.17,
     1146.07,       -4.15,
     1146.55,       -4.20,
     1146.99,       -4.17,
     1147.47,       -4.15,
     1147.94,       -4.18,
     1148.42,       -4.16,
     1148.94,       -4.13,
     1149.46,       -4.13,
     1149.98,       -4.07,
     1150.50,       -4.07,
     1151.02,       -4.06,
     1151.54,       -4.03,
     1152.02,       -4.04,
     1152.50,       -4.01,
     1152.97,       -4.03,
     1153.49,       -4.01,
     1153.97,       -3.99,
     1154.45,       -3.95,
     1154.93,       -3.96,
     1155.41,       -3.87,
     1155.89,       -3.83,
     1156.37,       -3.82,
     1156.89,       -3.77,
     1157.41,       -3.74,
     1157.92,       -3.76,
     1158.44,       -3.68,
     1158.92,       -3.70,
     1159.44,       -3.68,
     1159.96,       -3.63,
     1160.48,       -3.65,
     1160.96,       -3.65,
     1161.44,       -3.61,
     1161.92,       -3.63,
     1162.44,       -3.64,
     1162.91,       -3.65,
     1163.39,       -3.72,
     1163.87,       -3.73,
     1164.35,       -3.78,
     1164.87,       -3.85,
     1165.35,       -3.82,
     1165.87,       -3.78,
     1166.39,       -3.78,
     1166.91,       -3.72,
     1167.43,       -3.70,
     1167.94,       -3.66,
     1168.42,       -3.62,
     1168.90,       -3.60,
     1169.38,       -3.54,
     1169.86,       -3.50,
     1170.38,       -3.46,
     1170.86,       -3.43,
     1171.34,       -3.36,
     1171.82,       -3.32,
     1172.30,       -3.30,
     1172.82,       -3.26,
     1173.29,       -3.18,
     1173.81,       -3.14,
     1174.33,       -3.10,
     1174.85,       -3.09,
     1175.37,       -3.05,
     1175.89,       -3.04,
     1176.37,       -3.04,
     1176.85,       -2.95,
     1177.33,       -2.91,
     1177.84,       -2.88,
     1178.32,       -2.84,
     1178.80,       -2.82,
     1179.28,       -2.82,
     1179.76,       -2.82,
     1180.24,       -2.82,
     1180.76,       -2.80,
     1181.24,       -2.78,
     1181.76,       -2.78,
     1182.28,       -2.78,
     1182.80,       -2.90,
     1183.31,       -3.05,
     1183.79,       -3.13,
     1184.31,       -3.27,
     1184.79,       -3.26,
     1185.27,       -3.24,
     1185.75,       -3.28,
     1186.27,       -3.22,
     1186.75,       -3.17,
     1187.23,       -3.18,
     1187.71,       -3.10,
     1188.18,       -3.08,
     1188.66,       -3.08,
     1189.18,       -2.99,
     1189.70,       -2.97,
     1190.22,       -2.96,
     1190.74,       -2.88,
     1191.22,       -2.90,
     1191.74,       -2.82,
     1192.22,       -2.75,
     1192.70,       -2.79,
     1193.17,       -2.70,
     1193.69,       -2.62,
     1194.17,       -2.58,
     1194.65,       -2.47,
     1195.13,       -2.44,
     1195.61,       -2.38,
     1196.09,       -2.30,
     1196.57,       -2.26,
     1197.09,       -2.21,
     1197.61,       -2.16,
     1198.12,       -2.12,
     1198.60,       -2.08,
     1199.12,       -2.06,
     1199.64,       -2.03,
     1200.12,       -1.97,
     1200.60,       -1.94,
     1201.08,       -1.90,
     1201.60,       -1.86,
     1202.08,       -1.82,
     1202.60,       -1.82,
     1203.07,       -1.80,
     1203.51,       -1.80,
     1203.99,       -1.81,
     1204.47,       -1.77,
     1204.95,       -1.88,
     1205.47,       -2.15,
     1205.91,       -2.41,
     1206.43,       -2.71,
     1206.91,       -3.09,
     1207.39,       -3.37,
     1207.83,       -3.49,
     1208.26,       -3.56,
     1208.70,       -3.56,
     1209.14,       -3.61,
     1209.62,       -3.71,
     1210.02,       -3.74,
     1210.46,       -3.81,
     1210.86,       -3.92,
     1211.26,       -3.95,
     1211.66,       -4.04,
     1212.06,       -4.17,
     1212.46,       -4.26,
     1212.85,       -4.44,
     1213.29,       -4.62,
     1213.69,       -4.78,
     1214.09,       -4.93,
     1214.49,       -5.09,
     1214.89,       -5.35,
     1215.25,       -5.65,
     1215.57,       -5.97,
     1215.89,       -6.32,
     1216.17,       -6.65,
     1216.45,       -6.93,
     1216.73,       -7.09,
     1216.97,       -7.18,
     1217.17,       -7.23,
     1217.41,       -7.23,
     1217.57,       -7.30,
     1217.73,       -7.35,
     1217.89,       -7.37,
     1218.00,       -7.40,
     1218.08,       -7.42,
     1218.20,       -7.41,
     1218.24,       -7.46,
     1218.28,       -7.47,
     1218.32,       -7.47,
     1218.36,       -7.47,
