       -0.00,        0.46,
        0.04,        0.45,
        0.08,        0.44,
        0.12,        0.44,
        0.20,        0.45,
        0.24,        0.45,
        0.28,        0.45,
        0.36,        0.46,
        0.44,        0.49,
        0.48,        0.49,
        0.56,        0.49,
        0.64,        0.51,
        0.72,        0.53,
        0.84,        0.55,
        0.92,        0.57,
        1.00,        0.62,
        1.12,        0.63,
        1.20,        0.65,
        1.32,        0.68,
        1.40,        0.66,
        1.52,        0.68,
        1.64,        0.69,
        1.72,        0.70,
        1.84,        0.72,
        1.96,        0.72,
        2.08,        0.73,
        2.20,        0.76,
        2.35,        0.76,
        2.47,        0.84,
        2.59,        0.82,
        2.75,        0.85,
        2.87,        0.85,
        3.03,        0.90,
        3.19,        0.93,
        3.35,        0.92,
        3.51,        0.97,
        3.67,        0.95,
        3.83,        0.97,
        3.99,        1.01,
        4.15,        1.02,
        4.35,        1.03,
        4.51,        1.03,
        4.71,        1.03,
        4.91,        1.04,
        5.07,        1.07,
        5.27,        1.09,
        5.51,        1.08,
        5.71,        1.06,
        5.91,        1.05,
        6.15,        1.06,
        6.39,        1.07,
        6.59,        1.10,
        6.83,        1.10,
        7.03,        1.07,
        7.27,        1.10,
        7.46,        1.08,
        7.66,        1.11,
        7.90,        1.11,
        8.10,        1.12,
        8.34,        1.14,
        8.58,        1.15,
        8.78,        1.17,
        9.02,        1.16,
        9.26,        1.15,
        9.50,        1.17,
        9.74,        1.16,
        9.98,        1.18,
       10.22,        1.20,
       10.50,        1.19,
       10.74,        1.23,
       10.98,        1.20,
       11.18,        1.21,
       11.46,        1.24,
       11.70,        1.25,
       11.98,        1.26,
       12.22,        1.25,
       12.49,        1.25,
       12.73,        1.29,
       13.01,        1.30,
       13.29,        1.32,
       13.57,        1.32,
       13.89,        1.33,
       14.17,        1.38,
       14.49,        1.38,
       14.77,        1.38,
       15.09,        1.42,
       15.37,        1.44,
       15.65,        1.44,
       15.93,        1.45,
       16.21,        1.46,
       16.53,        1.48,
       16.81,        1.49,
       17.09,        1.49,
       17.40,        1.50,
       17.68,        1.50,
       18.00,        1.51,
       18.28,        1.53,
       18.60,        1.55,
       18.88,        1.57,
       19.20,        1.62,
       19.48,        1.64,
       19.76,        1.66,
       20.08,        1.66,
       20.40,        1.68,
       20.68,        1.68,
       21.00,        1.73,
       21.32,        1.77,
       21.64,        1.76,
       22.00,        1.77,
       22.31,        1.75,
       22.67,        1.76,
       23.03,        1.76,
       23.35,        1.80,
       23.71,        1.82,
       24.03,        1.86,
       24.35,        1.86,
       24.67,        1.86,
       25.03,        1.86,
       25.35,        1.86,
       25.71,        1.86,
       26.03,        1.88,
       26.39,        1.88,
       26.71,        1.88,
       27.07,        1.87,
       27.38,        1.91,
       27.74,        1.90,
       28.06,        1.90,
       28.42,        1.90,
       28.74,        1.90,
       29.10,        1.89,
       29.46,        1.80,
       29.82,        1.60,
       30.14,        1.45,
       30.54,        1.18,
       30.90,        0.87,
       31.30,        0.62,
       31.66,        0.26,
       32.02,       -0.03,
       32.37,       -0.37,
       32.73,       -0.71,
       33.09,       -1.03,
       33.45,       -1.33,
       33.81,       -1.40,
       34.17,       -1.40,
       34.53,       -1.43,
       34.93,       -1.39,
       35.25,       -1.42,
       35.61,       -1.46,
       35.97,       -1.45,
       36.33,       -1.51,
       36.69,       -1.51,
       37.09,       -1.50,
       37.44,       -1.59,
       37.84,       -1.61,
       38.20,       -1.63,
       38.60,       -1.66,
       39.00,       -1.63,
       39.40,       -1.68,
       39.76,       -1.72,
       40.16,       -1.69,
       40.52,       -1.73,
       40.88,       -1.72,
       41.28,       -1.73,
       41.68,       -1.76,
       42.04,       -1.77,
       42.43,       -1.78,
       42.83,       -1.81,
       43.19,       -1.79,
       43.55,       -1.80,
       43.95,       -1.80,
       44.31,       -1.83,
       44.71,       -1.82,
       45.11,       -1.83,
       45.47,       -1.85,
       45.87,       -1.86,
       46.31,       -1.83,
       46.71,       -1.83,
       47.11,       -1.87,
       47.50,       -1.90,
       47.90,       -1.90,
       48.30,       -1.90,
       48.70,       -1.88,
       49.10,       -1.85,
       49.50,       -1.86,
       49.90,       -1.86,
       50.30,       -1.81,
       50.70,       -1.81,
       51.10,       -1.83,
       51.50,       -1.85,
       51.90,       -1.86,
       52.29,       -1.86,
       52.69,       -1.88,
       53.09,       -1.89,
       53.49,       -1.87,
       53.93,       -1.89,
       54.37,       -1.90,
       54.77,       -1.90,
       55.21,       -1.89,
       55.65,       -1.90,
       56.05,       -1.90,
       56.45,       -1.90,
       56.85,       -1.87,
       57.29,       -1.86,
       57.68,       -1.88,
       58.12,       -1.87,
       58.56,       -1.85,
       58.96,       -1.85,
       59.36,       -1.86,
       59.76,       -1.84,
       60.20,       -1.83,
       60.60,       -1.81,
       61.04,       -1.83,
       61.44,       -1.81,
       61.88,       -1.79,
       62.35,       -1.77,
       62.79,       -1.78,
       63.23,       -1.78,
       63.67,       -1.75,
       64.07,       -1.76,
       64.51,       -1.77,
       64.95,       -1.79,
       65.35,       -1.77,
       65.79,       -1.74,
       66.19,       -1.73,
       66.63,       -1.75,
       67.07,       -1.75,
       67.46,       -1.75,
       67.90,       -1.77,
       68.30,       -1.73,
       68.74,       -1.72,
       69.18,       -1.71,
       69.58,       -1.70,
       70.02,       -1.68,
       70.50,       -1.62,
       70.94,       -1.61,
       71.38,       -1.61,
       71.78,       -1.61,
       72.22,       -1.63,
       72.61,       -1.62,
       73.05,       -1.63,
       73.49,       -1.63,
       73.93,       -1.64,
       74.37,       -1.62,
       74.77,       -1.61,
       75.21,       -1.57,
       75.65,       -1.56,
       76.05,       -1.56,
       76.49,       -1.56,
       76.93,       -1.55,
       77.32,       -1.51,
       77.76,       -1.50,
       78.20,       -1.49,
       78.68,       -1.49,
       79.16,       -1.50,
       79.60,       -1.51,
       80.04,       -1.48,
       80.44,       -1.44,
       80.88,       -1.40,
       81.36,       -1.39,
       81.80,       -1.38,
       82.24,       -1.36,
       82.67,       -1.36,
       83.15,       -1.36,
       83.59,       -1.35,
       83.99,       -1.28,
       84.43,       -1.25,
       84.87,       -1.23,
       85.31,       -1.20,
       85.79,       -1.19,
       86.27,       -1.20,
       86.75,       -1.20,
       87.19,       -1.19,
       87.66,       -1.20,
       88.10,       -1.17,
       88.54,       -1.19,
       88.98,       -1.16,
       89.46,       -1.18,
       89.90,       -1.18,
       90.34,       -1.14,
       90.82,       -1.15,
       91.26,       -1.16,
       91.70,       -1.17,
       92.14,       -1.13,
       92.57,       -1.12,
       93.01,       -1.13,
       93.49,       -1.12,
       93.93,       -1.12,
       94.45,       -1.13,
       94.93,       -1.10,
       95.41,       -1.08,
       95.85,       -1.06,
       96.33,       -1.06,
       96.77,       -1.03,
       97.25,       -1.01,
       97.68,       -0.98,
       98.16,       -0.98,
       98.60,       -0.96,
       99.08,       -0.95,
       99.52,       -0.95,
       99.96,       -0.91,
      100.44,       -0.87,
      100.88,       -0.85,
      101.36,       -0.85,
      101.84,       -0.85,
      102.32,       -0.82,
      102.79,       -0.80,
      103.27,       -0.78,
      103.75,       -0.77,
      104.19,       -0.78,
      104.67,       -0.78,
      105.11,       -0.75,
      105.55,       -0.74,
      106.03,       -0.75,
      106.51,       -0.72,
      106.95,       -0.69,
      107.42,       -0.69,
      107.86,       -0.70,
      108.34,       -0.72,
      108.78,       -0.69,
      109.26,       -0.65,
      109.74,       -0.63,
      110.22,       -0.61,
      110.70,       -0.62,
      111.22,       -0.62,
      111.70,       -0.63,
      112.14,       -0.64,
      112.57,       -0.63,
      113.05,       -0.63,
      113.53,       -0.63,
      114.01,       -0.59,
      114.49,       -0.59,
      114.93,       -0.59,
      115.41,       -0.52,
      115.85,       -0.54,
      116.33,       -0.54,
      116.81,       -0.50,
      117.29,       -0.48,
      117.76,       -0.46,
      118.24,       -0.46,
      118.76,       -0.45,
      119.24,       -0.41,
      119.72,       -0.42,
      120.20,       -0.41,
      120.68,       -0.41,
      121.12,       -0.42,
      121.60,       -0.42,
      122.12,       -0.42,
      122.59,       -0.42,
      123.07,       -0.39,
      123.55,       -0.39,
      123.99,       -0.37,
      124.47,       -0.41,
      124.95,       -0.46,
      125.39,       -0.49,
      125.91,       -0.51,
      126.39,       -0.51,
      126.87,       -0.50,
      127.38,       -0.52,
      127.90,       -0.55,
      128.34,       -0.59,
      128.82,       -0.63,
      129.30,       -0.67,
      129.78,       -0.72,
      130.26,       -0.80,
      130.74,       -0.91,
      131.22,       -1.08,
      131.70,       -1.31,
      132.14,       -1.48,
      132.61,       -1.51,
      133.09,       -1.46,
      133.57,       -1.44,
      134.05,       -1.42,
      134.61,       -1.42,
      135.09,       -1.39,
      135.61,       -1.36,
      136.09,       -1.35,
      136.57,       -1.34,
      137.05,       -1.33,
      137.52,       -1.30,
      138.00,       -1.28,
      138.52,       -1.25,
      139.00,       -1.23,
      139.44,       -1.18,
      139.92,       -1.16,
      140.40,       -1.14,
      140.84,       -1.12,
      141.36,       -1.12,
      141.84,       -1.11,
      142.35,       -1.11,
      142.83,       -1.11,
      143.35,       -1.05,
      143.83,       -1.06,
      144.31,       -1.05,
      144.79,       -1.06,
      145.27,       -1.04,
      145.75,       -1.00,
      146.23,       -1.00,
      146.75,       -0.96,
      147.23,       -0.95,
      147.70,       -0.92,
      148.14,       -0.87,
      148.62,       -0.87,
      149.10,       -0.89,
      149.58,       -0.87,
      150.10,       -0.87,
      150.62,       -0.85,
      151.14,       -0.81,
      151.62,       -0.80,
      152.14,       -0.80,
      152.61,       -0.78,
      153.05,       -0.75,
      153.57,       -0.72,
      154.05,       -0.68,
      154.53,       -0.64,
      155.05,       -0.63,
      155.49,       -0.60,
      155.97,       -0.57,
      156.45,       -0.56,
      156.93,       -0.53,
      157.44,       -0.51,
      157.96,       -0.53,
      158.44,       -0.53,
      158.96,       -0.49,
      159.48,       -0.47,
      159.96,       -0.47,
      160.44,       -0.46,
      160.92,       -0.47,
      161.40,       -0.47,
      161.92,       -0.43,
      162.39,       -0.40,
      162.87,       -0.40,
      163.35,       -0.39,
      163.83,       -0.36,
      164.31,       -0.33,
      164.79,       -0.32,
      165.31,       -0.30,
      165.83,       -0.25,
      166.31,       -0.22,
      166.83,       -0.21,
      167.35,       -0.22,
      167.82,       -0.19,
      168.30,       -0.17,
      168.78,       -0.17,
      169.26,       -0.17,
      169.78,       -0.17,
      170.26,       -0.15,
      170.74,       -0.15,
      171.22,       -0.16,
      171.70,       -0.17,
      172.18,       -0.18,
      172.69,       -0.22,
      173.17,       -0.24,
      173.65,       -0.28,
      174.17,       -0.33,
      174.69,       -0.37,
      175.21,       -0.39,
      175.73,       -0.45,
      176.21,       -0.53,
      176.69,       -0.69,
      177.17,       -0.85,
      177.64,       -0.93,
      178.16,       -0.91,
      178.64,       -0.89,
      179.16,       -0.85,
      179.64,       -0.87,
      180.12,       -0.85,
      180.60,       -0.80,
      181.08,       -0.79,
      181.60,       -0.78,
      182.12,       -0.76,
      182.63,       -0.72,
      183.15,       -0.68,
      183.63,       -0.63,
      184.15,       -0.68,
      184.59,       -0.69,
      185.11,       -0.69,
      185.59,       -0.67,
      186.07,       -0.66,
      186.59,       -0.67,
      187.07,       -0.66,
      187.58,       -0.65,
      188.02,       -0.65,
      188.54,       -0.65,
      189.02,       -0.65,
      189.54,       -0.65,
      190.06,       -0.66,
      190.54,       -0.64,
      191.06,       -0.59,
      191.58,       -0.54,
      192.06,       -0.47,
      192.53,       -0.42,
      193.01,       -0.38,
      193.53,       -0.42,
      194.01,       -0.45,
      194.53,       -0.43,
      195.01,       -0.42,
      195.49,       -0.42,
      195.97,       -0.46,
      196.49,       -0.48,
      196.97,       -0.48,
      197.48,       -0.48,
      197.96,       -0.47,
      198.48,       -0.41,
      199.00,       -0.37,
      199.52,       -0.38,
      200.00,       -0.39,
      200.48,       -0.37,
      200.96,       -0.37,
      201.48,       -0.37,
      202.00,       -0.39,
      202.47,       -0.37,
      202.99,       -0.35,
      203.47,       -0.36,
      203.95,       -0.39,
      204.43,       -0.37,
      204.91,       -0.37,
      205.43,       -0.39,
      205.91,       -0.39,
      206.47,       -0.39,
      206.95,       -0.42,
      207.46,       -0.43,
      207.98,       -0.42,
      208.46,       -0.43,
      208.94,       -0.42,
      209.42,       -0.42,
      209.94,       -0.42,
      210.46,       -0.42,
      210.94,       -0.42,
      211.42,       -0.37,
      211.90,       -0.36,
      212.41,       -0.33,
      212.89,       -0.30,
      213.41,       -0.29,
      213.89,       -0.29,
      214.41,       -0.28,
      214.93,       -0.28,
      215.45,       -0.31,
      215.93,       -0.32,
      216.41,       -0.42,
      216.89,       -0.32,
      217.40,       -0.32,
      217.92,       -0.32,
      218.44,       -0.32,
      218.92,       -0.31,
      219.40,       -0.30,
      219.88,       -0.28,
      220.36,       -0.23,
      220.88,       -0.22,
      221.36,       -0.24,
      221.84,       -0.25,
      222.39,       -0.25,
      222.91,       -0.24,
      223.39,       -0.24,
      223.91,       -0.20,
      224.39,       -0.20,
      224.87,       -0.17,
      225.43,       -0.17,
      225.91,       -0.18,
      226.43,       -0.17,
      226.95,       -0.18,
      227.42,       -0.15,
      227.90,       -0.11,
      228.38,       -0.09,
      228.86,       -0.10,
      229.34,       -0.07,
      229.86,       -0.08,
      230.42,       -0.10,
      230.90,       -0.08,
      231.46,       -0.06,
      231.94,       -0.07,
      232.45,       -0.07,
      232.93,       -0.11,
      233.41,       -0.07,
      233.97,       -0.08,
      234.49,       -0.08,
      235.01,       -0.09,
      235.49,       -0.08,
      235.97,       -0.05,
      236.45,       -0.04,
      236.93,       -0.09,
      237.40,       -0.10,
      237.96,       -0.11,
      238.48,       -0.11,
      239.00,       -0.11,
      239.52,       -0.11,
      240.04,       -0.11,
      240.52,       -0.12,
      241.00,       -0.15,
      241.52,       -0.15,
      242.00,       -0.15,
      242.51,       -0.15,
      243.03,       -0.21,
      243.51,       -0.22,
      243.99,       -0.21,
      244.47,       -0.20,
      244.95,       -0.20,
      245.47,       -0.20,
      245.99,       -0.20,
      246.51,       -0.20,
      247.07,       -0.21,
      247.58,       -0.21,
      248.10,       -0.20,
      248.58,       -0.17,
      249.06,       -0.17,
      249.54,       -0.20,
      250.10,       -0.19,
      250.58,       -0.24,
      251.10,       -0.18,
      251.58,       -0.18,
      252.06,       -0.19,
      252.53,       -0.18,
      253.01,       -0.18,
      253.53,       -0.18,
      254.05,       -0.15,
      254.57,       -0.15,
      255.13,       -0.17,
      255.65,       -0.18,
      256.17,       -0.19,
      256.65,       -0.20,
      257.13,       -0.14,
      257.64,       -0.07,
      258.16,       -0.01,
      258.68,        0.03,
      259.16,        0.04,
      259.64,       -0.05,
      260.12,       -0.11,
      260.60,       -0.11,
      261.12,       -0.10,
      261.64,       -0.06,
      262.16,       -0.06,
      262.67,       -0.05,
      263.19,       -0.06,
      263.71,       -0.10,
      264.23,       -0.08,
      264.71,       -0.11,
      265.23,       -0.07,
      265.75,       -0.07,
      266.23,       -0.07,
      266.75,       -0.09,
      267.23,       -0.11,
      267.70,       -0.13,
      268.22,       -0.13,
      268.70,       -0.13,
      269.18,       -0.13,
      269.74,       -0.13,
      270.26,       -0.16,
      270.78,       -0.17,
      271.30,       -0.16,
      271.82,       -0.16,
      272.34,       -0.17,
      272.81,       -0.18,
      273.29,       -0.17,
      273.81,       -0.24,
      274.33,       -0.26,
      274.81,       -0.29,
      275.33,       -0.36,
      275.81,       -0.37,
      276.29,       -0.33,
      276.81,       -0.34,
      277.29,       -0.34,
      277.80,       -0.35,
      278.36,       -0.36,
      278.88,       -0.36,
      279.40,       -0.37,
      279.92,       -0.35,
      280.44,       -0.30,
      280.92,       -0.28,
      281.40,       -0.26,
      281.92,       -0.24,
      282.43,       -0.22,
      282.95,       -0.20,
      283.43,       -0.17,
      283.91,       -0.16,
      284.39,       -0.16,
      284.91,       -0.18,
      285.43,       -0.15,
      285.99,       -0.15,
      286.51,       -0.14,
      287.07,       -0.11,
      287.58,       -0.12,
      288.10,       -0.11,
      288.58,       -0.12,
      289.10,       -0.12,
      289.54,       -0.11,
      290.06,       -0.12,
      290.58,       -0.09,
      291.10,       -0.08,
      291.62,       -0.07,
      292.10,       -0.03,
      292.57,       -0.03,
      293.09,       -0.03,
      293.61,       -0.04,
      294.13,       -0.05,
      294.65,       -0.03,
      295.21,       -0.04,
      295.73,       -0.05,
      296.25,       -0.02,
      296.73,       -0.03,
      297.21,       -0.07,
      297.72,       -0.10,
      298.24,       -0.13,
      298.76,       -0.11,
      299.24,       -0.10,
      299.76,       -0.12,
      300.24,       -0.13,
      300.72,       -0.15,
      301.24,       -0.15,
      301.76,       -0.05,
      302.28,       -0.05,
      302.79,       -0.04,
      303.35,       -0.07,
      303.87,       -0.04,
      304.35,       -0.11,
      304.83,       -0.11,
      305.31,       -0.05,
      305.83,       -0.01,
      306.35,        0.01,
      306.87,        0.04,
      307.35,        0.02,
      307.86,        0.06,
      308.34,        0.09,
      308.82,        0.16,
      309.34,        0.20,
      309.86,        0.22,
      310.42,        0.27,
      310.94,        0.29,
      311.46,        0.29,
      311.98,        0.29,
      312.45,        0.33,
      312.97,        0.34,
      313.45,        0.38,
      314.01,        0.40,
      314.53,        0.42,
      315.05,        0.44,
      315.57,        0.46,
      316.05,        0.48,
      316.53,        0.53,
      317.05,        0.51,
      317.56,        0.46,
      318.08,        0.55,
      318.64,        0.59,
      319.16,        0.62,
      319.68,        0.62,
      320.16,        0.64,
      320.68,        0.67,
      321.20,        0.73,
      321.72,        0.79,
      322.24,        0.82,
      322.75,        0.88,
      323.27,        0.93,
      323.79,        0.90,
      324.31,        0.90,
      324.79,        0.90,
      325.31,        0.94,
      325.83,        0.98,
      326.35,        0.98,
      326.87,        1.03,
      327.39,        1.07,
      327.90,        1.08,
      328.42,        1.07,
      328.94,        1.13,
      329.46,        1.14,
      329.98,        1.16,
      330.50,        1.16,
      331.02,        1.15,
      331.54,        1.16,
      332.06,        1.16,
      332.53,        1.20,
      333.01,        1.23,
      333.57,        1.26,
      334.09,        1.29,
      334.65,        1.30,
      335.17,        1.33,
      335.69,        1.37,
      336.25,        1.35,
      336.77,        1.34,
      337.29,        1.34,
      337.80,        1.39,
      338.32,        1.42,
      338.80,        1.42,
      339.32,        1.46,
      339.80,        1.45,
      340.32,        1.45,
      340.80,        1.47,
      341.32,        1.47,
      341.84,        1.46,
      342.36,        1.43,
      342.87,        1.40,
      343.39,        1.38,
      343.95,        1.29,
      344.47,        1.27,
      344.99,        1.18,
      345.51,        0.93,
      346.03,        0.63,
      346.59,        0.30,
      347.11,        0.01,
      347.58,       -0.03,
      348.06,       -0.05,
      348.54,       -0.07,
      349.06,       -0.09,
      349.58,       -0.09,
      350.14,       -0.07,
      350.66,       -0.04,
      351.18,       -0.05,
      351.70,       -0.03,
      352.26,        0.01,
      352.73,        0.05,
      353.25,        0.07,
      353.77,        0.08,
      354.29,        0.07,
      354.81,        0.07,
      355.29,        0.03,
      355.81,       -0.01,
      356.29,        0.00,
      356.81,        0.03,
      357.29,        0.06,
      357.80,        0.01,
      358.32,        0.00,
      358.84,       -0.02,
      359.36,       -0.02,
      359.92,       -0.01,
      360.44,       -0.00,
      360.96,        0.04,
      361.44,       -0.02,
      361.96,        0.03,
      362.47,        0.02,
      362.99,        0.03,
      363.47,        0.01,
      363.99,       -0.01,
      364.47,       -0.01,
      364.99,       -0.02,
      365.47,        0.00,
      365.99,        0.00,
      366.51,        0.00,
      367.03,        0.00,
      367.58,        0.04,
      368.10,        0.03,
      368.62,        0.03,
      369.14,        0.03,
      369.62,        0.01,
      370.14,       -0.01,
      370.66,        0.01,
      371.18,       -0.01,
      371.66,       -0.01,
      372.18,        0.02,
      372.65,        0.02,
      373.13,        0.03,
      373.69,        0.06,
      374.17,        0.07,
      374.69,        0.08,
      375.25,        0.08,
      375.77,        0.07,
      376.29,        0.07,
      376.81,        0.07,
      377.29,        0.07,
      377.80,        0.02,
      378.32,        0.05,
      378.84,        0.05,
      379.32,        0.07,
      379.84,        0.02,
      380.32,        0.01,
      380.84,        0.04,
      381.32,       -0.01,
      381.84,       -0.04,
      382.36,       -0.07,
      382.91,       -0.15,
      383.43,       -0.15,
      383.95,       -0.18,
      384.47,       -0.15,
      384.99,       -0.24,
      385.47,       -0.39,
      385.99,       -0.54,
      386.51,       -0.67,
      386.99,       -0.79,
      387.50,       -0.77,
      388.02,       -0.81,
      388.50,       -0.90,
      388.94,       -0.90,
      389.50,       -0.90,
      390.02,       -0.96,
      390.54,       -0.98,
      391.06,       -0.95,
      391.62,       -0.90,
      392.14,       -0.86,
      392.65,       -0.84,
      393.13,       -0.80,
      393.61,       -0.79,
      394.13,       -0.82,
      394.65,       -0.83,
      395.17,       -0.85,
      395.69,       -0.88,
      396.17,       -0.88,
      396.61,       -0.90,
      397.13,       -0.90,
      397.64,       -0.89,
      398.20,       -0.88,
      398.72,       -0.82,
      399.24,       -0.79,
      399.76,       -0.75,
      400.28,       -0.71,
      400.76,       -0.72,
      401.24,       -0.72,
      401.76,       -0.70,
      402.32,       -0.68,
      402.83,       -0.66,
      403.31,       -0.59,
      403.79,       -0.68,
      404.27,       -0.71,
      404.75,       -0.72,
      405.27,       -0.72,
      405.83,       -0.74,
      406.35,       -0.72,
      406.87,       -0.71,
      407.39,       -0.69,
      407.94,       -0.75,
      408.42,       -0.75,
      408.94,       -0.76,
      409.46,       -0.71,
      409.98,       -0.68,
      410.50,       -0.67,
      411.02,       -0.60,
      411.54,       -0.60,
      411.98,       -0.63,
      412.46,       -0.64,
      412.97,       -0.66,
      413.49,       -0.67,
      414.01,       -0.68,
      414.57,       -0.70,
      415.09,       -0.72,
      415.61,       -0.72,
      416.17,       -0.72,
      416.65,       -0.71,
      417.17,       -0.71,
      417.64,       -0.71,
      418.16,       -0.72,
      418.68,       -0.68,
      419.20,       -0.63,
      419.68,       -0.55,
      420.20,       -0.49,
      420.68,       -0.42,
      421.20,       -0.33,
      421.72,       -0.27,
      422.24,       -0.25,
      422.75,       -0.26,
      423.31,       -0.25,
      423.83,       -0.24,
      424.35,       -0.21,
      424.91,       -0.21,
      425.39,       -0.21,
      425.91,       -0.21,
      426.43,       -0.22,
      426.95,       -0.22,
      427.43,       -0.20,
      427.90,       -0.20,
      428.42,       -0.15,
      428.90,       -0.12,
      429.42,       -0.11,
      429.94,       -0.08,
      430.46,       -0.08,
      431.02,       -0.04,
      431.54,       -0.01,
      432.06,       -0.01,
      432.61,        0.02,
      433.09,        0.02,
      433.61,        0.02,
      434.13,        0.02,
      434.65,       -0.01,
      435.13,        0.00,
      435.65,        0.02,
      436.13,        0.02,
      436.61,        0.01,
      437.13,       -0.01,
      437.64,       -0.00,
      438.16,        0.02,
      438.72,        0.04,
      439.24,        0.07,
      439.76,        0.10,
      440.28,        0.11,
      440.80,        0.11,
      441.28,        0.11,
      441.80,        0.07,
      442.32,        0.10,
      442.79,        0.10,
      443.31,        0.07,
      443.79,        0.10,
      444.31,        0.11,
      444.79,        0.07,
      445.31,        0.09,
      445.83,        0.08,
      446.39,        0.11,
      446.91,        0.13,
      447.43,        0.15,
      447.94,        0.20,
      448.46,        0.22,
      448.94,        0.24,
      449.46,        0.23,
      449.98,        0.24,
      450.46,        0.24,
      450.98,        0.24,
      451.50,        0.26,
      451.98,        0.27,
      452.46,        0.30,
      452.93,        0.33,
      453.49,        0.33,
      454.01,        0.35,
      454.57,        0.36,
      455.09,        0.38,
      455.61,        0.42,
      456.13,        0.41,
      456.61,        0.40,
      457.13,        0.42,
      457.64,        0.42,
      458.12,        0.46,
      458.64,        0.46,
      459.16,        0.52,
      459.64,        0.58,
      460.12,        0.64,
      460.60,        0.67,
      461.12,        0.67,
      461.68,        0.67,
      462.20,        0.73,
      462.71,        0.75,
      463.27,        0.75,
      463.79,        0.81,
      464.31,        0.80,
      464.79,        0.83,
      465.27,        0.84,
      465.79,        0.85,
      466.31,        0.86,
      466.83,        0.85,
      467.31,        0.90,
      467.82,        0.93,
      468.30,        0.93,
      468.78,        0.96,
      469.34,        0.96,
      469.86,        0.98,
      470.38,        0.95,
      470.90,        0.90,
      471.46,        0.93,
      471.98,        0.90,
      472.50,        0.89,
      472.97,        0.89,
      473.45,        0.85,
      473.97,        0.88,
      474.49,        0.85,
      475.01,        0.83,
      475.49,        0.84,
      475.97,        0.78,
      476.49,        0.81,
      476.97,        0.80,
      477.52,        0.80,
      478.04,        0.82,
      478.60,        0.75,
      479.12,        0.75,
      479.64,        0.76,
      480.16,        0.72,
      480.64,        0.72,
      481.12,        0.70,
      481.64,        0.69,
      482.16,        0.73,
      482.67,        0.67,
      483.19,        0.64,
      483.67,        0.62,
      484.15,        0.59,
      484.67,        0.63,
      485.19,        0.59,
      485.71,        0.56,
      486.23,        0.57,
      486.79,        0.53,
      487.31,        0.56,
      487.82,        0.54,
      488.34,        0.53,
      488.82,        0.58,
      489.30,        0.58,
      489.82,        0.62,
      490.34,        0.63,
      490.86,        0.61,
      491.38,        0.64,
      491.86,        0.61,
      492.34,        0.56,
      492.85,        0.57,
      493.37,        0.46,
      493.89,        0.48,
      494.45,        0.41,
      494.97,        0.31,
      495.49,        0.36,
      496.01,        0.23,
      496.49,        0.24,
      497.01,        0.25,
      497.49,        0.10,
      498.00,        0.14,
      498.52,        0.03,
      499.04,       -0.04,
      499.56,       -0.08,
      500.04,       -0.36,
      500.52,       -0.42,
      501.04,       -0.53,
      501.56,       -0.68,
      502.12,       -0.64,
      502.63,       -0.76,
      503.15,       -0.77,
      503.67,       -0.72,
      504.19,       -0.83,
      504.67,       -0.77,
      505.19,       -0.79,
      505.71,       -0.84,
      506.23,       -0.76,
      506.75,       -0.76,
      507.23,       -0.75,
      507.74,       -0.69,
      508.22,       -0.76,
      508.70,       -0.71,
      509.26,       -0.71,
      509.82,       -0.75,
      510.34,       -0.65,
      510.90,       -0.68,
      511.38,       -0.67,
      511.94,       -0.61,
      512.46,       -0.64,
      512.93,       -0.66,
      513.45,       -0.64,
      513.97,       -0.67,
      514.45,       -0.66,
      514.97,       -0.66,
      515.49,       -0.64,
      516.01,       -0.61,
      516.49,       -0.60,
      516.97,       -0.59,
      517.53,       -0.58,
      518.04,       -0.53,
      518.56,       -0.51,
      519.08,       -0.46,
      519.60,       -0.47,
      520.16,       -0.47,
      520.64,       -0.42,
      521.16,       -0.42,
      521.64,       -0.40,
      522.16,       -0.35,
      522.67,       -0.34,
      523.19,       -0.32,
      523.71,       -0.29,
      524.19,       -0.30,
      524.67,       -0.28,
      525.15,       -0.24,
      525.67,       -0.22,
      526.23,       -0.20,
      526.71,       -0.21,
      527.27,       -0.21,
      527.78,       -0.17,
      528.30,       -0.18,
      528.82,       -0.17,
      529.34,       -0.15,
      529.82,       -0.11,
      530.34,       -0.10,
      530.86,       -0.08,
      531.38,       -0.09,
      531.86,       -0.03,
      532.38,       -0.00,
      532.85,        0.00,
      533.37,        0.01,
      533.93,        0.05,
      534.41,        0.11,
      534.97,        0.12,
      535.53,        0.11,
      536.05,        0.08,
      536.61,        0.08,
      537.09,        0.09,
      537.60,        0.12,
      538.12,        0.11,
      538.64,        0.12,
      539.16,        0.19,
      539.64,        0.20,
      540.16,        0.24,
      540.64,        0.24,
      541.16,        0.30,
      541.68,        0.34,
      542.20,        0.33,
      542.71,        0.30,
      543.23,        0.29,
      543.79,        0.32,
      544.31,        0.33,
      544.83,        0.33,
      545.31,        0.32,
      545.83,        0.34,
      546.35,        0.37,
      546.87,        0.41,
      547.35,        0.46,
      547.86,        0.49,
      548.34,        0.50,
      548.86,        0.51,
      549.38,        0.49,
      549.90,        0.56,
      550.42,        0.62,
      550.94,        0.66,
      551.50,        0.66,
      552.02,        0.66,
      552.54,        0.70,
      553.01,        0.71,
      553.53,        0.70,
      554.05,        0.70,
      554.57,        0.70,
      555.09,        0.71,
      555.57,        0.72,
      556.05,        0.72,
      556.57,        0.73,
      557.05,        0.76,
      557.56,        0.77,
      558.12,        0.78,
      558.64,        0.77,
      559.20,        0.79,
      559.76,        0.82,
      560.24,        0.79,
      560.76,        0.81,
      561.24,        0.80,
      561.76,        0.78,
      562.28,        0.78,
      562.79,        0.77,
      563.31,        0.78,
      563.79,        0.76,
      564.27,        0.78,
      564.79,        0.81,
      565.27,        0.81,
      565.83,        0.81,
      566.35,        0.83,
      566.87,        0.81,
      567.43,        0.81,
      567.90,        0.80,
      568.42,        0.79,
      568.90,        0.82,
      569.42,        0.81,
      569.94,        0.83,
      570.46,        0.85,
      570.94,        0.85,
      571.46,        0.85,
      571.94,        0.85,
      572.42,        0.88,
      572.93,        0.90,
      573.45,        0.90,
      573.97,        0.90,
      574.49,        0.93,
      575.05,        0.93,
      575.57,        0.94,
      576.05,        0.95,
      576.57,        0.98,
      577.05,        1.00,
      577.57,        0.97,
      578.08,        1.00,
      578.60,        1.00,
      579.12,        1.01,
      579.60,        1.01,
      580.08,        1.02,
      580.56,        1.00,
      581.08,        0.93,
      581.60,        0.90,
      582.16,        0.89,
      582.67,        0.84,
      583.19,        0.81,
      583.75,        0.81,
      584.23,        0.82,
      584.75,        0.81,
      585.23,        0.79,
      585.75,        0.79,
      586.27,        0.82,
      586.79,        0.83,
      587.27,        0.81,
      587.78,        0.81,
      588.22,        0.81,
      588.74,        0.83,
      589.26,        0.83,
      589.78,        0.85,
      590.34,        0.88,
      590.86,        0.87,
      591.38,        0.88,
      591.90,        0.89,
      592.38,        0.91,
      592.89,        0.90,
      593.37,        0.91,
      593.89,        0.96,
      594.41,        0.96,
      594.93,        1.00,
      595.45,        0.99,
      595.89,        0.97,
      596.41,        1.01,
      596.89,        1.00,
      597.45,        1.00,
      597.96,        1.02,
      598.52,        1.00,
      599.08,        0.99,
      599.60,        1.00,
      600.12,        0.98,
      600.60,        1.00,
      601.12,        1.01,
      601.60,        1.00,
      602.16,        0.95,
      602.63,        0.93,
      603.15,        0.96,
      603.63,        0.97,
      604.11,        0.99,
      604.63,        0.97,
      605.15,        0.92,
      605.67,        0.94,
      606.19,        0.94,
      606.75,        0.97,
      607.27,        0.96,
      607.78,        0.94,
      608.30,        0.96,
      608.78,        0.92,
      609.26,        0.90,
      609.78,        0.92,
      610.30,        0.91,
      610.82,        0.91,
      611.30,        0.90,
      611.82,        0.90,
      612.30,        0.90,
      612.81,        0.91,
      613.33,        0.95,
      613.85,        0.97,
      614.37,        0.98,
      614.93,        0.99,
      615.45,        1.00,
      615.97,        1.03,
      616.45,        1.05,
      616.97,        1.00,
      617.45,        1.03,
      617.96,        1.02,
      618.44,        0.99,
      618.96,        1.03,
      619.48,        1.01,
      619.96,        1.02,
      620.44,        0.98,
      620.96,        0.93,
      621.48,        0.93,
      622.04,        0.88,
      622.56,        0.90,
      623.07,        0.90,
      623.63,        0.90,
      624.15,        0.91,
      624.63,        0.89,
      625.11,        0.88,
      625.63,        0.90,
      626.11,        0.91,
      626.63,        0.97,
      627.15,        0.96,
      627.62,        0.96,
      628.14,        0.98,
      628.62,        0.98,
      629.14,        0.97,
      629.66,        0.98,
      630.22,        0.96,
      630.74,        0.98,
      631.26,        0.97,
      631.82,        1.02,
      632.34,        1.03,
      632.81,        1.05,
      633.29,        1.07,
      633.81,        1.08,
      634.33,        1.08,
      634.85,        1.11,
      635.33,        1.14,
      635.85,        1.16,
      636.33,        1.16,
      636.81,        1.11,
      637.37,        1.09,
      637.88,        1.08,
      638.44,        1.09,
      639.00,        1.04,
      639.52,        0.94,
      640.04,        0.96,
      640.56,        0.85,
      641.04,        0.83,
      641.52,        0.80,
      642.04,        0.70,
      642.56,        0.68,
      643.07,        0.58,
      643.59,        0.51,
      644.07,        0.46,
      644.55,        0.37,
      645.07,        0.37,
      645.59,        0.42,
      646.19,        0.43,
      646.71,        0.37,
      647.23,        0.35,
      647.78,        0.34,
      648.30,        0.35,
      648.82,        0.39,
      649.26,        0.41,
      649.78,        0.39,
      650.30,        0.37,
      650.82,        0.35,
      651.34,        0.33,
      651.82,        0.33,
      652.34,        0.35,
      652.81,        0.33,
      653.33,        0.34,
      653.85,        0.33,
      654.41,        0.35,
      654.93,        0.37,
      655.45,        0.42,
      656.01,        0.42,
      656.53,        0.45,
      657.01,        0.44,
      657.53,        0.46,
      658.00,        0.46,
      658.52,        0.47,
      659.04,        0.50,
      659.52,        0.50,
      660.04,        0.55,
      660.52,        0.56,
      661.04,        0.57,
      661.56,        0.63,
      662.12,        0.66,
      662.63,        0.68,
      663.15,        0.73,
      663.71,        0.74,
      664.23,        0.76,
      664.71,        0.77,
      665.23,        0.85,
      665.75,        0.89,
      666.23,        0.94,
      666.75,        0.93,
      667.27,        0.94,
      667.74,        0.98,
      668.26,        0.98,
      668.74,        0.98,
      669.26,        0.98,
      669.82,        0.98,
      670.34,        0.98,
      670.86,        1.03,
      671.42,        1.05,
      671.94,        1.07,
      672.46,        1.10,
      672.93,        1.18,
      673.45,        1.11,
      673.97,        1.12,
      674.49,        1.12,
      674.97,        0.98,
      675.49,        0.65,
      676.01,        0.32,
      676.49,       -0.07,
      677.01,       -0.50,
      677.57,       -0.93,
      678.08,       -1.38,
      678.60,       -1.80,
      679.16,       -2.15,
      679.68,       -2.37,
      680.20,       -2.40,
      680.72,       -2.44,
      681.20,       -2.45,
      681.72,       -2.42,
      682.24,       -2.44,
      682.75,       -2.47,
      683.23,       -2.43,
      683.75,       -2.49,
      684.23,       -2.47,
      684.75,       -2.49,
      685.27,       -2.53,
      685.79,       -2.56,
      686.31,       -2.60,
      686.87,       -2.60,
      687.39,       -2.54,
      687.90,       -2.57,
      688.42,       -2.57,
      688.94,       -2.57,
      689.46,       -2.60,
      689.94,       -2.58,
      690.46,       -2.51,
      690.98,       -2.55,
      691.50,       -2.60,
      691.98,       -2.60,
      692.50,       -2.59,
      692.97,       -2.56,
      693.49,       -2.54,
      694.01,       -2.48,
      694.57,       -2.43,
      695.09,       -2.43,
      695.61,       -2.43,
      696.13,       -2.38,
      696.65,       -2.39,
      697.17,       -2.37,
      697.68,       -2.39,
      698.20,       -2.46,
      698.72,       -2.45,
      699.24,       -2.43,
      699.72,       -2.40,
      700.24,       -2.38,
      700.72,       -2.34,
      701.24,       -2.37,
      701.76,       -2.35,
      702.32,       -2.38,
      702.83,       -2.46,
      703.35,       -2.47,
      703.87,       -2.47,
      704.39,       -2.46,
      704.91,       -2.44,
      705.43,       -2.44,
      705.95,       -2.44,
      706.47,       -2.43,
      706.99,       -2.40,
      707.47,       -2.31,
      707.98,       -2.29,
      708.46,       -2.30,
      708.98,       -2.27,
      709.50,       -2.31,
      710.02,       -2.30,
      710.54,       -2.30,
      711.06,       -2.35,
      711.58,       -2.29,
      712.14,       -2.27,
      712.61,       -2.25,
      713.13,       -2.18,
      713.65,       -2.17,
      714.13,       -2.14,
      714.65,       -2.12,
      715.17,       -2.08,
      715.69,       -2.08,
      716.17,       -2.06,
      716.65,       -2.05,
      717.17,       -2.10,
      717.72,       -2.08,
      718.20,       -2.03,
      718.76,       -2.03,
      719.28,       -1.90,
      719.80,       -1.98,
      720.32,       -1.99,
      720.84,       -2.02,
      721.36,       -2.02,
      721.84,       -2.03,
      722.36,       -2.03,
      722.87,       -1.99,
      723.39,       -1.99,
      723.87,       -1.95,
      724.35,       -1.90,
      724.87,       -1.88,
      725.39,       -1.86,
      725.91,       -1.81,
      726.43,       -1.82,
      726.95,       -1.86,
      727.51,       -1.83,
      728.02,       -1.84,
      728.54,       -1.86,
      729.02,       -1.86,
      729.54,       -1.89,
      730.06,       -1.90,
      730.58,       -1.89,
      731.06,       -1.90,
      731.58,       -1.90,
      732.06,       -1.97,
      732.54,       -1.96,
      733.05,       -1.94,
      733.57,       -1.97,
      734.09,       -1.97,
      734.65,       -1.97,
      735.17,       -2.00,
      735.69,       -1.99,
      736.21,       -1.96,
      736.69,       -1.94,
      737.21,       -1.90,
      737.72,       -1.94,
      738.24,       -1.96,
      738.76,       -1.96,
      739.24,       -2.01,
      739.76,       -2.00,
      740.24,       -2.01,
      740.72,       -2.03,
      741.24,       -2.03,
      741.76,       -2.07,
      742.32,       -2.08,
      742.83,       -2.05,
      743.35,       -2.09,
      743.87,       -2.10,
      744.39,       -2.16,
      744.87,       -2.25,
      745.39,       -2.25,
      745.91,       -2.28,
      746.43,       -2.37,
      746.95,       -2.39,
      747.43,       -2.51,
      747.90,       -2.64,
      748.38,       -2.69,
      748.86,       -2.86,
      749.42,       -3.03,
      749.94,       -3.15,
      750.50,       -3.41,
      751.02,       -3.56,
      751.54,       -3.68,
      752.06,       -3.82,
      752.54,       -3.87,
      753.01,       -3.88,
      753.53,       -3.96,
      754.05,       -3.98,
      754.57,       -3.98,
      755.09,       -4.01,
      755.57,       -4.02,
      756.05,       -3.99,
      756.53,       -3.91,
      757.09,       -3.84,
      757.61,       -3.79,
      758.12,       -3.78,
      758.68,       -3.78,
      759.20,       -3.72,
      759.72,       -3.70,
      760.24,       -3.66,
      760.72,       -3.57,
      761.28,       -3.48,
      761.80,       -3.39,
      762.32,       -3.34,
      762.79,       -3.31,
      763.31,       -3.24,
      763.79,       -3.17,
      764.27,       -3.14,
      764.79,       -3.13,
      765.31,       -3.09,
      765.83,       -3.03,
      766.39,       -2.93,
      766.91,       -2.82,
      767.43,       -2.77,
      767.94,       -2.76,
      768.46,       -2.74,
      768.94,       -2.70,
      769.46,       -2.69,
      769.98,       -2.60,
      770.50,       -2.59,
      770.98,       -2.53,
      771.50,       -2.51,
      771.94,       -2.51,
      772.46,       -2.50,
      772.97,       -2.47,
      773.49,       -2.62,
      774.01,       -2.45,
      774.57,       -2.45,
      775.09,       -2.42,
      775.61,       -2.38,
      776.13,       -2.38,
      776.61,       -2.35,
      777.13,       -2.34,
      777.65,       -2.35,
      778.16,       -2.30,
      778.68,       -2.30,
      779.16,       -2.29,
      779.64,       -2.28,
      780.12,       -2.25,
      780.64,       -2.24,
      781.16,       -2.22,
      781.72,       -2.18,
      782.24,       -2.16,
      782.75,       -2.14,
      783.31,       -2.12,
      783.83,       -2.12,
      784.31,       -2.08,
      784.83,       -2.03,
      785.31,       -2.00,
      785.83,       -1.95,
      786.35,       -1.97,
      786.87,       -2.02,
      787.35,       -2.00,
      787.82,       -1.95,
      788.34,       -1.95,
      788.82,       -1.94,
      789.38,       -1.90,
      789.94,       -1.86,
      790.50,       -1.88,
      791.02,       -1.89,
      791.54,       -1.90,
      792.06,       -1.90,
      792.58,       -1.92,
      793.05,       -1.93,
      793.57,       -1.93,
      794.09,       -1.93,
      794.61,       -1.93,
      795.09,       -1.95,
      795.57,       -1.94,
      796.05,       -1.91,
      796.57,       -1.89,
      797.09,       -1.94,
      797.61,       -1.94,
      798.16,       -1.97,
      798.68,       -1.95,
      799.20,       -1.95,
      799.76,       -1.95,
      800.28,       -1.94,
      800.76,       -1.93,
      801.28,       -1.92,
      801.76,       -1.90,
      802.28,       -1.93,
      802.79,       -1.94,
      803.27,       -1.95,
      803.79,       -1.98,
      804.27,       -1.99,
      804.75,       -2.03,
      805.31,       -2.03,
      805.83,       -2.06,
      806.39,       -2.15,
      806.91,       -2.24,
      807.47,       -2.26,
      807.98,       -2.30,
      808.46,       -2.38,
      808.94,       -2.40,
      809.46,       -2.40,
      809.98,       -2.34,
      810.46,       -2.28,
      810.98,       -2.25,
      811.46,       -2.29,
      811.94,       -2.26,
      812.46,       -2.24,
      812.97,       -2.21,
      813.49,       -2.18,
      814.01,       -2.12,
      814.57,       -2.13,
      815.09,       -2.08,
      815.61,       -2.04,
      816.13,       -2.02,
      816.61,       -1.95,
      817.09,       -1.91,
      817.57,       -1.90,
      818.08,       -1.86,
      818.60,       -1.82,
      819.12,       -1.79,
      819.60,       -1.74,
      820.08,       -1.70,
      820.60,       -1.64,
      821.12,       -1.59,
      821.64,       -1.51,
      822.16,       -1.51,
      822.71,       -1.47,
      823.23,       -1.43,
      823.75,       -1.44,
      824.23,       -1.40,
      824.71,       -1.38,
      825.19,       -1.40,
      825.71,       -1.34,
      826.23,       -1.29,
      826.75,       -1.21,
      827.23,       -1.26,
      827.74,       -1.25,
      828.22,       -1.23,
      828.74,       -1.21,
      829.26,       -1.17,
      829.82,       -1.15,
      830.34,       -1.15,
      830.86,       -1.11,
      831.38,       -1.10,
      831.90,       -1.10,
      832.38,       -1.07,
      832.85,       -1.08,
      833.33,       -1.09,
      833.85,       -1.07,
      834.37,       -1.07,
      834.89,       -1.05,
      835.37,       -1.05,
      835.89,       -1.07,
      836.37,       -1.11,
      836.89,       -1.08,
      837.41,       -1.09,
      837.96,       -1.11,
      838.48,       -1.11,
      839.00,       -1.11,
      839.52,       -1.09,
      840.04,       -1.07,
      840.48,       -1.10,
      841.00,       -1.11,
      841.52,       -1.03,
      842.00,       -1.11,
      842.52,       -1.10,
      843.03,       -1.07,
      843.51,       -1.04,
      844.03,       -1.01,
      844.55,       -0.98,
      845.07,       -1.00,
      845.63,       -1.03,
      846.15,       -1.00,
      846.67,       -0.98,
      847.19,       -0.95,
      847.70,       -0.92,
      848.18,       -0.88,
      848.66,       -0.86,
      849.18,       -0.86,
      849.70,       -0.90,
      850.22,       -0.90,
      850.70,       -0.91,
      851.22,       -0.90,
      851.70,       -0.91,
      852.22,       -0.93,
      852.70,       -0.94,
      853.25,       -0.97,
      853.77,       -0.98,
      854.29,       -1.00,
      854.85,       -1.04,
      855.37,       -1.11,
      855.85,       -1.15,
      856.33,       -1.19,
      856.81,       -1.26,
      857.33,       -1.29,
      857.84,       -1.31,
      858.36,       -1.32,
      858.88,       -1.35,
      859.36,       -1.35,
      859.84,       -1.39,
      860.36,       -1.44,
      860.88,       -1.44,
      861.40,       -1.49,
      861.92,       -1.52,
      862.48,       -1.52,
      862.99,       -1.56,
      863.47,       -1.61,
      863.99,       -1.64,
      864.47,       -1.70,
      864.99,       -1.81,
      865.51,       -1.90,
      866.03,       -2.01,
      866.55,       -2.08,
      867.03,       -2.26,
      867.55,       -2.50,
      868.02,       -2.72,
      868.54,       -2.99,
      869.06,       -3.19,
      869.58,       -3.39,
      870.10,       -3.58,
      870.66,       -3.74,
      871.14,       -3.87,
      871.70,       -4.04,
      872.18,       -4.22,
      872.66,       -4.37,
      873.17,       -4.48,
      873.69,       -4.57,
      874.21,       -4.66,
      874.73,       -4.74,
      875.21,       -4.83,
      875.73,       -4.92,
      876.21,       -5.05,
      876.73,       -5.09,
      877.25,       -5.14,
      877.80,       -5.22,
      878.32,       -5.24,
      878.80,       -5.28,
      879.36,       -5.34,
      879.88,       -5.36,
      880.36,       -5.41,
      880.88,       -5.46,
      881.36,       -5.46,
      881.88,       -5.48,
      882.40,       -5.51,
      882.91,       -5.53,
      883.39,       -5.57,
      883.87,       -5.56,
      884.39,       -5.57,
      884.91,       -5.51,
      885.43,       -5.50,
      885.99,       -5.49,
      886.47,       -5.49,
      887.03,       -5.50,
      887.55,       -5.45,
      888.06,       -5.40,
      888.54,       -5.35,
      889.02,       -5.32,
      889.54,       -5.34,
      890.06,       -5.36,
      890.58,       -5.31,
      891.06,       -5.22,
      891.54,       -5.14,
      892.06,       -5.09,
      892.54,       -5.09,
      893.13,       -5.07,
      893.69,       -5.05,
      894.17,       -5.01,
      894.73,       -4.96,
      895.25,       -4.95,
      895.77,       -4.92,
      896.25,       -4.96,
      896.77,       -4.92,
      897.29,       -4.88,
      897.80,       -4.90,
      898.32,       -4.90,
      898.80,       -4.90,
      899.32,       -4.90,
      899.80,       -4.92,
      900.32,       -4.95,
      900.84,       -4.96,
      901.36,       -4.95,
      901.88,       -4.94,
      902.40,       -4.93,
      902.95,       -4.93,
      903.47,       -4.89,
      903.99,       -4.89,
      904.47,       -4.91,
      904.99,       -4.89,
      905.51,       -4.89,
      906.03,       -4.87,
      906.55,       -4.83,
      907.03,       -4.82,
      907.55,       -4.80,
      908.02,       -4.81,
      908.54,       -4.87,
      909.06,       -4.83,
      909.58,       -4.83,
      910.10,       -4.81,
      910.66,       -4.75,
      911.18,       -4.71,
      911.70,       -4.74,
      912.22,       -4.71,
      912.73,       -4.73,
      913.21,       -4.74,
      913.73,       -4.70,
      914.25,       -4.70,
      914.77,       -4.71,
      915.25,       -4.71,
      915.77,       -4.68,
      916.25,       -4.66,
      916.77,       -4.69,
      917.33,       -4.67,
      917.84,       -4.68,
      918.40,       -4.65,
      918.92,       -4.62,
      919.44,       -4.63,
      919.96,       -4.62,
      920.44,       -4.54,
      920.96,       -4.50,
      921.44,       -4.49,
      921.96,       -4.48,
      922.48,       -4.48,
      922.99,       -4.44,
      923.47,       -4.38,
      923.99,       -4.36,
      924.47,       -4.33,
      924.99,       -4.30,
      925.51,       -4.28,
      926.03,       -4.25,
      926.59,       -4.18,
      927.11,       -4.15,
      927.63,       -4.12,
      928.10,       -4.09,
      928.62,       -4.06,
      929.10,       -4.03,
      929.62,       -4.00,
      930.14,       -3.99,
      930.66,       -3.98,
      931.14,       -3.97,
      931.66,       -3.93,
      932.10,       -3.94,
      932.62,       -3.92,
      933.17,       -3.89,
      933.69,       -3.86,
      934.21,       -3.83,
      934.77,       -3.81,
      935.29,       -3.79,
      935.77,       -3.80,
      936.29,       -3.78,
      936.77,       -3.79,
      937.29,       -3.74,
      937.80,       -3.73,
      938.32,       -3.73,
      938.84,       -3.69,
      939.32,       -3.67,
      939.80,       -3.65,
      940.28,       -3.64,
      940.80,       -3.62,
      941.36,       -3.55,
      941.88,       -3.52,
      942.44,       -3.52,
      942.95,       -3.51,
      943.47,       -3.47,
      943.99,       -3.42,
      944.47,       -3.42,
      944.99,       -3.42,
      945.51,       -3.41,
      946.03,       -3.35,
      946.55,       -3.31,
      947.03,       -3.30,
      947.51,       -3.30,
      947.98,       -3.27,
      948.50,       -3.22,
      949.06,       -3.20,
      949.58,       -3.16,
      950.10,       -3.15,
      950.62,       -3.13,
      951.18,       -3.12,
      951.70,       -3.10,
      952.18,       -3.12,
      952.70,       -3.14,
      953.21,       -3.15,
      953.73,       -3.11,
      954.25,       -3.11,
      954.77,       -3.10,
      955.25,       -3.07,
      955.73,       -3.08,
      956.21,       -3.06,
      956.73,       -3.06,
      957.29,       -3.02,
      957.80,       -2.99,
      958.32,       -3.00,
      958.88,       -2.96,
      959.40,       -2.95,
      959.92,       -2.89,
      960.44,       -2.88,
      960.92,       -2.86,
      961.44,       -2.82,
      961.96,       -2.83,
      962.48,       -2.81,
      962.95,       -2.78,
      963.47,       -2.73,
      963.95,       -2.70,
      964.47,       -2.66,
      964.99,       -2.64,
      965.51,       -2.60,
      966.07,       -2.58,
      966.59,       -2.54,
      967.11,       -2.50,
      967.67,       -2.49,
      968.18,       -2.47,
      968.70,       -2.43,
      969.22,       -2.41,
      969.70,       -2.38,
      970.22,       -2.33,
      970.74,       -2.29,
      971.26,       -2.25,
      971.74,       -2.21,
      972.26,       -2.18,
      972.74,       -2.13,
      973.29,       -2.08,
      973.81,       -2.04,
      974.33,       -1.99,
      974.89,       -1.96,
      975.41,       -1.94,
      975.93,       -1.88,
      976.45,       -1.82,
      976.97,       -1.83,
      977.53,       -1.81,
      978.00,       -1.77,
      978.52,       -1.77,
      979.00,       -1.75,
      979.52,       -1.73,
      980.04,       -1.73,
      980.52,       -1.73,
      981.04,       -1.75,
      981.60,       -1.74,
      982.12,       -1.73,
      982.64,       -1.76,
      983.19,       -1.78,
      983.71,       -1.85,
      984.23,       -1.93,
      984.75,       -1.99,
      985.27,       -2.08,
      985.79,       -2.21,
      986.27,       -2.40,
      986.79,       -2.66,
      987.31,       -2.99,
      987.82,       -3.34,
      988.30,       -3.73,
      988.82,       -4.09,
      989.34,       -4.49,
      989.90,       -4.91,
      990.42,       -5.32,
      990.94,       -5.73,
      991.50,       -6.11,
      992.02,       -6.53,
      992.54,       -6.94,
      993.05,       -7.30,
      993.57,       -7.45,
      994.05,       -7.45,
      994.57,       -7.50,
      995.05,       -7.53,
      995.57,       -7.57,
      996.09,       -7.60,
      996.61,       -7.63,
      997.13,       -7.63,
      997.65,       -7.67,
      998.20,       -7.72,
      998.72,       -7.74,
      999.24,       -7.74,
      999.76,       -7.76,
     1000.28,       -7.76,
     1000.80,       -7.76,
     1001.32,       -7.71,
     1001.80,       -7.71,
     1002.32,       -7.71,
     1002.83,       -7.68,
     1003.35,       -7.64,
     1003.87,       -7.58,
     1004.35,       -7.57,
     1004.87,       -7.55,
     1005.39,       -7.48,
     1005.91,       -7.45,
     1006.47,       -7.40,
     1006.99,       -7.36,
     1007.51,       -7.32,
     1008.06,       -7.23,
     1008.58,       -7.16,
     1009.06,       -7.07,
     1009.58,       -7.01,
     1010.10,       -6.94,
     1010.58,       -6.91,
     1011.10,       -6.84,
     1011.62,       -6.75,
     1012.14,       -6.72,
     1012.62,       -6.68,
     1013.13,       -6.62,
     1013.69,       -6.53,
     1014.21,       -6.42,
     1014.73,       -6.30,
     1015.29,       -6.18,
     1015.81,       -6.08,
     1016.33,       -5.97,
     1016.85,       -5.93,
     1017.33,       -5.88,
     1017.84,       -5.79,
     1018.36,       -5.68,
     1018.88,       -5.57,
     1019.40,       -5.47,
     1019.88,       -5.40,
     1020.40,       -5.37,
     1020.92,       -5.32,
     1021.44,       -5.24,
     1021.96,       -5.17,
     1022.52,       -5.14,
     1023.03,       -5.09,
     1023.55,       -5.04,
     1024.11,       -4.99,
     1024.63,       -4.96,
     1025.11,       -4.92,
     1025.63,       -4.85,
     1026.15,       -4.83,
     1026.67,       -4.79,
     1027.15,       -4.73,
     1027.67,       -4.70,
     1028.14,       -4.70,
     1028.66,       -4.64,
     1029.18,       -4.56,
     1029.74,       -4.57,
     1030.26,       -4.53,
     1030.78,       -4.52,
     1031.34,       -4.48,
     1031.86,       -4.42,
     1032.34,       -4.40,
     1032.85,       -4.33,
     1033.33,       -4.30,
     1033.85,       -4.29,
     1034.41,       -4.20,
     1034.89,       -4.12,
     1035.41,       -4.08,
     1035.93,       -4.02,
     1036.41,       -4.00,
     1036.93,       -3.97,
     1037.45,       -3.90,
     1038.00,       -3.88,
     1038.52,       -3.84,
     1039.04,       -3.77,
     1039.60,       -3.70,
     1040.08,       -3.65,
     1040.60,       -3.61,
     1041.12,       -3.56,
     1041.64,       -3.51,
     1042.16,       -3.46,
     1042.68,       -3.43,
     1043.15,       -3.39,
     1043.67,       -3.33,
     1044.19,       -3.30,
     1044.71,       -3.23,
     1045.23,       -3.22,
     1045.75,       -3.19,
     1046.27,       -3.17,
     1046.83,       -3.17,
     1047.35,       -3.17,
     1047.86,       -3.15,
     1048.38,       -3.13,
     1048.86,       -3.16,
     1049.38,       -3.17,
     1049.90,       -3.19,
     1050.42,       -3.20,
     1050.94,       -3.17,
     1051.46,       -3.14,
     1051.94,       -3.11,
     1052.46,       -3.08,
     1052.97,       -3.06,
     1053.49,       -3.04,
     1054.01,       -3.02,
     1054.57,       -2.97,
     1055.09,       -2.95,
     1055.61,       -2.91,
     1056.13,       -2.87,
     1056.65,       -2.85,
     1057.17,       -2.84,
     1057.69,       -2.83,
     1058.20,       -2.80,
     1058.68,       -2.73,
     1059.20,       -2.71,
     1059.72,       -2.67,
     1060.24,       -2.62,
     1060.72,       -2.63,
     1061.28,       -2.63,
     1061.80,       -2.57,
     1062.32,       -2.52,
     1062.87,       -2.48,
     1063.35,       -2.43,
     1063.87,       -2.42,
     1064.39,       -2.42,
     1064.91,       -2.42,
     1065.43,       -2.38,
     1065.95,       -2.32,
     1066.47,       -2.34,
     1066.95,       -2.29,
     1067.47,       -2.28,
     1067.98,       -2.23,
     1068.50,       -2.17,
     1069.02,       -2.15,
     1069.54,       -2.13,
     1070.06,       -2.15,
     1070.62,       -2.10,
     1071.10,       -2.08,
     1071.66,       -2.05,
     1072.18,       -2.01,
     1072.70,       -1.99,
     1073.21,       -1.95,
     1073.73,       -1.94,
     1074.25,       -1.90,
     1074.73,       -1.86,
     1075.25,       -1.83,
     1075.77,       -1.82,
     1076.25,       -1.81,
     1076.77,       -1.89,
     1077.33,       -1.77,
     1077.84,       -1.71,
     1078.36,       -1.72,
     1078.88,       -1.69,
     1079.40,       -1.66,
     1079.92,       -1.66,
     1080.44,       -1.62,
     1080.96,       -1.60,
     1081.48,       -1.58,
     1081.96,       -1.55,
     1082.48,       -1.54,
     1082.99,       -1.49,
     1083.51,       -1.45,
     1084.03,       -1.45,
     1084.51,       -1.45,
     1085.03,       -1.43,
     1085.59,       -1.38,
     1086.11,       -1.33,
     1086.59,       -1.30,
     1087.15,       -1.32,
     1087.67,       -1.30,
     1088.18,       -1.26,
     1088.70,       -1.25,
     1089.22,       -1.25,
     1089.74,       -1.25,
     1090.26,       -1.24,
     1090.78,       -1.25,
     1091.30,       -1.25,
     1091.78,       -1.24,
     1092.30,       -1.21,
     1092.81,       -1.24,
     1093.33,       -0.87,
     1093.85,       -1.29,
     1094.37,       -1.31,
     1094.89,       -1.30,
     1095.45,       -1.32,
     1095.97,       -1.29,
     1096.49,       -1.27,
     1097.01,       -1.37,
     1097.49,       -1.36,
     1098.00,       -1.43,
     1098.52,       -1.47,
     1099.04,       -1.46,
     1099.56,       -1.55,
     1100.04,       -1.59,
     1100.56,       -1.64,
     1101.08,       -1.73,
     1101.64,       -1.73,
     1102.12,       -1.74,
     1102.68,       -1.73,
     1103.19,       -1.71,
     1103.71,       -1.70,
     1104.23,       -1.69,
     1104.75,       -1.68,
     1105.23,       -1.68,
     1105.75,       -1.71,
     1106.27,       -1.73,
     1106.79,       -1.71,
     1107.31,       -1.67,
     1107.82,       -1.64,
     1108.30,       -1.65,
     1108.82,       -1.67,
     1109.38,       -1.70,
     1109.86,       -1.70,
     1110.42,       -1.68,
     1110.94,       -1.64,
     1111.46,       -1.64,
     1112.02,       -1.64,
     1112.50,       -1.63,
     1113.01,       -1.61,
     1113.53,       -1.64,
     1114.05,       -1.66,
     1114.57,       -1.64,
     1115.09,       -1.64,
     1115.57,       -1.64,
     1116.09,       -1.64,
     1116.61,       -1.68,
     1117.13,       -1.68,
     1117.61,       -1.64,
     1118.16,       -1.61,
     1118.68,       -1.59,
     1119.24,       -1.58,
     1119.76,       -1.60,
     1120.28,       -1.55,
     1120.76,       -1.53,
     1121.28,       -1.53,
     1121.80,       -1.54,
     1122.32,       -1.52,
     1122.83,       -1.55,
     1123.35,       -1.49,
     1123.83,       -1.46,
     1124.35,       -1.47,
     1124.87,       -1.49,
     1125.35,       -1.51,
     1125.91,       -1.51,
     1126.43,       -1.47,
     1126.95,       -1.46,
     1127.51,       -1.43,
     1128.02,       -1.44,
     1128.54,       -1.46,
     1129.06,       -1.44,
     1129.58,       -1.39,
     1130.10,       -1.40,
     1130.58,       -1.44,
     1131.10,       -1.42,
     1131.58,       -1.38,
     1132.10,       -1.41,
     1132.62,       -1.38,
     1133.09,       -1.33,
     1133.65,       -1.27,
     1134.17,       -1.28,
     1134.69,       -1.27,
     1135.25,       -1.27,
     1135.77,       -1.28,
     1136.29,       -1.23,
     1136.81,       -1.18,
     1137.29,       -1.19,
     1137.81,       -1.20,
     1138.32,       -1.18,
     1138.84,       -1.12,
     1139.36,       -1.07,
     1139.84,       -1.08,
     1140.32,       -1.11,
     1140.84,       -1.11,
     1141.36,       -1.05,
     1141.88,       -1.03,
     1142.44,       -1.04,
     1142.95,       -1.03,
     1143.47,       -1.03,
     1144.03,       -0.99,
     1144.55,       -0.94,
     1145.03,       -0.93,
     1145.55,       -0.88,
     1146.07,       -0.90,
     1146.59,       -0.90,
     1147.07,       -0.88,
     1147.59,       -0.87,
     1148.06,       -0.85,
     1148.58,       -0.81,
     1149.10,       -0.78,
     1149.62,       -0.76,
     1150.14,       -0.73,
     1150.70,       -0.69,
     1151.22,       -0.67,
     1151.74,       -0.68,
     1152.26,       -0.72,
     1152.78,       -0.68,
     1153.29,       -0.71,
     1153.81,       -0.72,
     1154.33,       -0.68,
     1154.81,       -0.71,
     1155.33,       -0.72,
     1155.81,       -0.76,
     1156.29,       -0.81,
     1156.81,       -0.90,
     1157.37,       -1.13,
     1157.88,       -1.21,
     1158.40,       -1.51,
     1158.96,       -1.86,
     1159.48,       -2.06,
     1160.00,       -2.30,
     1160.52,       -2.46,
     1161.04,       -2.58,
     1161.52,       -2.78,
     1162.04,       -2.82,
     1162.56,       -2.95,
     1163.07,       -3.25,
     1163.55,       -3.44,
     1164.03,       -3.66,
     1164.55,       -3.92,
     1165.07,       -4.11,
     1165.59,       -4.35,
     1166.15,       -4.57,
     1166.67,       -4.64,
     1167.23,       -4.84,
     1167.75,       -4.97,
     1168.26,       -4.97,
     1168.78,       -5.05,
     1169.26,       -5.05,
     1169.78,       -4.96,
     1170.30,       -4.87,
     1170.82,       -4.76,
     1171.30,       -4.70,
     1171.78,       -4.71,
     1172.30,       -4.67,
     1172.82,       -4.61,
     1173.33,       -4.55,
     1173.89,       -4.45,
     1174.41,       -4.36,
     1174.93,       -4.38,
     1175.49,       -4.31,
     1176.01,       -4.27,
     1176.53,       -4.29,
     1177.01,       -4.29,
     1177.53,       -4.37,
     1178.04,       -4.40,
     1178.56,       -4.33,
     1179.04,       -4.33,
     1179.56,       -4.36,
     1180.04,       -4.34,
     1180.56,       -4.47,
     1181.08,       -4.49,
     1181.60,       -4.48,
     1182.16,       -4.62,
     1182.68,       -4.66,
     1183.19,       -4.69,
     1183.75,       -4.84,
     1184.27,       -4.79,
     1184.75,       -4.87,
     1185.27,       -5.00,
     1185.79,       -4.96,
     1186.27,       -5.09,
     1186.75,       -5.17,
     1187.27,       -5.11,
     1187.75,       -5.18,
     1188.22,       -5.26,
     1188.74,       -5.21,
     1189.22,       -5.33,
     1189.74,       -5.32,
     1190.22,       -5.23,
     1190.74,       -5.32,
     1191.22,       -5.31,
     1191.70,       -5.29,
     1192.18,       -5.47,
     1192.62,       -5.46,
     1193.09,       -5.45,
     1193.53,       -5.53,
     1193.97,       -5.48,
     1194.37,       -5.49,
     1194.81,       -5.61,
     1195.21,       -5.57,
     1195.61,       -5.62,
     1196.01,       -5.70,
     1196.45,       -5.60,
     1196.89,       -5.61,
     1197.29,       -5.70,
     1197.73,       -5.62,
     1198.12,       -5.66,
     1198.52,       -5.73,
     1198.92,       -5.64,
     1199.32,       -5.71,
     1199.72,       -5.79,
     1200.08,       -5.68,
     1200.44,       -5.70,
     1200.80,       -5.70,
     1201.16,       -5.60,
     1201.52,       -5.65,
     1201.88,       -5.66,
     1202.20,       -5.55,
     1202.52,       -5.63,
     1202.88,       -5.61,
     1203.19,       -5.51,
     1203.51,       -5.59,
     1203.83,       -5.51,
     1204.15,       -5.43,
     1204.51,       -5.43,
     1204.83,       -5.38,
     1205.15,       -5.35,
     1205.51,       -5.44,
     1205.83,       -5.38,
     1206.15,       -5.36,
     1206.47,       -5.46,
     1206.79,       -5.40,
     1207.03,       -5.35,
     1207.27,       -5.46,
     1207.51,       -5.37,
     1207.71,       -5.37,
     1207.90,       -5.46,
     1208.06,       -5.37,
     1208.22,       -5.39,
     1208.38,       -5.44,
     1208.50,       -5.36,
     1208.62,       -5.38,
     1208.70,       -5.45,
     1208.78,       -5.38,
     1208.86,       -5.45,
     1208.90,       -5.50,
     1208.94,       -5.40,
     1208.94,       -5.49,
     1208.98,       -5.53,
