       -0.00,       -1.32,
        0.04,       -1.32,
        0.08,       -1.31,
        0.12,       -1.32,
        0.16,       -1.30,
        0.20,       -1.29,
        0.24,       -1.29,
        0.28,       -1.27,
        0.36,       -1.25,
        0.44,       -1.23,
        0.52,       -1.19,
        0.56,       -1.20,
        0.64,       -1.16,
        0.76,       -1.14,
        0.84,       -1.13,
        0.92,       -1.06,
        1.00,       -1.08,
        1.12,       -1.10,
        1.20,       -1.06,
        1.32,       -1.09,
        1.44,       -1.07,
        1.56,       -1.05,
        1.68,       -1.07,
        1.80,       -1.05,
        1.92,       -1.06,
        2.04,       -1.03,
        2.16,       -1.04,
        2.31,       -1.06,
        2.43,       -1.07,
        2.51,       -1.11,
        2.63,       -1.07,
        2.79,       -1.09,
        2.91,       -1.08,
        3.03,       -1.08,
        3.15,       -1.14,
        3.27,       -1.12,
        3.39,       -1.12,
        3.51,       -1.17,
        3.63,       -1.11,
        3.75,       -1.16,
        3.87,       -1.17,
        4.03,       -1.13,
        4.15,       -1.16,
        4.31,       -1.14,
        4.47,       -1.11,
        4.63,       -1.16,
        4.79,       -1.11,
        4.95,       -1.09,
        5.11,       -1.13,
        5.31,       -1.08,
        5.51,       -1.14,
        5.71,       -1.13,
        5.91,       -1.09,
        6.11,       -1.16,
        6.35,       -1.11,
        6.59,       -1.08,
        6.79,       -1.09,
        7.03,       -1.06,
        7.23,       -1.04,
        7.46,       -1.04,
        7.70,       -1.06,
        7.94,       -1.05,
        8.18,       -1.05,
        8.42,       -1.01,
        8.66,       -0.98,
        8.90,       -0.96,
        9.18,       -0.96,
        9.46,       -0.98,
        9.74,       -0.99,
       10.02,       -0.96,
       10.34,       -0.94,
       10.62,       -0.90,
       10.90,       -0.86,
       11.18,       -0.86,
       11.46,       -0.84,
       11.74,       -0.85,
       12.02,       -0.85,
       12.29,       -0.85,
       12.57,       -0.85,
       12.85,       -0.80,
       13.13,       -0.76,
       13.41,       -0.72,
       13.69,       -0.68,
       14.01,       -0.68,
       14.29,       -0.67,
       14.57,       -0.68,
       14.89,       -0.68,
       15.17,       -0.71,
       15.45,       -0.70,
       15.73,       -0.73,
       16.01,       -0.72,
       16.33,       -0.72,
       16.61,       -0.73,
       16.89,       -0.74,
       17.21,       -0.73,
       17.52,       -0.72,
       17.84,       -0.73,
       18.20,       -0.73,
       18.52,       -0.71,
       18.84,       -0.71,
       19.20,       -0.71,
       19.52,       -0.72,
       19.80,       -0.69,
       20.16,       -0.70,
       20.48,       -0.68,
       20.80,       -0.71,
       21.12,       -0.69,
       21.44,       -0.64,
       21.76,       -0.64,
       22.12,       -0.62,
       22.43,       -0.61,
       22.79,       -0.59,
       23.11,       -0.56,
       23.43,       -0.55,
       23.79,       -0.53,
       24.11,       -0.50,
       24.47,       -0.51,
       24.79,       -0.50,
       25.11,       -0.48,
       25.51,       -0.46,
       25.87,       -0.44,
       26.23,       -0.45,
       26.59,       -0.46,
       26.99,       -0.46,
       27.34,       -0.45,
       27.70,       -0.42,
       28.06,       -0.42,
       28.42,       -0.41,
       28.78,       -0.38,
       29.14,       -0.40,
       29.50,       -0.38,
       29.90,       -0.37,
       30.26,       -0.33,
       30.62,       -0.31,
       30.98,       -0.31,
       31.34,       -0.31,
       31.74,       -0.29,
       32.06,       -0.26,
       32.45,       -0.25,
       32.81,       -0.22,
       33.21,       -0.22,
       33.57,       -0.23,
       34.01,       -0.25,
       34.41,       -0.22,
       34.81,       -0.20,
       35.21,       -0.16,
       35.65,       -0.12,
       36.05,       -0.10,
       36.41,       -0.07,
       36.81,       -0.05,
       37.17,       -0.06,
       37.56,       -0.02,
       37.96,        0.00,
       38.36,        0.01,
       38.76,        0.04,
       39.16,        0.07,
       39.56,        0.11,
       39.96,        0.15,
       40.32,        0.16,
       40.72,        0.16,
       41.12,        0.18,
       41.56,        0.21,
       41.96,        0.22,
       42.43,        0.22,
       42.83,        0.22,
       43.27,        0.21,
       43.67,        0.20,
       44.07,        0.22,
       44.47,        0.22,
       44.87,        0.22,
       45.31,        0.26,
       45.71,        0.27,
       46.15,        0.28,
       46.55,        0.29,
       46.95,        0.28,
       47.38,        0.29,
       47.78,        0.32,
       48.18,        0.34,
       48.58,        0.36,
       48.98,        0.39,
       49.42,        0.43,
       49.86,        0.44,
       50.30,        0.47,
       50.74,        0.51,
       51.18,        0.55,
       51.62,        0.58,
       52.06,        0.59,
       52.45,        0.60,
       52.93,        0.64,
       53.33,        0.68,
       53.77,        0.73,
       54.21,        0.74,
       54.65,        0.75,
       55.09,        0.78,
       55.49,        0.78,
       55.93,        0.77,
       56.33,        0.81,
       56.73,        0.80,
       57.17,        0.80,
       57.60,        0.84,
       58.12,        0.88,
       58.56,        0.89,
       59.04,        0.90,
       59.48,        0.94,
       59.96,        0.94,
       60.40,        0.94,
       60.80,        0.97,
       61.24,        0.98,
       61.68,        0.98,
       62.12,        0.99,
       62.59,        1.00,
       63.03,        0.95,
       63.43,        0.95,
       63.87,        0.96,
       64.31,        0.91,
       64.75,        0.88,
       65.19,        0.85,
       65.63,        0.81,
       66.11,        0.77,
       66.55,        0.73,
       67.03,        0.68,
       67.50,        0.64,
       67.94,        0.64,
       68.42,        0.58,
       68.82,        0.54,
       69.30,        0.39,
       69.70,        0.17,
       70.18,       -0.10,
       70.62,       -0.44,
       71.10,       -0.83,
       71.54,       -1.18,
       71.98,       -1.40,
       72.37,       -1.46,
       72.81,       -1.48,
       73.29,       -1.47,
       73.77,       -1.51,
       74.25,       -1.53,
       74.73,       -1.55,
       75.21,       -1.60,
       75.69,       -1.62,
       76.17,       -1.71,
       76.57,       -1.68,
       77.01,       -1.73,
       77.48,       -1.78,
       77.92,       -1.84,
       78.40,       -1.87,
       78.88,       -1.88,
       79.36,       -1.91,
       79.80,       -1.90,
       80.24,       -1.90,
       80.68,       -1.92,
       81.16,       -1.94,
       81.64,       -1.96,
       82.12,       -1.99,
       82.59,       -2.04,
       83.07,       -2.08,
       83.55,       -2.09,
       84.03,       -2.12,
       84.47,       -2.14,
       84.91,       -2.13,
       85.39,       -2.16,
       85.87,       -2.19,
       86.35,       -2.21,
       86.83,       -2.23,
       87.31,       -2.24,
       87.74,       -2.25,
       88.18,       -2.28,
       88.66,       -2.31,
       89.10,       -2.32,
       89.62,       -2.37,
       90.10,       -2.39,
       90.58,       -2.45,
       91.06,       -2.47,
       91.54,       -2.46,
       92.02,       -2.47,
       92.49,       -2.49,
       92.93,       -2.49,
       93.41,       -2.50,
       93.89,       -2.50,
       94.41,       -2.47,
       94.89,       -2.46,
       95.33,       -2.47,
       95.77,       -2.47,
       96.25,       -2.47,
       96.73,       -2.47,
       97.21,       -2.45,
       97.64,       -2.43,
       98.16,       -2.42,
       98.68,       -2.37,
       99.20,       -2.37,
       99.68,       -2.31,
      100.20,       -2.33,
      100.64,       -2.32,
      101.12,       -2.34,
      101.60,       -2.32,
      102.08,       -2.31,
      102.59,       -2.30,
      103.07,       -2.29,
      103.51,       -2.31,
      103.99,       -2.30,
      104.47,       -2.27,
      104.91,       -2.25,
      105.39,       -2.22,
      105.91,       -2.23,
      106.43,       -2.22,
      106.95,       -2.21,
      107.42,       -2.23,
      107.94,       -2.22,
      108.42,       -2.24,
      108.86,       -2.25,
      109.34,       -2.25,
      109.86,       -2.23,
      110.38,       -2.24,
      110.86,       -2.24,
      111.34,       -2.24,
      111.82,       -2.22,
      112.26,       -2.19,
      112.73,       -2.21,
      113.21,       -2.20,
      113.73,       -2.18,
      114.25,       -2.17,
      114.77,       -2.15,
      115.29,       -2.16,
      115.77,       -2.14,
      116.25,       -2.16,
      116.73,       -2.14,
      117.25,       -2.12,
      117.72,       -2.12,
      118.24,       -2.12,
      118.72,       -2.11,
      119.24,       -2.11,
      119.68,       -2.07,
      120.16,       -2.04,
      120.64,       -1.99,
      121.12,       -1.98,
      121.64,       -1.97,
      122.20,       -1.98,
      122.67,       -1.98,
      123.19,       -1.99,
      123.71,       -1.98,
      124.23,       -1.93,
      124.71,       -1.90,
      125.19,       -1.86,
      125.71,       -1.80,
      126.19,       -1.74,
      126.71,       -1.70,
      127.19,       -1.67,
      127.66,       -1.64,
      128.14,       -1.57,
      128.62,       -1.52,
      129.10,       -1.42,
      129.66,       -1.34,
      130.18,       -1.29,
      130.70,       -1.22,
      131.22,       -1.16,
      131.74,       -1.13,
      132.26,       -1.08,
      132.73,       -1.02,
      133.21,       -0.98,
      133.73,       -0.90,
      134.21,       -0.81,
      134.69,       -0.72,
      135.21,       -0.66,
      135.69,       -0.63,
      136.17,       -0.55,
      136.65,       -0.46,
      137.17,       -0.38,
      137.68,       -0.32,
      138.20,       -0.28,
      138.72,       -0.26,
      139.28,       -0.23,
      139.80,       -0.16,
      140.28,       -0.17,
      140.76,       -0.17,
      141.28,       -0.19,
      141.76,       -0.20,
      142.28,       -0.18,
      142.75,       -0.20,
      143.27,       -0.20,
      143.75,       -0.20,
      144.23,       -0.21,
      144.71,       -0.21,
      145.23,       -0.20,
      145.75,       -0.24,
      146.31,       -0.23,
      146.83,       -0.24,
      147.34,       -0.24,
      147.86,       -0.21,
      148.38,       -0.20,
      148.86,       -0.20,
      149.34,       -0.17,
      149.86,       -0.15,
      150.34,       -0.12,
      150.86,       -0.12,
      151.38,       -0.17,
      151.86,       -0.17,
      152.34,       -0.14,
      152.81,       -0.14,
      153.33,       -0.12,
      153.85,       -0.08,
      154.37,       -0.06,
      154.93,       -0.02,
      155.45,       -0.02,
      155.97,        0.01,
      156.45,        0.02,
      156.93,        0.01,
      157.40,        0.02,
      157.92,        0.03,
      158.44,        0.04,
      158.96,        0.06,
      159.44,        0.06,
      159.92,        0.10,
      160.44,        0.12,
      160.92,        0.13,
      161.44,        0.13,
      162.00,        0.12,
      162.51,        0.12,
      163.03,        0.12,
      163.59,        0.11,
      164.11,        0.11,
      164.55,        0.13,
      165.07,        0.16,
      165.59,        0.20,
      166.11,        0.21,
      166.63,        0.27,
      167.11,        0.31,
      167.62,        0.31,
      168.10,        0.35,
      168.58,        0.38,
      169.10,        0.44,
      169.62,        0.46,
      170.18,        0.46,
      170.70,        0.46,
      171.26,        0.45,
      171.78,        0.48,
      172.26,        0.48,
      172.77,        0.45,
      173.25,        0.43,
      173.77,        0.42,
      174.29,        0.40,
      174.81,        0.42,
      175.33,        0.45,
      175.81,        0.45,
      176.33,        0.44,
      176.81,        0.46,
      177.36,        0.46,
      177.88,        0.44,
      178.40,        0.44,
      178.96,        0.42,
      179.48,        0.40,
      180.00,        0.38,
      180.52,        0.38,
      181.00,        0.39,
      181.52,        0.40,
      182.04,        0.38,
      182.55,        0.42,
      183.07,        0.42,
      183.59,        0.42,
      184.07,        0.42,
      184.55,        0.44,
      185.07,        0.48,
      185.63,        0.50,
      186.15,        0.51,
      186.67,        0.50,
      187.23,        0.44,
      187.74,        0.43,
      188.22,        0.42,
      188.74,        0.41,
      189.22,        0.37,
      189.74,        0.35,
      190.30,        0.35,
      190.82,        0.36,
      191.30,        0.39,
      191.78,        0.40,
      192.30,        0.42,
      192.77,        0.43,
      193.29,        0.44,
      193.81,        0.46,
      194.37,        0.42,
      194.89,        0.42,
      195.41,        0.40,
      195.93,        0.36,
      196.45,        0.34,
      196.93,        0.33,
      197.48,        0.34,
      198.00,        0.34,
      198.52,        0.33,
      199.04,        0.33,
      199.52,        0.32,
      200.04,        0.28,
      200.52,        0.32,
      201.04,        0.37,
      201.60,        0.37,
      202.16,        0.33,
      202.67,        0.33,
      203.19,        0.33,
      203.71,        0.32,
      204.23,        0.33,
      204.71,        0.35,
      205.23,        0.36,
      205.75,        0.35,
      206.31,        0.39,
      206.79,        0.38,
      207.31,        0.42,
      207.82,        0.43,
      208.30,        0.42,
      208.82,        0.40,
      209.38,        0.42,
      209.90,        0.45,
      210.42,        0.44,
      210.98,        0.45,
      211.50,        0.42,
      212.02,        0.46,
      212.49,        0.50,
      213.01,        0.51,
      213.53,        0.50,
      214.05,        0.43,
      214.57,        0.54,
      215.09,        0.57,
      215.61,        0.59,
      216.09,        0.56,
      216.61,        0.58,
      217.13,        0.57,
      217.64,        0.55,
      218.20,        0.56,
      218.72,        0.58,
      219.28,        0.63,
      219.80,        0.64,
      220.28,        0.70,
      220.80,        0.72,
      221.32,        0.72,
      221.84,        0.75,
      222.36,        0.76,
      222.87,        0.77,
      223.39,        0.78,
      223.87,        0.76,
      224.39,        0.78,
      224.91,        0.79,
      225.47,        0.79,
      225.99,        0.81,
      226.51,        0.81,
      227.07,        0.79,
      227.62,        0.82,
      228.10,        0.82,
      228.62,        0.81,
      229.14,        0.82,
      229.66,        0.82,
      230.18,        0.76,
      230.74,        0.74,
      231.22,        0.72,
      231.74,        0.69,
      232.22,        0.66,
      232.73,        0.58,
      233.29,        0.55,
      233.81,        0.56,
      234.33,        0.55,
      234.89,        0.55,
      235.45,        0.55,
      235.97,        0.56,
      236.49,        0.42,
      236.97,        0.56,
      237.52,        0.60,
      238.04,        0.60,
      238.60,        0.64,
      239.12,        0.68,
      239.60,        0.72,
      240.12,        0.73,
      240.60,        0.74,
      241.16,        0.76,
      241.68,        0.75,
      242.24,        0.78,
      242.75,        0.78,
      243.31,        0.80,
      243.83,        0.81,
      244.35,        0.85,
      244.87,        0.85,
      245.39,        0.88,
      245.91,        0.90,
      246.47,        0.90,
      246.99,        0.93,
      247.50,        0.92,
      247.98,        0.92,
      248.50,        0.94,
      249.02,        0.97,
      249.54,        0.94,
      250.10,        0.98,
      250.62,        1.04,
      251.18,        1.05,
      251.74,        1.04,
      252.26,        1.08,
      252.73,        1.12,
      253.25,        1.15,
      253.77,        1.19,
      254.33,        1.20,
      254.85,        1.21,
      255.37,        1.25,
      255.89,        1.25,
      256.37,        1.29,
      256.89,        1.29,
      257.40,        1.32,
      257.96,        1.33,
      258.52,        1.33,
      259.04,        1.33,
      259.60,        1.33,
      260.12,        1.35,
      260.64,        1.36,
      261.16,        1.31,
      261.68,        1.34,
      262.20,        1.34,
      262.75,        1.33,
      263.27,        1.32,
      263.75,        1.26,
      264.27,        1.27,
      264.79,        1.25,
      265.31,        1.24,
      265.87,        1.24,
      266.39,        1.23,
      266.95,        1.26,
      267.50,        1.27,
      268.02,        1.32,
      268.54,        1.37,
      269.02,        1.38,
      269.58,        1.44,
      270.10,        1.41,
      270.62,        1.44,
      271.14,        1.49,
      271.66,        1.50,
      272.18,        1.46,
      272.65,        1.48,
      273.21,        1.50,
      273.73,        1.51,
      274.29,        1.51,
      274.85,        1.55,
      275.37,        1.60,
      275.93,        1.58,
      276.45,        1.60,
      276.93,        1.63,
      277.44,        1.70,
      278.00,        1.71,
      278.52,        1.69,
      279.04,        1.72,
      279.56,        1.69,
      280.08,        1.68,
      280.60,        1.68,
      281.12,        1.66,
      281.64,        1.65,
      282.20,        1.66,
      282.75,        1.66,
      283.31,        1.64,
      283.83,        1.57,
      284.35,        1.52,
      284.87,        1.32,
      285.39,        1.03,
      285.95,        0.68,
      286.47,        0.35,
      286.99,        0.22,
      287.50,        0.22,
      288.02,        0.27,
      288.50,        0.24,
      289.02,        0.15,
      289.58,        0.15,
      290.14,        0.15,
      290.66,        0.15,
      291.22,        0.17,
      291.78,        0.16,
      292.30,        0.20,
      292.81,        0.19,
      293.33,        0.15,
      293.85,        0.15,
      294.41,        0.15,
      294.93,        0.16,
      295.45,        0.20,
      295.97,        0.21,
      296.49,        0.22,
      296.97,        0.23,
      297.52,        0.25,
      298.08,        0.28,
      298.60,        0.25,
      299.16,        0.30,
      299.72,        0.32,
      300.24,        0.28,
      300.80,        0.29,
      301.28,        0.26,
      301.84,        0.24,
      302.36,        0.24,
      302.87,        0.27,
      303.39,        0.30,
      303.91,        0.28,
      304.43,        0.26,
      304.91,        0.28,
      305.47,        0.25,
      306.03,        0.24,
      306.55,        0.23,
      307.11,        0.20,
      307.66,        0.24,
      308.22,        0.25,
      308.74,        0.34,
      309.26,        0.39,
      309.78,        0.43,
      310.30,        0.45,
      310.86,        0.46,
      311.38,        0.46,
      311.90,        0.50,
      312.42,        0.54,
      312.89,        0.56,
      313.45,        0.54,
      313.97,        0.49,
      314.53,        0.53,
      315.09,        0.54,
      315.65,        0.60,
      316.17,        0.65,
      316.73,        0.64,
      317.25,        0.64,
      317.76,        0.66,
      318.28,        0.68,
      318.84,        0.66,
      319.36,        0.68,
      319.88,        0.67,
      320.40,        0.66,
      320.88,        0.68,
      321.44,        0.70,
      321.96,        0.72,
      322.51,        0.75,
      323.07,        0.74,
      323.63,        0.75,
      324.15,        0.74,
      324.71,        0.73,
      325.23,        0.72,
      325.79,        0.76,
      326.31,        0.76,
      326.83,        0.77,
      327.35,        0.76,
      327.86,        0.76,
      328.38,        0.76,
      328.90,        0.77,
      329.42,        0.80,
      329.98,        0.82,
      330.54,        0.79,
      331.10,        0.79,
      331.62,        0.80,
      332.18,        0.81,
      332.73,        0.86,
      333.25,        0.91,
      333.77,        0.94,
      334.29,        0.97,
      334.85,        1.01,
      335.37,        1.03,
      335.89,        1.04,
      336.41,        1.03,
      336.89,        1.03,
      337.44,        1.06,
      337.96,        1.09,
      338.52,        1.10,
      339.08,        1.20,
      339.64,        1.29,
      340.16,        1.32,
      340.72,        1.30,
      341.24,        1.25,
      341.80,        1.25,
      342.32,        1.28,
      342.83,        1.26,
      343.39,        1.27,
      343.91,        1.28,
      344.39,        1.29,
      344.91,        1.30,
      345.47,        1.32,
      345.99,        1.37,
      346.55,        1.37,
      347.11,        1.38,
      347.66,        1.42,
      348.18,        1.42,
      348.74,        1.45,
      349.30,        1.48,
      349.82,        1.46,
      350.34,        1.46,
      350.90,        1.46,
      351.42,        1.51,
      351.94,        1.49,
      352.42,        1.49,
      352.93,        1.51,
      353.49,        1.55,
      354.05,        1.55,
      354.57,        1.60,
      355.13,        1.61,
      355.69,        1.59,
      356.21,        1.61,
      356.77,        1.58,
      357.29,        1.59,
      357.84,        1.60,
      358.36,        1.66,
      358.88,        1.68,
      359.40,        1.67,
      359.92,        1.66,
      360.44,        1.69,
      360.96,        1.72,
      361.48,        1.71,
      362.04,        1.68,
      362.59,        1.65,
      363.11,        1.64,
      363.67,        1.66,
      364.23,        1.68,
      364.79,        1.68,
      365.31,        1.67,
      365.83,        1.68,
      366.39,        1.73,
      366.91,        1.76,
      367.43,        1.76,
      367.94,        1.77,
      368.42,        1.77,
      368.94,        1.79,
      369.50,        1.81,
      370.06,        1.86,
      370.58,        1.89,
      371.14,        1.90,
      371.70,        1.92,
      372.26,        1.92,
      372.77,        1.93,
      373.33,        1.93,
      373.85,        1.94,
      374.37,        1.98,
      374.89,        1.97,
      375.45,        1.94,
      375.93,        1.95,
      376.45,        1.97,
      376.97,        2.03,
      377.48,        2.05,
      378.08,        2.07,
      378.64,        2.11,
      379.20,        2.08,
      379.76,        2.12,
      380.28,        2.16,
      380.84,        2.16,
      381.36,        2.18,
      381.88,        2.22,
      382.44,        2.23,
      382.95,        2.24,
      383.47,        2.22,
      383.99,        2.29,
      384.47,        2.30,
      385.03,        2.34,
      385.55,        2.34,
      386.11,        2.33,
      386.67,        2.37,
      387.19,        2.33,
      387.74,        2.36,
      388.30,        2.37,
      388.82,        2.40,
      389.34,        2.43,
      389.90,        2.42,
      390.42,        2.45,
      390.94,        2.48,
      391.46,        2.51,
      391.98,        2.52,
      392.46,        2.56,
      393.01,        2.58,
      393.53,        2.58,
      394.09,        2.57,
      394.65,        2.61,
      395.21,        2.63,
      395.73,        2.68,
      396.29,        2.70,
      396.81,        2.78,
      397.33,        2.78,
      397.84,        2.71,
      398.40,        2.72,
      398.92,        2.73,
      399.44,        2.78,
      399.96,        2.74,
      400.44,        2.64,
      400.96,        2.60,
      401.52,        2.33,
      402.08,        2.12,
      402.63,        1.94,
      403.15,        1.87,
      403.71,        1.91,
      404.27,        1.82,
      404.79,        1.81,
      405.31,        1.75,
      405.83,        1.71,
      406.39,        1.74,
      406.91,        1.63,
      407.43,        1.64,
      407.94,        1.55,
      408.42,        1.44,
      408.94,        1.46,
      409.50,        1.29,
      410.06,        1.26,
      410.62,        1.14,
      411.14,        0.90,
      411.70,        0.89,
      412.26,        0.69,
      412.77,        0.59,
      413.33,        0.48,
      413.85,        0.26,
      414.37,        0.24,
      414.89,        0.10,
      415.45,        0.02,
      415.93,       -0.07,
      416.45,       -0.20,
      416.97,       -0.21,
      417.48,       -0.36,
      418.04,       -0.48,
      418.60,       -0.52,
      419.16,       -0.63,
      419.72,       -0.67,
      420.28,       -0.75,
      420.80,       -0.81,
      421.36,       -0.85,
      421.88,       -0.89,
      422.40,       -0.94,
      422.95,       -0.95,
      423.47,       -0.95,
      423.99,       -0.98,
      424.47,       -0.99,
      424.99,       -0.94,
      425.55,       -0.88,
      426.11,       -0.85,
      426.67,       -0.80,
      427.23,       -0.74,
      427.74,       -0.73,
      428.30,       -0.73,
      428.86,       -0.71,
      429.38,       -0.67,
      429.90,       -0.62,
      430.46,       -0.61,
      430.98,       -0.62,
      431.50,       -0.61,
      432.02,       -0.62,
      432.49,       -0.56,
      433.05,       -0.56,
      433.57,       -0.54,
      434.13,       -0.55,
      434.69,       -0.53,
      435.25,       -0.53,
      435.81,       -0.50,
      436.33,       -0.44,
      436.89,       -0.36,
      437.41,       -0.33,
      437.92,       -0.32,
      438.48,       -0.32,
      439.00,       -0.33,
      439.52,       -0.29,
      440.04,       -0.23,
      440.52,       -0.16,
      441.08,       -0.10,
      441.60,       -0.07,
      442.16,       -0.07,
      442.71,       -0.00,
      443.27,        0.06,
      443.79,        0.08,
      444.35,        0.09,
      444.87,        0.14,
      445.43,        0.20,
      445.95,        0.19,
      446.47,        0.24,
      446.99,        0.28,
      447.54,        0.32,
      448.02,        0.35,
      448.50,        0.36,
      449.06,        0.35,
      449.62,        0.36,
      450.18,        0.39,
      450.74,        0.45,
      451.26,        0.48,
      451.82,        0.50,
      452.38,        0.44,
      452.89,        0.42,
      453.41,        0.46,
      453.93,        0.47,
      454.49,        0.47,
      455.01,        0.52,
      455.53,        0.58,
      456.01,        0.58,
      456.53,        0.59,
      457.05,        0.60,
      457.60,        0.66,
      458.20,        0.71,
      458.76,        0.70,
      459.28,        0.69,
      459.84,        0.76,
      460.40,        0.80,
      460.88,        0.82,
      461.44,        0.83,
      461.96,        0.85,
      462.48,        0.88,
      463.03,        0.83,
      463.55,        0.81,
      464.03,        0.81,
      464.51,        0.84,
      465.07,        0.88,
      465.63,        0.91,
      466.19,        0.96,
      466.75,        0.99,
      467.27,        1.04,
      467.82,        1.04,
      468.38,        1.09,
      468.90,        1.11,
      469.42,        1.08,
      469.94,        1.06,
      470.50,        0.99,
      471.02,        0.94,
      471.54,        0.95,
      472.02,        0.91,
      472.53,        0.87,
      473.05,        0.84,
      473.61,        0.80,
      474.17,        0.78,
      474.73,        0.77,
      475.29,        0.73,
      475.85,        0.76,
      476.37,        0.79,
      476.89,        0.74,
      477.41,        0.72,
      477.92,        0.68,
      478.48,        0.66,
      479.00,        0.59,
      479.52,        0.56,
      480.00,        0.59,
      480.52,        0.55,
      481.08,        0.55,
      481.64,        0.50,
      482.20,        0.46,
      482.71,        0.44,
      483.27,        0.44,
      483.83,        0.48,
      484.35,        0.52,
      484.87,        0.50,
      485.39,        0.47,
      485.95,        0.46,
      486.47,        0.41,
      486.99,        0.43,
      487.51,        0.44,
      487.98,        0.38,
      488.50,        0.36,
      489.06,        0.38,
      489.62,        0.46,
      490.18,        0.47,
      490.74,        0.48,
      491.26,        0.48,
      491.82,        0.50,
      492.34,        0.50,
      492.85,        0.54,
      493.41,        0.55,
      493.93,        0.59,
      494.45,        0.58,
      494.97,        0.63,
      495.53,        0.69,
      496.01,        0.73,
      496.53,        0.74,
      497.05,        0.73,
      497.60,        0.73,
      498.16,        0.75,
      498.72,        0.76,
      499.28,        0.75,
      499.80,        0.78,
      500.36,        0.80,
      500.88,        0.82,
      501.40,        0.82,
      501.92,        0.81,
      502.48,        0.85,
      502.99,        0.86,
      503.51,        0.90,
      503.99,        0.91,
      504.51,        0.95,
      505.07,        0.99,
      505.63,        0.99,
      506.19,        0.99,
      506.75,        1.03,
      507.27,        1.06,
      507.82,        1.05,
      508.42,        1.05,
      508.94,        1.05,
      509.46,        1.07,
      510.02,        1.11,
      510.54,        1.14,
      511.06,        1.14,
      511.58,        1.13,
      512.06,        1.15,
      512.57,        1.15,
      513.13,        1.15,
      513.65,        1.15,
      514.25,        1.17,
      514.77,        1.20,
      515.33,        1.20,
      515.89,        1.19,
      516.41,        1.19,
      516.97,        1.19,
      517.49,        1.20,
      518.00,        1.20,
      518.56,        1.25,
      519.08,        1.25,
      519.60,        1.25,
      520.08,        1.28,
      520.60,        1.28,
      521.16,        1.29,
      521.68,        1.27,
      522.24,        1.24,
      522.83,        1.21,
      523.39,        1.22,
      523.95,        1.25,
      524.43,        1.25,
      524.95,        1.27,
      525.47,        1.27,
      525.99,        1.27,
      526.55,        1.25,
      527.11,        1.25,
      527.62,        1.24,
      528.10,        1.16,
      528.62,        1.12,
      529.18,        1.11,
      529.70,        1.11,
      530.26,        1.11,
      530.82,        1.10,
      531.38,        1.09,
      531.94,        1.09,
      532.50,        1.07,
      533.01,        1.03,
      533.57,        1.05,
      534.09,        1.03,
      534.65,        1.03,
      535.17,        1.03,
      535.69,        1.03,
      536.17,        1.02,
      536.69,        1.00,
      537.25,        1.00,
      537.80,        0.94,
      538.36,        0.94,
      538.88,        0.94,
      539.44,        0.91,
      540.00,        0.89,
      540.52,        0.86,
      541.08,        0.90,
      541.60,        0.94,
      542.16,        0.92,
      542.67,        0.93,
      543.19,        0.95,
      543.71,        0.95,
      544.19,        0.94,
      544.71,        0.91,
      545.27,        0.90,
      545.83,        0.90,
      546.39,        0.89,
      546.95,        0.88,
      547.51,        0.87,
      548.06,        0.86,
      548.62,        0.88,
      549.18,        0.87,
      549.70,        0.88,
      550.22,        0.87,
      550.74,        0.90,
      551.26,        0.91,
      551.78,        0.90,
      552.30,        0.90,
      552.81,        0.90,
      553.37,        0.91,
      553.93,        0.92,
      554.45,        0.96,
      555.01,        0.94,
      555.57,        0.93,
      556.13,        0.92,
      556.65,        0.94,
      557.17,        0.92,
      557.72,        0.98,
      558.24,        0.94,
      558.76,        0.94,
      559.28,        0.98,
      559.80,        1.00,
      560.32,        0.99,
      560.84,        0.98,
      561.40,        1.00,
      561.96,        1.02,
      562.52,        1.02,
      563.03,        1.04,
      563.59,        1.02,
      564.11,        1.00,
      564.63,        1.02,
      565.19,        1.05,
      565.71,        1.05,
      566.23,        1.05,
      566.79,        1.06,
      567.31,        1.07,
      567.78,        1.09,
      568.30,        1.09,
      568.82,        1.09,
      569.38,        1.13,
      569.94,        1.09,
      570.50,        1.04,
      571.02,        1.03,
      571.58,        1.03,
      572.10,        1.03,
      572.61,        1.05,
      573.17,        1.05,
      573.73,        1.04,
      574.29,        1.05,
      574.81,        1.05,
      575.33,        1.05,
      575.81,        1.06,
      576.33,        1.07,
      576.85,        1.07,
      577.41,        1.07,
      577.96,        1.07,
      578.52,        1.06,
      579.08,        1.08,
      579.60,        1.11,
      580.12,        1.12,
      580.64,        1.25,
      581.20,        1.19,
      581.72,        1.18,
      582.24,        1.19,
      582.79,        1.24,
      583.31,        1.25,
      583.79,        1.24,
      584.31,        1.23,
      584.83,        1.20,
      585.39,        1.17,
      585.95,        1.13,
      586.51,        1.07,
      587.07,        1.06,
      587.58,        1.03,
      588.10,        0.98,
      588.62,        0.98,
      589.18,        0.97,
      589.74,        0.98,
      590.26,        0.97,
      590.82,        1.02,
      591.30,        1.02,
      591.82,        0.98,
      592.30,        0.98,
      592.85,        0.95,
      593.41,        0.98,
      593.97,        1.00,
      594.53,        0.98,
      595.09,        0.95,
      595.61,        0.93,
      596.13,        0.85,
      596.65,        0.78,
      597.17,        0.65,
      597.68,        0.48,
      598.24,        0.23,
      598.76,        0.05,
      599.28,       -0.05,
      599.80,       -0.08,
      600.28,       -0.08,
      600.84,       -0.18,
      601.40,       -0.19,
      601.96,       -0.24,
      602.52,       -0.27,
      603.03,       -0.28,
      603.59,       -0.37,
      604.11,       -0.42,
      604.63,       -0.45,
      605.19,       -0.58,
      605.71,       -0.68,
      606.23,       -0.83,
      606.75,       -1.05,
      607.27,       -1.30,
      607.78,       -1.62,
      608.26,       -1.99,
      608.82,       -2.40,
      609.38,       -2.78,
      609.94,       -3.13,
      610.50,       -3.24,
      611.02,       -3.24,
      611.58,       -3.21,
      612.10,       -3.25,
      612.61,       -3.24,
      613.17,       -3.25,
      613.69,       -3.33,
      614.21,       -3.38,
      614.77,       -3.37,
      615.29,       -3.33,
      615.77,       -3.26,
      616.29,       -3.21,
      616.81,       -3.21,
      617.41,       -3.17,
      617.96,       -3.17,
      618.52,       -3.17,
      619.04,       -3.19,
      619.60,       -3.21,
      620.12,       -3.18,
      620.64,       -3.15,
      621.16,       -3.14,
      621.68,       -3.13,
      622.24,       -3.10,
      622.75,       -3.04,
      623.27,       -2.95,
      623.79,       -2.93,
      624.27,       -2.91,
      624.83,       -2.85,
      625.35,       -2.84,
      625.91,       -2.82,
      626.47,       -2.77,
      627.03,       -2.71,
      627.58,       -2.69,
      628.10,       -2.66,
      628.62,       -2.58,
      629.14,       -2.57,
      629.66,       -2.50,
      630.22,       -2.43,
      630.74,       -2.37,
      631.26,       -2.33,
      631.78,       -2.24,
      632.26,       -2.19,
      632.81,       -2.12,
      633.37,       -2.09,
      633.93,       -2.08,
      634.49,       -2.08,
      635.01,       -1.99,
      635.57,       -1.94,
      636.13,       -1.95,
      636.65,       -1.93,
      637.17,       -1.90,
      637.68,       -1.83,
      638.24,       -1.77,
      638.76,       -1.75,
      639.28,       -1.72,
      639.76,       -1.67,
      640.28,       -1.64,
      640.84,       -1.61,
      641.36,       -1.55,
      641.92,       -1.48,
      642.48,       -1.43,
      643.03,       -1.41,
      643.59,       -1.38,
      644.11,       -1.37,
      644.63,       -1.32,
      645.19,       -1.25,
      645.71,       -1.18,
      646.23,       -1.16,
      646.79,       -1.14,
      647.31,       -1.16,
      647.78,       -1.18,
      648.30,       -1.12,
      648.82,       -1.11,
      649.38,       -1.07,
      649.94,       -1.07,
      650.50,       -1.07,
      651.06,       -1.04,
      651.58,       -1.00,
      652.14,       -0.97,
      652.65,       -0.94,
      653.21,       -0.94,
      653.73,       -0.97,
      654.25,       -0.94,
      654.77,       -0.90,
      655.29,       -0.85,
      655.81,       -0.84,
      656.33,       -0.82,
      656.85,       -0.79,
      657.41,       -0.80,
      657.96,       -0.77,
      658.52,       -0.72,
      659.04,       -0.71,
      659.60,       -0.72,
      660.16,       -0.73,
      660.68,       -0.71,
      661.20,       -0.72,
      661.76,       -0.71,
      662.28,       -0.70,
      662.79,       -0.67,
      663.31,       -0.64,
      663.83,       -0.63,
      664.35,       -0.62,
      664.87,       -0.62,
      665.43,       -0.56,
      665.99,       -0.55,
      666.55,       -0.51,
      667.11,       -0.56,
      667.62,       -0.55,
      668.18,       -0.50,
      668.74,       -0.49,
      669.26,       -0.49,
      669.78,       -0.48,
      670.34,       -0.46,
      670.86,       -0.44,
      671.38,       -0.40,
      671.86,       -0.40,
      672.38,       -0.39,
      672.93,       -0.38,
      673.45,       -0.38,
      674.01,       -0.37,
      674.57,       -0.37,
      675.13,       -0.37,
      675.69,       -0.42,
      676.25,       -0.43,
      676.77,       -0.39,
      677.29,       -0.43,
      677.84,       -0.45,
      678.36,       -0.64,
      678.88,       -0.53,
      679.40,       -0.54,
      679.92,       -0.55,
      680.40,       -0.55,
      680.96,       -0.58,
      681.52,       -0.59,
      682.08,       -0.59,
      682.63,       -0.57,
      683.19,       -0.59,
      683.75,       -0.61,
      684.31,       -0.61,
      684.83,       -0.63,
      685.39,       -0.64,
      685.91,       -0.71,
      686.43,       -0.91,
      686.95,       -1.21,
      687.47,       -1.60,
      687.98,       -2.06,
      688.50,       -2.50,
      689.02,       -2.95,
      689.58,       -3.41,
      690.14,       -3.73,
      690.70,       -3.79,
      691.26,       -3.79,
      691.82,       -3.78,
      692.34,       -3.79,
      692.89,       -3.81,
      693.41,       -3.85,
      693.97,       -3.88,
      694.49,       -3.87,
      695.01,       -3.90,
      695.49,       -4.00,
      696.05,       -4.00,
      696.53,       -4.09,
      697.09,       -4.12,
      697.64,       -4.13,
      698.20,       -4.16,
      698.76,       -4.14,
      699.32,       -4.17,
      699.84,       -4.25,
      700.40,       -4.23,
      700.92,       -4.22,
      701.48,       -4.26,
      702.00,       -4.22,
      702.56,       -4.22,
      703.07,       -4.23,
      703.55,       -4.23,
      704.07,       -4.24,
      704.59,       -4.24,
      705.15,       -4.21,
      705.71,       -4.22,
      706.23,       -4.24,
      706.79,       -4.20,
      707.35,       -4.19,
      707.90,       -4.17,
      708.46,       -4.14,
      708.98,       -4.15,
      709.50,       -4.14,
      710.06,       -4.09,
      710.58,       -4.12,
      711.06,       -4.09,
      711.54,       -4.04,
      712.06,       -4.04,
      712.58,       -4.02,
      713.13,       -4.01,
      713.69,       -4.03,
      714.25,       -4.00,
      714.81,       -3.99,
      715.37,       -3.98,
      715.89,       -3.93,
      716.45,       -3.92,
      716.97,       -3.87,
      717.49,       -3.81,
      718.04,       -3.83,
      718.56,       -3.82,
      719.08,       -3.79,
      719.60,       -3.78,
      720.12,       -3.70,
      720.64,       -3.65,
      721.16,       -3.61,
      721.72,       -3.53,
      722.28,       -3.52,
      722.83,       -3.52,
      723.39,       -3.48,
      723.95,       -3.48,
      724.47,       -3.45,
      724.99,       -3.42,
      725.55,       -3.40,
      726.07,       -3.35,
      726.59,       -3.29,
      727.11,       -3.28,
      727.63,       -3.22,
      728.14,       -3.17,
      728.66,       -3.14,
      729.22,       -3.08,
      729.74,       -3.05,
      730.30,       -3.03,
      730.86,       -2.97,
      731.42,       -2.95,
      731.98,       -2.93,
      732.50,       -2.87,
      733.01,       -2.82,
      733.57,       -2.78,
      734.09,       -2.73,
      734.61,       -2.71,
      735.17,       -2.65,
      735.65,       -2.63,
      736.21,       -2.60,
      736.77,       -2.55,
      737.33,       -2.54,
      737.88,       -2.53,
      738.44,       -2.50,
      739.00,       -2.50,
      739.56,       -2.46,
      740.12,       -2.45,
      740.64,       -2.44,
      741.16,       -2.47,
      741.68,       -2.47,
      742.20,       -2.48,
      742.71,       -2.47,
      743.23,       -2.47,
      743.71,       -2.47,
      744.23,       -2.45,
      744.79,       -2.43,
      745.31,       -2.43,
      745.87,       -2.41,
      746.43,       -2.35,
      746.99,       -2.30,
      747.55,       -2.26,
      748.02,       -2.22,
      748.54,       -2.16,
      749.10,       -2.14,
      749.62,       -2.12,
      750.18,       -2.04,
      750.70,       -2.03,
      751.22,       -2.00,
      751.70,       -1.96,
      752.22,       -1.94,
      752.73,       -1.92,
      753.29,       -1.89,
      753.85,       -1.86,
      754.41,       -1.77,
      754.97,       -1.73,
      755.49,       -1.73,
      756.01,       -1.69,
      756.53,       -1.64,
      757.09,       -1.60,
      757.61,       -1.56,
      758.16,       -1.53,
      758.68,       -1.50,
      759.20,       -1.48,
      759.68,       -1.48,
      760.20,       -1.49,
      760.72,       -1.46,
      761.28,       -1.42,
      761.84,       -1.39,
      762.40,       -1.39,
      762.95,       -1.36,
      763.47,       -1.37,
      763.99,       -1.37,
      764.51,       -1.34,
      765.07,       -1.32,
      765.59,       -1.31,
      766.11,       -1.31,
      766.67,       -1.29,
      767.15,       -1.27,
      767.66,       -1.25,
      768.18,       -1.25,
      768.70,       -1.25,
      769.26,       -1.27,
      769.82,       -1.31,
      770.38,       -1.37,
      770.94,       -1.38,
      771.46,       -1.39,
      771.98,       -1.40,
      772.50,       -1.42,
      773.05,       -1.42,
      773.57,       -1.42,
      774.13,       -1.40,
      774.65,       -1.43,
      775.17,       -1.47,
      775.65,       -1.55,
      776.17,       -1.59,
      776.69,       -1.63,
      777.25,       -1.68,
      777.80,       -1.73,
      778.36,       -1.77,
      778.92,       -1.77,
      779.48,       -1.77,
      780.00,       -1.73,
      780.52,       -1.77,
      781.04,       -1.78,
      781.60,       -1.76,
      782.12,       -1.75,
      782.64,       -1.68,
      783.15,       -1.65,
      783.63,       -1.63,
      784.15,       -1.58,
      784.71,       -1.56,
      785.27,       -1.55,
      785.83,       -1.51,
      786.39,       -1.45,
      786.95,       -1.39,
      787.47,       -1.38,
      787.98,       -1.37,
      788.50,       -1.37,
      789.02,       -1.33,
      789.58,       -1.31,
      790.10,       -1.26,
      790.66,       -1.20,
      791.14,       -1.20,
      791.66,       -1.19,
      792.14,       -1.13,
      792.69,       -0.17,
      793.25,       -1.03,
      793.81,       -0.97,
      794.37,       -0.96,
      794.93,       -0.94,
      795.45,       -0.89,
      796.01,       -0.89,
      796.53,       -0.90,
      797.05,       -0.77,
      797.57,       -0.75,
      798.12,       -0.70,
      798.64,       -0.64,
      799.12,       -0.59,
      799.64,       -0.55,
      800.16,       -0.48,
      800.68,       -0.42,
      801.24,       -0.39,
      801.80,       -0.36,
      802.36,       -0.33,
      802.91,       -0.30,
      803.47,       -0.28,
      803.99,       -0.24,
      804.51,       -0.20,
      805.07,       -0.16,
      805.59,       -0.16,
      806.11,       -0.10,
      806.67,       -0.08,
      807.15,       -0.05,
      807.67,       -0.00,
      808.18,        0.02,
      808.70,        0.04,
      809.26,        0.08,
      809.82,        0.07,
      810.38,        0.06,
      810.94,        0.02,
      811.50,       -0.07,
      812.02,       -0.05,
      812.50,       -0.07,
      813.05,       -0.10,
      813.57,       -0.07,
      814.09,       -0.07,
      814.61,       -0.07,
      815.13,       -0.07,
      815.61,       -0.07,
      816.13,       -0.07,
      816.69,       -0.07,
      817.25,       -0.07,
      817.80,       -0.06,
      818.36,       -0.05,
      818.92,       -0.04,
      819.44,        0.00,
      819.92,       -0.05,
      820.44,       -0.10,
      820.96,       -0.07,
      821.52,       -0.11,
      822.04,       -0.19,
      822.60,       -0.28,
      823.07,       -0.37,
      823.59,       -0.81,
      824.07,       -1.13,
      824.63,       -1.44,
      825.19,       -1.79,
      825.75,       -2.12,
      826.31,       -2.45,
      826.87,       -2.73,
      827.39,       -2.96,
      827.86,       -3.21,
      828.38,       -3.44,
      828.90,       -3.66,
      829.46,       -3.96,
      829.98,       -4.26,
      830.54,       -4.57,
      831.02,       -4.92,
      831.54,       -5.28,
      832.06,       -5.58,
      832.58,       -5.17,
      833.13,       -5.73,
      833.69,       -5.79,
      834.25,       -5.88,
      834.81,       -5.87,
      835.33,       -5.91,
      835.81,       -5.97,
      836.33,       -5.97,
      836.85,       -5.99,
      837.41,       -6.04,
      837.92,       -6.00,
      838.44,       -5.97,
      838.96,       -6.00,
      839.44,       -5.98,
      840.00,       -6.03,
      840.52,       -6.08,
      841.08,       -6.09,
      841.64,       -6.05,
      842.20,       -6.05,
      842.75,       -6.06,
      843.27,       -6.06,
      843.75,       -6.09,
      844.27,       -6.09,
      844.79,       -6.12,
      845.35,       -6.27,
      845.87,       -6.32,
      846.43,       -6.36,
      846.91,       -6.42,
      847.43,       -6.40,
      847.94,       -6.32,
      848.46,       -6.36,
      849.02,       -6.40,
      849.58,       -6.36,
      850.14,       -6.34,
      850.70,       -6.43,
      851.22,       -6.56,
      851.74,       -6.69,
      852.22,       -6.78,
      852.77,       -6.78,
      853.29,       -6.84,
      853.85,       -6.90,
      854.37,       -6.93,
      854.85,       -6.96,
      855.37,       -6.93,
      855.89,       -6.93,
      856.41,       -7.01,
      856.97,       -7.05,
      857.53,       -7.13,
      858.08,       -7.17,
      858.64,       -7.17,
      859.16,       -7.17,
      859.68,       -7.15,
      860.20,       -7.11,
      860.72,       -7.11,
      861.28,       -7.23,
      861.80,       -7.25,
      862.32,       -7.32,
      862.79,       -7.32,
      863.31,       -7.28,
      863.83,       -7.22,
      864.39,       -7.19,
      864.95,       -7.18,
      865.47,       -7.12,
      866.03,       -7.09,
      866.59,       -7.15,
      867.15,       -7.16,
      867.67,       -7.14,
      868.14,       -7.09,
      868.70,       -7.06,
      869.22,       -7.01,
      869.74,       -6.97,
      870.30,       -6.99,
      870.78,       -7.03,
      871.30,       -6.98,
      871.82,       -6.88,
      872.34,       -6.80,
      872.89,       -6.77,
      873.45,       -6.79,
      874.01,       -6.74,
      874.57,       -6.69,
      875.09,       -6.67,
      875.61,       -6.63,
      876.13,       -6.56,
      876.69,       -6.50,
      877.21,       -6.47,
      877.72,       -6.41,
      878.28,       -6.34,
      878.76,       -6.31,
      879.28,       -6.27,
      879.80,       -6.18,
      880.32,       -6.12,
      880.88,       -6.02,
      881.44,       -5.96,
      882.00,       -5.92,
      882.56,       -5.85,
      883.07,       -5.74,
      883.59,       -5.69,
      884.11,       -5.69,
      884.67,       -5.64,
      885.19,       -5.60,
      885.71,       -5.53,
      886.23,       -5.48,
      886.75,       -5.43,
      887.23,       -5.35,
      887.74,       -5.31,
      888.30,       -5.29,
      888.86,       -5.24,
      889.42,       -5.15,
      889.94,       -5.06,
      890.50,       -5.02,
      891.02,       -4.97,
      891.54,       -4.96,
      892.06,       -4.96,
      892.58,       -4.87,
      893.13,       -4.81,
      893.69,       -4.76,
      894.21,       -4.70,
      894.69,       -4.65,
      895.21,       -4.58,
      895.73,       -4.50,
      896.29,       -4.48,
      896.81,       -4.39,
      897.37,       -4.32,
      897.92,       -4.30,
      898.48,       -4.20,
      899.04,       -4.10,
      899.56,       -4.07,
      900.04,       -4.03,
      900.60,       -4.01,
      901.12,       -3.96,
      901.68,       -3.92,
      902.20,       -3.91,
      902.72,       -3.91,
      903.19,       -3.82,
      903.71,       -3.81,
      904.27,       -3.78,
      904.83,       -3.69,
      905.35,       -3.63,
      905.95,       -3.59,
      906.47,       -3.54,
      907.03,       -3.49,
      907.59,       -3.42,
      908.10,       -3.38,
      908.62,       -3.37,
      909.14,       -3.31,
      909.70,       -3.23,
      910.18,       -3.21,
      910.70,       -3.16,
      911.26,       -3.08,
      911.74,       -3.01,
      912.30,       -2.97,
      912.81,       -2.91,
      913.37,       -2.90,
      913.93,       -2.83,
      914.49,       -2.73,
      915.05,       -2.68,
      915.57,       -2.64,
      916.09,       -2.61,
      916.65,       -2.56,
      917.17,       -2.50,
      917.69,       -2.43,
      918.20,       -2.37,
      918.72,       -2.32,
      919.24,       -2.25,
      919.76,       -2.24,
      920.28,       -2.21,
      920.84,       -2.14,
      921.36,       -2.14,
      921.96,       -2.08,
      922.48,       -2.05,
      923.03,       -2.03,
      923.55,       -2.05,
      924.07,       -2.11,
      924.59,       -2.21,
      925.15,       -2.27,
      925.67,       -2.34,
      926.19,       -2.42,
      926.71,       -2.45,
      927.23,       -2.45,
      927.74,       -2.44,
      928.26,       -2.43,
      928.82,       -2.39,
      929.38,       -2.40,
      929.90,       -2.38,
      930.46,       -2.34,
      931.02,       -2.34,
      931.50,       -2.33,
      932.02,       -2.34,
      932.58,       -2.34,
      933.09,       -2.29,
      933.61,       -2.21,
      934.13,       -2.15,
      934.65,       -2.12,
      935.17,       -2.06,
      935.69,       -2.25,
      936.21,       -1.99,
      936.77,       -1.91,
      937.33,       -1.87,
      937.88,       -1.81,
      938.44,       -1.76,
      938.96,       -1.75,
      939.48,       -1.66,
      940.00,       -1.64,
      940.56,       -1.62,
      941.08,       -1.54,
      941.64,       -1.54,
      942.12,       -1.52,
      942.64,       -1.44,
      943.15,       -1.41,
      943.67,       -1.39,
      944.19,       -0.04,
      944.75,       -1.34,
      945.31,       -1.32,
      945.87,       -1.40,
      946.43,       -1.62,
      946.99,       -1.86,
      947.51,       -2.21,
      947.98,       -2.62,
      948.54,       -3.04,
      949.06,       -3.52,
      949.62,       -3.94,
      950.14,       -4.37,
      950.62,       -4.78,
      951.14,       -5.18,
      951.66,       -5.60,
      952.22,       -5.98,
      952.77,       -6.32,
      953.33,       -6.52,
      953.85,       -6.56,
      954.45,       -6.53,
      954.97,       -6.55,
      955.53,       -6.58,
      956.01,       -6.62,
      956.53,       -6.66,
      957.09,       -6.71,
      957.61,       -6.74,
      958.12,       -6.78,
      958.64,       -6.81,
      959.16,       -6.79,
      959.68,       -6.80,
      960.24,       -6.84,
      960.76,       -6.81,
      961.32,       -6.75,
      961.88,       -6.71,
      962.44,       -6.69,
      962.99,       -6.67,
      963.55,       -6.62,
      964.07,       -6.61,
      964.59,       -6.58,
      965.15,       -6.57,
      965.67,       -6.58,
      966.19,       -6.58,
      966.71,       -6.55,
      967.23,       -6.49,
      967.74,       -6.43,
      968.26,       -6.47,
      968.82,       -6.60,
      969.38,       -6.68,
      969.94,       -6.74,
      970.50,       -6.83,
      971.06,       -6.84,
      971.58,       -6.87,
      972.14,       -6.93,
      972.66,       -6.94,
      973.21,       -6.84,
      973.73,       -6.82,
      974.25,       -6.97,
      974.77,       -7.01,
      975.29,       -6.97,
      975.81,       -6.94,
      976.37,       -6.93,
      976.89,       -6.93,
      977.45,       -6.88,
      978.00,       -6.86,
      978.56,       -6.93,
      979.12,       -6.99,
      979.68,       -6.96,
      980.20,       -6.93,
      980.76,       -6.89,
      981.28,       -6.89,
      981.84,       -6.84,
      982.32,       -6.76,
      982.83,       -6.76,
      983.35,       -6.71,
      983.91,       -6.67,
      984.43,       -6.66,
      984.99,       -6.66,
      985.55,       -6.55,
      986.11,       -6.47,
      986.67,       -6.44,
      987.19,       -6.37,
      987.75,       -6.32,
      988.26,       -6.32,
      988.82,       -6.36,
      989.34,       -6.29,
      989.90,       -6.21,
      990.38,       -6.06,
      990.90,       -5.98,
      991.42,       -5.94,
      991.98,       -5.83,
      992.50,       -5.70,
      993.05,       -5.59,
      993.61,       -5.42,
      994.17,       -5.31,
      994.73,       -5.30,
      995.29,       -5.28,
      995.81,       -5.23,
      996.37,       -5.16,
      996.89,       -5.06,
      997.45,       -5.04,
      997.96,       -4.95,
      998.44,       -4.87,
      999.00,       -4.85,
      999.52,       -4.83,
     1000.04,       -4.74,
     1000.56,       -4.67,
     1001.12,       -4.62,
     1001.68,       -4.52,
     1002.24,       -4.46,
     1002.79,       -4.36,
     1003.35,       -4.25,
     1003.87,       -4.17,
     1004.43,       -4.09,
     1004.95,       -4.04,
     1005.51,       -4.04,
     1006.03,       -4.01,
     1006.51,       -3.91,
     1007.07,       -3.82,
     1007.55,       -3.71,
     1008.10,       -3.61,
     1008.62,       -3.56,
     1009.18,       -3.45,
     1009.74,       -3.38,
     1010.30,       -3.33,
     1010.86,       -3.29,
     1011.38,       -3.21,
     1011.94,       -3.16,
     1012.46,       -3.05,
     1013.01,       -2.97,
     1013.53,       -2.91,
     1014.05,       -2.85,
     1014.57,       -2.75,
     1015.09,       -2.69,
     1015.61,       -2.62,
     1016.17,       -2.60,
     1016.69,       -2.60,
     1017.25,       -2.36,
     1017.80,       -2.41,
     1018.36,       -2.34,
     1018.92,       -2.29,
     1019.44,       -2.34,
     1020.00,       -2.34,
     1020.52,       -2.28,
     1021.08,       -2.28,
     1021.60,       -2.29,
     1022.12,       -2.22,
     1022.64,       -2.16,
     1023.15,       -2.16,
     1023.67,       -2.13,
     1024.23,       -2.09,
     1024.75,       -2.03,
     1025.31,       -1.98,
     1025.87,       -1.93,
     1026.43,       -1.89,
     1026.99,       -1.83,
     1027.51,       -1.77,
     1028.06,       -1.74,
     1028.58,       -1.68,
     1029.10,       -1.58,
     1029.66,       -1.51,
     1030.14,       -1.45,
     1030.70,       -1.39,
     1031.22,       -1.33,
     1031.74,       -1.31,
     1032.30,       -1.26,
     1032.81,       -1.16,
     1033.37,       -1.09,
     1033.93,       -1.04,
     1034.49,       -1.01,
     1035.05,       -0.94,
     1035.57,       -0.86,
     1036.13,       -0.84,
     1036.65,       -0.81,
     1037.17,       -0.80,
     1037.73,       -0.75,
     1038.20,       -0.69,
     1038.76,       -0.68,
     1039.28,       -0.68,
     1039.80,       -0.68,
     1040.36,       -0.62,
     1040.88,       -0.59,
     1041.44,       -0.57,
     1042.00,       -0.54,
     1042.56,       -0.51,
     1043.11,       -0.49,
     1043.63,       -0.46,
     1044.19,       -0.42,
     1044.71,       -0.41,
     1045.27,       -0.42,
     1045.79,       -0.45,
     1046.31,       -0.44,
     1046.83,       -0.45,
     1047.35,       -0.55,
     1047.86,       -0.56,
     1048.42,       -0.55,
     1048.94,       -0.53,
     1049.50,       -0.51,
     1050.06,       -0.51,
     1050.62,       -0.48,
     1051.18,       -0.43,
     1051.70,       -0.33,
     1052.26,       -0.25,
     1052.78,       -0.24,
     1053.33,       -0.21,
     1053.85,       -0.17,
     1054.37,       -0.16,
     1054.89,       -0.15,
     1055.41,       -0.16,
     1055.93,       -0.10,
     1056.49,       -0.07,
     1057.05,       -0.06,
     1057.57,       -0.01,
     1058.12,        0.02,
     1058.68,        0.05,
     1059.24,        0.10,
     1059.76,        0.11,
     1060.32,        0.14,
     1060.84,        0.12,
     1061.40,        0.11,
     1061.92,        0.14,
     1062.44,        0.18,
     1062.95,        0.17,
     1063.47,        0.24,
     1063.99,        0.26,
     1064.55,        0.28,
     1065.11,        0.32,
     1065.67,        0.33,
     1066.19,        0.36,
     1066.75,        0.36,
     1067.31,        0.37,
     1067.82,        0.37,
     1068.38,        0.37,
     1068.90,        0.38,
     1069.42,        0.37,
     1069.98,        0.37,
     1070.50,        0.33,
     1071.02,        0.25,
     1071.54,        0.26,
     1072.10,        0.19,
     1072.62,        0.20,
     1073.17,        0.20,
     1073.73,        0.17,
     1074.29,        0.20,
     1074.81,        0.22,
     1075.37,        0.25,
     1075.93,        0.28,
     1076.45,        0.29,
     1076.97,        0.28,
     1077.53,        0.33,
     1078.04,        0.37,
     1078.56,        0.45,
     1079.08,        0.46,
     1079.60,        0.53,
     1080.16,        0.55,
     1080.68,        0.57,
     1081.24,        0.60,
     1081.80,        0.66,
     1082.32,        0.68,
     1082.87,        0.71,
     1083.43,        0.76,
     1083.95,        0.81,
     1084.47,        0.81,
     1085.07,        0.90,
     1085.55,        0.85,
     1086.11,        0.90,
     1086.63,        0.94,
     1087.15,        0.95,
     1087.67,        0.98,
     1088.22,        1.00,
     1088.74,        1.03,
     1089.30,        1.07,
     1089.86,        1.11,
     1090.42,        1.14,
     1090.94,        1.10,
     1091.50,        0.86,
     1092.06,        0.49,
     1092.58,        0.13,
     1093.13,       -0.11,
     1093.65,       -0.15,
     1094.21,       -0.22,
     1094.69,       -0.28,
     1095.21,       -0.33,
     1095.73,       -0.39,
     1096.29,       -0.40,
     1096.85,       -0.48,
     1097.37,       -0.58,
     1097.92,       -0.73,
     1098.48,       -0.98,
     1099.04,       -1.19,
     1099.60,       -1.44,
     1100.12,       -1.74,
     1100.64,       -2.05,
     1101.16,       -2.32,
     1101.72,       -2.56,
     1102.24,       -2.70,
     1102.76,       -2.92,
     1103.27,       -3.28,
     1103.79,       -3.57,
     1104.31,       -3.81,
     1104.87,       -4.05,
     1105.43,       -4.24,
     1105.99,       -4.52,
     1106.55,       -4.80,
     1107.11,       -5.12,
     1107.63,       -5.42,
     1108.18,       -5.61,
     1108.70,       -5.81,
     1109.26,       -5.86,
     1109.78,       -5.75,
     1110.30,       -5.67,
     1110.82,       -5.53,
     1111.34,       -5.48,
     1111.86,       -5.47,
     1112.42,       -5.47,
     1112.97,       -5.45,
     1113.49,       -5.53,
     1114.05,       -5.49,
     1114.61,       -5.47,
     1115.17,       -5.48,
     1115.69,       -5.44,
     1116.25,       -5.43,
     1116.77,       -5.38,
     1117.29,       -5.44,
     1117.81,       -5.49,
     1118.36,       -5.52,
     1118.84,       -5.50,
     1119.40,       -5.57,
     1119.92,       -5.62,
     1120.44,       -5.55,
     1121.00,       -5.62,
     1121.56,       -5.70,
     1122.12,       -5.67,
     1122.68,       -5.77,
     1123.19,       -5.85,
     1123.75,       -5.79,
     1124.27,       -5.84,
     1124.83,       -5.85,
     1125.35,       -5.76,
     1125.91,       -5.87,
     1126.43,       -5.92,
     1126.91,       -5.87,
     1127.43,       -5.93,
     1127.94,       -5.93,
     1128.50,       -5.85,
     1129.06,       -5.92,
     1129.62,       -5.94,
     1130.18,       -5.97,
     1130.70,       -6.06,
     1131.26,       -6.08,
     1131.82,       -6.02,
     1132.34,       -6.19,
     1132.89,       -6.23,
     1133.41,       -6.21,
     1133.93,       -6.33,
     1134.45,       -6.26,
     1134.97,       -6.23,
     1135.45,       -6.36,
     1136.01,       -6.33,
     1136.53,       -6.32,
     1137.09,       -6.49,
     1137.65,       -6.43,
     1138.20,       -6.34,
     1138.76,       -6.40,
     1139.32,       -6.32,
     1139.84,       -6.32,
     1140.40,       -6.43,
     1140.92,       -6.36,
     1141.48,       -6.32,
     1142.00,       -6.45,
     1142.52,       -6.42,
     1142.99,       -6.35,
     1143.51,       -6.40,
     1144.07,       -6.40,
     1144.59,       -6.34,
     1145.15,       -6.36,
     1145.71,       -6.32,
     1146.27,       -6.27,
     1146.83,       -6.27,
     1147.39,       -6.25,
     1147.90,       -6.23,
     1148.46,       -6.26,
     1148.98,       -6.14,
     1149.50,       -6.08,
     1150.02,       -6.13,
     1150.54,       -6.07,
     1151.06,       -6.02,
     1151.58,       -6.07,
     1152.10,       -6.01,
     1152.66,       -5.95,
     1153.21,       -5.93,
     1153.77,       -5.84,
     1154.29,       -5.76,
     1154.85,       -5.76,
     1155.41,       -5.65,
     1155.93,       -5.59,
     1156.45,       -5.57,
     1156.97,       -5.49,
     1157.53,       -5.43,
     1158.04,       -5.40,
     1158.56,       -5.28,
     1159.08,       -5.20,
     1159.56,       -5.18,
     1160.12,       -5.05,
     1160.68,       -5.03,
     1161.24,       -5.00,
     1161.76,       -4.87,
     1162.32,       -4.83,
     1162.88,       -4.82,
     1163.43,       -4.69,
     1163.95,       -4.70,
     1164.47,       -4.70,
     1165.03,       -4.57,
     1165.55,       -4.53,
     1166.07,       -4.48,
     1166.59,       -4.35,
     1167.11,       -4.32,
     1167.63,       -4.28,
     1168.14,       -4.23,
     1168.70,       -4.22,
     1169.26,       -4.15,
     1169.82,       -4.09,
     1170.38,       -4.07,
     1170.94,       -3.98,
     1171.46,       -3.91,
     1172.02,       -3.83,
     1172.54,       -3.78,
     1173.05,       -3.76,
     1173.61,       -3.71,
     1174.13,       -3.61,
     1174.65,       -3.57,
     1175.13,       -3.55,
     1175.65,       -3.47,
     1176.21,       -3.43,
     1176.77,       -3.39,
     1177.33,       -3.41,
     1177.84,       -3.46,
     1178.40,       -3.44,
     1178.96,       -3.42,
     1179.52,       -3.42,
     1180.04,       -3.36,
     1180.56,       -3.32,
     1181.12,       -3.27,
     1181.64,       -3.23,
     1182.16,       -3.23,
     1182.68,       -3.21,
     1183.19,       -3.12,
     1183.71,       -3.08,
     1184.23,       -3.02,
     1184.79,       -2.95,
     1185.35,       -2.94,
     1185.91,       -2.86,
     1186.47,       -2.78,
     1186.99,       -2.76,
     1187.55,       -2.67,
     1188.06,       -2.59,
     1188.58,       -2.52,
     1189.10,       -2.48,
     1189.62,       -2.44,
     1190.14,       -2.41,
     1190.62,       -2.36,
     1191.10,       -2.34,
     1191.58,       -2.27,
     1192.10,       -2.21,
     1192.62,       -2.14,
     1193.13,       -2.08,
     1193.61,       -2.03,
     1194.13,       -1.99,
     1194.61,       -1.94,
     1195.09,       -1.90,
     1195.57,       -1.85,
     1196.05,       -1.79,
     1196.53,       -1.74,
     1196.97,       -1.75,
     1197.41,       -1.72,
     1197.81,       -1.64,
     1198.24,       -1.63,
     1198.64,       -1.64,
     1199.04,       -1.63,
     1199.48,       -1.58,
     1199.92,       -1.53,
     1200.32,       -1.48,
     1200.76,       -1.42,
     1201.20,       -1.39,
     1201.60,       -1.36,
     1202.00,       -1.37,
     1202.40,       -1.35,
     1202.80,       -1.37,
     1203.19,       -1.39,
     1203.55,       -1.38,
     1203.87,       -1.41,
     1204.27,       -1.40,
     1204.63,       -1.39,
     1204.99,       -1.42,
     1205.31,       -1.41,
     1205.63,       -1.38,
     1205.91,       -1.33,
     1206.15,       -1.37,
     1206.39,       -1.37,
     1206.59,       -1.38,
     1206.79,       -1.39,
     1206.99,       -1.40,
     1207.15,       -1.40,
     1207.31,       -1.41,
     1207.43,       -1.41,
     1207.55,       -1.44,
     1207.67,       -1.46,
     1207.75,       -1.46,
     1207.83,       -1.46,
     1207.86,       -1.46,
     1207.90,       -1.48,
     1207.94,       -1.49,
     1207.98,       -1.49,