       -0.00,        1.06,
        0.04,        1.04,
        0.04,        1.05,
        0.08,        1.03,
        0.12,        1.05,
        0.20,        1.06,
        0.24,        1.04,
        0.32,        1.03,
        0.40,        1.07,
        0.44,        1.07,
        0.52,        1.08,
        0.60,        1.09,
        0.68,        1.10,
        0.72,        1.10,
        0.80,        1.11,
        0.84,        1.11,
        0.92,        1.14,
        1.04,        1.16,
        1.12,        1.17,
        1.20,        1.19,
        1.28,        1.19,
        1.36,        1.19,
        1.48,        1.21,
        1.56,        1.25,
        1.64,        1.26,
        1.76,        1.28,
        1.84,        1.29,
        1.92,        1.31,
        2.04,        1.31,
        2.12,        1.33,
        2.20,        1.33,
        2.31,        1.34,
        2.43,        1.37,
        2.51,        1.39,
        2.63,        1.40,
        2.75,        1.35,
        2.87,        1.36,
        3.03,        1.37,
        3.15,        1.39,
        3.27,        1.42,
        3.43,        1.43,
        3.55,        1.47,
        3.71,        1.46,
        3.83,        1.46,
        3.99,        1.48,
        4.15,        1.49,
        4.31,        1.55,
        4.47,        1.54,
        4.67,        1.60,
        4.83,        1.60,
        5.03,        1.57,
        5.23,        1.64,
        5.43,        1.60,
        5.63,        1.66,
        5.83,        1.65,
        6.03,        1.61,
        6.27,        1.67,
        6.47,        1.66,
        6.71,        1.64,
        6.91,        1.68,
        7.15,        1.70,
        7.38,        1.70,
        7.62,        1.69,
        7.90,        1.69,
        8.14,        1.72,
        8.42,        1.70,
        8.66,        1.72,
        8.90,        1.68,
        9.18,        1.63,
        9.42,        1.62,
        9.66,        1.53,
        9.94,        1.50,
       10.18,        1.33,
       10.46,        1.20,
       10.74,        1.11,
       10.98,        0.81,
       11.26,        0.68,
       11.54,        0.42,
       11.82,        0.25,
       12.10,        0.15,
       12.37,       -0.18,
       12.65,       -0.40,
       12.89,       -0.61,
       13.17,       -0.87,
       13.45,       -1.06,
       13.73,       -1.18,
       14.01,       -1.20,
       14.29,       -1.23,
       14.57,       -1.25,
       14.89,       -1.26,
       15.17,       -1.25,
       15.49,       -1.25,
       15.85,       -1.26,
       16.17,       -1.26,
       16.49,       -1.26,
       16.81,       -1.26,
       17.17,       -1.27,
       17.44,       -1.27,
       17.76,       -1.26,
       18.08,       -1.27,
       18.40,       -1.27,
       18.72,       -1.29,
       19.04,       -1.29,
       19.36,       -1.29,
       19.68,       -1.29,
       20.04,       -1.30,
       20.36,       -1.33,
       20.68,       -1.33,
       21.00,       -1.30,
       21.32,       -1.30,
       21.64,       -1.29,
       22.00,       -1.29,
       22.31,       -1.31,
       22.63,       -1.33,
       22.95,       -1.33,
       23.31,       -1.38,
       23.67,       -1.38,
       23.99,       -1.39,
       24.39,       -1.38,
       24.79,       -1.38,
       25.19,       -1.38,
       25.59,       -1.39,
       25.95,       -1.38,
       26.31,       -1.38,
       26.67,       -1.39,
       27.07,       -1.39,
       27.42,       -1.39,
       27.78,       -1.37,
       28.14,       -1.38,
       28.50,       -1.38,
       28.86,       -1.37,
       29.22,       -1.37,
       29.58,       -1.38,
       29.94,       -1.38,
       30.30,       -1.34,
       30.66,       -1.32,
       31.06,       -1.30,
       31.42,       -1.30,
       31.82,       -1.33,
       32.22,       -1.34,
       32.61,       -1.34,
       33.01,       -1.34,
       33.41,       -1.34,
       33.81,       -1.34,
       34.17,       -1.34,
       34.57,       -1.33,
       34.93,       -1.31,
       35.37,       -1.32,
       35.77,       -1.34,
       36.17,       -1.35,
       36.57,       -1.36,
       36.97,       -1.36,
       37.36,       -1.37,
       37.72,       -1.37,
       38.12,       -1.37,
       38.48,       -1.34,
       38.88,       -1.32,
       39.28,       -1.30,
       39.64,       -1.31,
       40.04,       -1.31,
       40.44,       -1.33,
       40.92,       -1.32,
       41.32,       -1.33,
       41.76,       -1.32,
       42.16,       -1.31,
       42.51,       -1.31,
       42.91,       -1.32,
       43.31,       -1.31,
       43.71,       -1.35,
       44.15,       -1.33,
       44.55,       -1.32,
       44.95,       -1.29,
       45.35,       -1.29,
       45.75,       -1.27,
       46.15,       -1.28,
       46.55,       -1.29,
       46.95,       -1.29,
       47.34,       -1.29,
       47.74,       -1.30,
       48.18,       -1.29,
       48.62,       -1.29,
       49.06,       -1.27,
       49.50,       -1.25,
       49.90,       -1.25,
       50.38,       -1.24,
       50.78,       -1.24,
       51.22,       -1.20,
       51.62,       -1.20,
       52.06,       -1.19,
       52.45,       -1.19,
       52.89,       -1.20,
       53.33,       -1.18,
       53.73,       -1.16,
       54.17,       -1.14,
       54.57,       -1.14,
       55.01,       -1.15,
       55.41,       -1.15,
       55.85,       -1.11,
       56.33,       -1.11,
       56.81,       -1.10,
       57.25,       -1.11,
       57.72,       -1.09,
       58.16,       -1.07,
       58.56,       -1.07,
       59.00,       -1.05,
       59.40,       -1.05,
       59.84,       -1.05,
       60.28,       -1.06,
       60.72,       -1.07,
       61.20,       -1.03,
       61.64,       -1.01,
       62.04,       -1.00,
       62.47,       -0.99,
       62.91,       -1.02,
       63.35,       -1.01,
       63.79,       -1.02,
       64.27,       -1.01,
       64.71,       -1.02,
       65.23,       -0.97,
       65.67,       -0.97,
       66.15,       -0.95,
       66.59,       -0.93,
       67.03,       -0.93,
       67.46,       -0.95,
       67.90,       -0.94,
       68.38,       -0.93,
       68.82,       -0.90,
       69.26,       -0.90,
       69.74,       -0.90,
       70.18,       -0.87,
       70.62,       -0.88,
       71.06,       -0.88,
       71.50,       -0.86,
       71.98,       -0.84,
       72.45,       -0.84,
       72.93,       -0.84,
       73.41,       -0.79,
       73.89,       -0.77,
       74.33,       -0.78,
       74.77,       -0.77,
       75.21,       -0.75,
       75.69,       -0.75,
       76.13,       -0.73,
       76.61,       -0.70,
       77.05,       -0.70,
       77.52,       -0.67,
       77.96,       -0.68,
       78.40,       -0.63,
       78.84,       -0.61,
       79.28,       -0.61,
       79.72,       -0.61,
       80.20,       -0.59,
       80.68,       -0.57,
       81.20,       -0.56,
       81.68,       -0.52,
       82.12,       -0.52,
       82.59,       -0.51,
       83.03,       -0.50,
       83.51,       -0.48,
       83.99,       -0.47,
       84.47,       -0.46,
       84.95,       -0.45,
       85.43,       -0.46,
       85.87,       -0.46,
       86.31,       -0.46,
       86.75,       -0.44,
       87.23,       -0.44,
       87.66,       -0.43,
       88.14,       -0.47,
       88.62,       -0.51,
       89.10,       -0.54,
       89.62,       -0.55,
       90.10,       -0.59,
       90.58,       -0.64,
       91.02,       -0.64,
       91.50,       -0.67,
       91.94,       -0.68,
       92.45,       -0.72,
       92.93,       -0.77,
       93.37,       -0.81,
       93.85,       -0.82,
       94.29,       -0.87,
       94.77,       -0.81,
       95.21,       -0.86,
       95.69,       -0.87,
       96.17,       -0.89,
       96.69,       -0.91,
       97.17,       -0.95,
       97.68,       -1.04,
       98.16,       -1.23,
       98.64,       -1.43,
       99.12,       -1.59,
       99.60,       -1.63,
      100.08,       -1.64,
      100.56,       -1.65,
      101.04,       -1.65,
      101.52,       -1.64,
      102.00,       -1.64,
      102.43,       -1.64,
      102.91,       -1.64,
      103.39,       -1.64,
      103.87,       -1.61,
      104.39,       -1.59,
      104.91,       -1.56,
      105.39,       -1.54,
      105.91,       -1.53,
      106.39,       -1.51,
      106.87,       -1.51,
      107.31,       -1.49,
      107.78,       -1.50,
      108.34,       -1.49,
      108.82,       -1.48,
      109.34,       -1.43,
      109.82,       -1.41,
      110.26,       -1.39,
      110.74,       -1.38,
      111.22,       -1.38,
      111.70,       -1.36,
      112.22,       -1.33,
      112.73,       -1.33,
      113.25,       -1.28,
      113.77,       -1.29,
      114.25,       -1.25,
      114.73,       -1.22,
      115.21,       -1.23,
      115.69,       -1.22,
      116.25,       -1.20,
      116.73,       -1.16,
      117.25,       -1.13,
      117.72,       -1.11,
      118.20,       -1.13,
      118.68,       -1.08,
      119.16,       -1.07,
      119.64,       -1.07,
      120.20,       -1.03,
      120.72,       -0.97,
      121.28,       -0.94,
      121.80,       -0.91,
      122.28,       -0.90,
      122.79,       -0.87,
      123.27,       -0.85,
      123.75,       -0.85,
      124.27,       -0.81,
      124.75,       -0.79,
      125.27,       -0.76,
      125.79,       -0.72,
      126.27,       -0.68,
      126.75,       -0.64,
      127.23,       -0.63,
      127.70,       -0.60,
      128.22,       -0.59,
      128.74,       -0.50,
      129.26,       -0.46,
      129.78,       -0.43,
      130.26,       -0.42,
      130.78,       -0.42,
      131.26,       -0.41,
      131.78,       -0.37,
      132.26,       -0.36,
      132.77,       -0.35,
      133.29,       -0.32,
      133.81,       -0.32,
      134.29,       -0.29,
      134.77,       -0.22,
      135.25,       -0.20,
      135.77,       -0.18,
      136.29,       -0.17,
      136.81,       -0.14,
      137.36,       -0.11,
      137.88,       -0.11,
      138.40,       -0.09,
      138.92,       -0.03,
      139.44,       -0.01,
      139.92,       -0.00,
      140.44,        0.02,
      140.92,        0.02,
      141.48,        0.04,
      141.96,        0.07,
      142.47,        0.06,
      142.95,        0.07,
      143.43,        0.09,
      143.95,        0.11,
      144.47,        0.12,
      144.99,        0.11,
      145.55,        0.12,
      146.11,        0.10,
      146.63,        0.12,
      147.11,        0.08,
      147.58,        0.00,
      148.14,       -0.18,
      148.66,       -0.49,
      149.18,       -0.87,
      149.70,       -1.29,
      150.18,       -1.63,
      150.66,       -1.81,
      151.18,       -1.81,
      151.66,       -1.83,
      152.18,       -1.81,
      152.69,       -1.83,
      153.21,       -1.81,
      153.73,       -1.77,
      154.29,       -1.74,
      154.77,       -1.71,
      155.25,       -1.72,
      155.77,       -1.69,
      156.25,       -1.68,
      156.77,       -1.64,
      157.29,       -1.60,
      157.80,       -1.51,
      158.28,       -1.48,
      158.80,       -1.55,
      159.28,       -1.59,
      159.80,       -1.55,
      160.28,       -1.50,
      160.84,       -1.49,
      161.36,       -1.46,
      161.88,       -1.42,
      162.43,       -1.38,
      162.95,       -1.29,
      163.43,       -1.35,
      163.95,       -1.33,
      164.47,       -1.31,
      164.99,       -1.31,
      165.51,       -1.31,
      166.03,       -1.27,
      166.51,       -1.28,
      167.03,       -1.26,
      167.50,       -1.24,
      167.98,       -1.24,
      168.54,       -1.19,
      169.06,       -1.11,
      169.62,       -1.06,
      170.14,       -1.02,
      170.66,       -0.94,
      171.18,       -0.94,
      171.70,       -0.95,
      172.18,       -0.94,
      172.69,       -0.95,
      173.25,       -0.94,
      173.77,       -0.90,
      174.29,       -0.88,
      174.77,       -0.88,
      175.29,       -0.88,
      175.73,       -0.87,
      176.29,       -0.80,
      176.81,       -0.77,
      177.33,       -0.75,
      177.88,       -0.72,
      178.40,       -0.68,
      178.92,       -0.70,
      179.44,       -0.67,
      179.96,       -0.65,
      180.48,       -0.63,
      181.00,       -0.63,
      181.52,       -0.56,
      182.04,       -0.56,
      182.55,       -0.58,
      183.03,       -0.59,
      183.51,       -0.54,
      184.03,       -0.50,
      184.59,       -0.48,
      185.11,       -0.48,
      185.63,       -0.48,
      186.19,       -0.48,
      186.71,       -0.46,
      187.23,       -0.42,
      187.74,       -0.41,
      188.22,       -0.40,
      188.74,       -0.42,
      189.30,       -0.41,
      189.82,       -0.39,
      190.34,       -0.60,
      190.82,       -0.39,
      191.30,       -0.39,
      191.82,       -0.38,
      192.34,       -0.33,
      192.89,       -0.25,
      193.41,       -0.24,
      193.97,       -0.28,
      194.49,       -0.27,
      195.01,       -0.28,
      195.53,       -0.30,
      196.01,       -0.30,
      196.57,       -0.29,
      197.09,       -0.31,
      197.60,       -0.33,
      198.12,       -0.34,
      198.60,       -0.33,
      199.12,       -0.33,
      199.60,       -0.32,
      200.12,       -0.32,
      200.68,       -0.29,
      201.20,       -0.30,
      201.76,       -0.29,
      202.32,       -0.26,
      202.83,       -0.28,
      203.35,       -0.28,
      203.83,       -0.28,
      204.35,       -0.29,
      204.91,       -0.31,
      205.43,       -0.31,
      205.95,       -0.32,
      206.43,       -0.34,
      206.95,       -0.32,
      207.42,       -0.31,
      207.94,       -0.30,
      208.54,       -0.33,
      209.06,       -0.37,
      209.62,       -0.37,
      210.14,       -0.37,
      210.70,       -0.35,
      211.22,       -0.34,
      211.70,       -0.33,
      212.22,       -0.34,
      212.73,       -0.35,
      213.29,       -0.36,
      213.81,       -0.36,
      214.29,       -0.36,
      214.81,       -0.29,
      215.29,       -0.25,
      215.81,       -0.24,
      216.37,       -0.24,
      216.89,       -0.25,
      217.48,       -0.25,
      218.00,       -0.25,
      218.56,       -0.26,
      219.08,       -0.25,
      219.60,       -0.27,
      220.12,       -0.27,
      220.64,       -0.27,
      221.16,       -0.28,
      221.68,       -0.28,
      222.20,       -0.28,
      222.67,       -0.29,
      223.19,       -0.29,
      223.71,       -0.24,
      224.23,       -0.24,
      224.79,       -0.25,
      225.31,       -0.24,
      225.87,       -0.26,
      226.43,       -0.22,
      226.95,       -0.22,
      227.46,       -0.24,
      227.98,       -0.24,
      228.50,       -0.21,
      229.02,       -0.22,
      229.58,       -0.22,
      230.06,       -0.22,
      230.58,       -0.23,
      231.06,       -0.22,
      231.58,       -0.19,
      232.10,       -0.15,
      232.61,       -0.11,
      233.21,       -0.10,
      233.73,       -0.12,
      234.29,       -0.11,
      234.81,       -0.11,
      235.33,       -0.12,
      235.85,       -0.12,
      236.37,       -0.13,
      236.89,       -0.13,
      237.44,       -0.15,
      237.92,       -0.09,
      238.44,       -0.08,
      238.96,       -0.07,
      239.48,       -0.08,
      240.00,       -0.07,
      240.56,       -0.09,
      241.12,       -0.08,
      241.64,       -0.07,
      242.20,       -0.08,
      242.75,       -0.07,
      243.27,       -0.08,
      243.75,       -0.07,
      244.27,       -0.07,
      244.83,       -0.28,
      245.39,       -0.09,
      245.91,       -0.10,
      246.43,       -0.10,
      246.91,       -0.15,
      247.42,       -0.20,
      247.94,       -0.29,
      248.50,       -0.34,
      249.06,       -0.34,
      249.62,       -0.33,
      250.18,       -0.32,
      250.74,       -0.33,
      251.26,       -0.33,
      251.78,       -0.32,
      252.30,       -0.33,
      252.81,       -0.30,
      253.37,       -0.24,
      253.85,       -0.19,
      254.41,       -0.20,
      254.89,       -0.23,
      255.41,       -0.26,
      255.93,       -0.24,
      256.45,       -0.20,
      257.01,       -0.15,
      257.56,       -0.14,
      258.12,       -0.12,
      258.68,       -0.11,
      259.20,       -0.13,
      259.72,       -0.14,
      260.20,       -0.15,
      260.80,       -0.15,
      261.32,       -0.17,
      261.84,       -0.19,
      262.36,       -0.19,
      262.87,       -0.18,
      263.39,       -0.15,
      263.87,       -0.13,
      264.43,       -0.11,
      264.99,       -0.10,
      265.51,       -0.10,
      266.07,       -0.07,
      266.63,       -0.05,
      267.19,       -0.00,
      267.66,        0.02,
      268.18,        0.03,
      268.70,        0.08,
      269.26,        0.09,
      269.78,        0.11,
      270.30,        0.15,
      270.82,        0.20,
      271.30,        0.24,
      271.82,        0.23,
      272.38,        0.24,
      272.93,        0.26,
      273.45,        0.28,
      274.01,        0.30,
      274.57,        0.33,
      275.09,        0.34,
      275.61,        0.37,
      276.13,        0.39,
      276.65,        0.42,
      277.21,        0.44,
      277.72,        0.46,
      278.24,        0.46,
      278.76,        0.48,
      279.28,        0.51,
      279.80,        0.55,
      280.32,        0.54,
      280.88,        0.56,
      281.44,        0.56,
      282.00,        0.56,
      282.55,        0.58,
      283.07,        0.56,
      283.59,        0.56,
      284.11,        0.55,
      284.63,        0.57,
      285.19,        0.59,
      285.71,        0.57,
      286.23,        0.56,
      286.75,        0.55,
      287.23,        0.51,
      287.78,        0.50,
      288.30,        0.51,
      288.86,        0.51,
      289.42,        0.49,
      289.98,        0.47,
      290.54,        0.47,
      291.06,        0.47,
      291.58,        0.48,
      292.10,        0.44,
      292.65,        0.42,
      293.17,        0.42,
      293.69,        0.42,
      294.21,        0.43,
      294.73,        0.42,
      295.25,        0.44,
      295.77,        0.43,
      296.29,        0.44,
      296.85,        0.45,
      297.41,        0.44,
      297.96,        0.45,
      298.52,        0.42,
      299.08,        0.38,
      299.60,        0.35,
      300.12,        0.29,
      300.64,        0.23,
      301.16,        0.11,
      301.68,        0.02,
      302.20,        0.03,
      302.71,        0.04,
      303.23,        0.05,
      303.75,        0.07,
      304.31,        0.09,
      304.83,        0.07,
      305.39,        0.07,
      305.95,        0.07,
      306.51,        0.16,
      307.07,        0.17,
      307.58,        0.16,
      308.10,        0.17,
      308.62,        0.11,
      309.18,        0.15,
      309.66,        0.15,
      310.22,        0.16,
      310.74,        0.20,
      311.26,        0.24,
      311.78,        0.28,
      312.30,        0.33,
      312.85,        0.37,
      313.41,        0.41,
      313.97,        0.40,
      314.49,        0.42,
      315.05,        0.43,
      315.61,        0.39,
      316.13,        0.37,
      316.65,        0.40,
      317.21,        0.42,
      317.68,        0.42,
      318.24,        0.43,
      318.76,        0.48,
      319.28,        0.55,
      319.80,        0.59,
      320.32,        0.61,
      320.88,        0.63,
      321.44,        0.67,
      322.00,        0.70,
      322.51,        0.74,
      323.07,        0.82,
      323.63,        0.87,
      324.15,        0.89,
      324.67,        0.89,
      325.19,        0.90,
      325.75,        0.93,
      326.27,        0.95,
      326.79,        0.99,
      327.31,        1.03,
      327.82,        1.07,
      328.38,        1.08,
      328.90,        1.10,
      329.46,        1.14,
      330.02,        1.20,
      330.58,        1.20,
      331.14,        1.20,
      331.66,        1.20,
      332.22,        1.20,
      332.77,        1.20,
      333.29,        1.21,
      333.81,        1.29,
      334.33,        1.29,
      334.85,        1.31,
      335.37,        1.30,
      335.89,        1.35,
      336.41,        1.38,
      336.97,        1.35,
      337.52,        1.34,
      338.08,        1.33,
      338.64,        1.34,
      339.20,        1.33,
      339.72,        1.33,
      340.28,        1.38,
      340.80,        1.44,
      341.32,        1.44,
      341.84,        1.44,
      342.36,        1.45,
      342.87,        1.49,
      343.39,        1.47,
      343.95,        1.46,
      344.47,        1.42,
      345.03,        1.31,
      345.59,        1.04,
      346.11,        0.68,
      346.67,        0.33,
      347.23,        0.11,
      347.78,        0.09,
      348.34,        0.04,
      348.86,        0.02,
      349.38,        0.02,
      349.94,        0.01,
      350.46,        0.01,
      350.98,       -0.01,
      351.50,       -0.02,
      352.02,       -0.03,
      352.53,       -0.07,
      353.09,       -0.10,
      353.65,       -0.12,
      354.21,       -0.14,
      354.77,       -0.18,
      355.33,       -0.21,
      355.85,       -0.21,
      356.41,       -0.20,
      356.97,       -0.20,
      357.45,       -0.22,
      358.00,       -0.23,
      358.52,       -0.23,
      359.04,       -0.25,
      359.56,       -0.25,
      360.08,       -0.24,
      360.64,       -0.24,
      361.16,       -0.23,
      361.72,       -0.27,
      362.28,       -0.26,
      362.83,       -0.28,
      363.39,       -0.29,
      363.91,       -0.31,
      364.47,       -0.33,
      364.99,       -0.33,
      365.51,       -0.33,
      366.03,       -0.36,
      366.59,       -0.37,
      367.11,       -0.35,
      367.62,       -0.38,
      368.14,       -0.40,
      368.70,       -0.42,
      369.26,       -0.42,
      369.82,       -0.44,
      370.38,       -0.43,
      370.94,       -0.45,
      371.50,       -0.44,
      372.02,       -0.42,
      372.57,       -0.39,
      373.09,       -0.40,
      373.61,       -0.38,
      374.13,       -0.38,
      374.69,       -0.42,
      375.21,       -0.49,
      375.69,       -0.48,
      376.25,       -0.49,
      376.77,       -0.49,
      377.37,       -0.49,
      377.88,       -0.50,
      378.44,       -0.53,
      379.00,       -0.53,
      379.56,       -0.52,
      380.08,       -0.51,
      380.64,       -0.50,
      381.16,       -0.50,
      381.68,       -0.50,
      382.20,       -0.48,
      382.71,       -0.46,
      383.23,       -0.45,
      383.75,       -0.46,
      384.31,       -0.49,
      384.83,       -0.48,
      385.39,       -0.49,
      385.99,       -0.49,
      386.55,       -0.49,
      387.11,       -0.48,
      387.62,       -0.46,
      388.18,       -0.46,
      388.70,       -0.46,
      389.22,       -0.46,
      389.74,       -0.46,
      390.26,       -0.44,
      390.78,       -0.45,
      391.30,       -0.47,
      391.82,       -0.48,
      392.38,       -0.42,
      392.89,       -0.36,
      393.45,       -0.31,
      394.01,       -0.30,
      394.57,       -0.28,
      395.13,       -0.28,
      395.65,       -0.27,
      396.21,       -0.29,
      396.73,       -0.33,
      397.25,       -0.33,
      397.76,       -0.30,
      398.28,       -0.28,
      398.80,       -0.28,
      399.32,       -0.28,
      399.84,       -0.27,
      400.40,       -0.25,
      400.92,       -0.24,
      401.48,       -0.22,
      402.04,       -0.20,
      402.59,       -0.22,
      403.15,       -0.20,
      403.67,       -0.23,
      404.19,       -0.23,
      404.75,       -0.26,
      405.27,       -0.25,
      405.79,       -0.23,
      406.31,       -0.22,
      406.83,       -0.22,
      407.35,       -0.21,
      407.86,       -0.17,
      408.42,       -0.16,
      408.94,       -0.17,
      409.50,       -0.13,
      410.06,       -0.11,
      410.62,       -0.11,
      411.18,       -0.05,
      411.70,       -0.05,
      412.26,       -0.01,
      412.77,       -0.02,
      413.29,       -0.02,
      413.81,       -0.01,
      414.33,       -0.02,
      414.89,        0.09,
      415.37,        0.12,
      415.89,        0.08,
      416.45,        0.07,
      417.01,        0.07,
      417.56,        0.08,
      418.12,        0.11,
      418.64,        0.12,
      419.24,        0.15,
      419.76,        0.17,
      420.32,        0.18,
      420.84,        0.21,
      421.36,        0.21,
      421.88,        0.25,
      422.40,        0.30,
      422.95,        0.28,
      423.47,        0.32,
      423.99,        0.34,
      424.51,        0.33,
      425.07,        0.37,
      425.63,        0.37,
      426.19,        0.40,
      426.75,        0.42,
      427.31,        0.46,
      427.86,        0.46,
      428.38,        0.46,
      428.94,        0.46,
      429.46,        0.46,
      429.98,        0.46,
      430.50,        0.51,
      431.02,        0.50,
      431.54,        0.49,
      432.06,        0.54,
      432.61,        0.54,
      433.17,        0.59,
      433.73,        0.60,
      434.29,        0.61,
      434.85,        0.59,
      435.41,        0.65,
      435.93,        0.66,
      436.49,        0.68,
      437.01,        0.66,
      437.52,        0.69,
      438.04,        0.70,
      438.56,        0.70,
      439.08,        0.73,
      439.60,        0.69,
      440.16,        0.68,
      440.72,        0.70,
      441.28,        0.66,
      441.84,        0.63,
      442.44,        0.59,
      442.99,        0.58,
      443.55,        0.61,
      444.07,        0.62,
      444.59,        0.67,
      445.15,        0.66,
      445.67,        0.66,
      446.19,        0.67,
      446.71,        0.68,
      447.23,        0.72,
      447.74,        0.73,
      448.30,        0.71,
      448.82,        0.73,
      449.38,        0.74,
      449.94,        0.77,
      450.50,        0.84,
      451.06,        0.89,
      451.62,        0.90,
      452.14,        0.90,
      452.65,        0.92,
      453.17,        0.94,
      453.69,        0.95,
      454.21,        1.03,
      454.73,        1.03,
      455.25,        1.03,
      455.77,        1.06,
      456.37,        1.08,
      456.93,        1.11,
      457.45,        1.14,
      458.00,        1.16,
      458.56,        1.22,
      459.12,        1.23,
      459.68,        1.29,
      460.16,        1.32,
      460.72,        1.32,
      461.24,        1.37,
      461.76,        1.35,
      462.32,        1.38,
      462.79,        1.39,
      463.31,        1.38,
      463.83,        1.45,
      464.39,        1.43,
      464.95,        1.46,
      465.51,        1.49,
      466.03,        1.50,
      466.59,        1.54,
      467.15,        1.49,
      467.66,        1.52,
      468.18,        1.48,
      468.70,        1.40,
      469.26,        1.46,
      469.78,        1.40,
      470.34,        1.35,
      470.86,        1.25,
      471.34,        0.90,
      471.86,        0.55,
      472.42,        0.20,
      472.97,       -0.16,
      473.53,       -0.28,
      474.09,       -0.29,
      474.65,       -0.32,
      475.21,       -0.34,
      475.73,       -0.42,
      476.21,       -0.37,
      476.77,       -0.42,
      477.33,       -0.47,
      477.80,       -0.50,
      478.36,       -0.58,
      478.88,       -0.59,
      479.36,       -0.59,
      479.92,       -0.69,
      480.44,       -0.69,
      481.04,       -0.67,
      481.56,       -0.63,
      482.12,       -0.61,
      482.67,       -0.69,
      483.23,       -0.67,
      483.75,       -0.66,
      484.27,       -0.68,
      484.79,       -0.63,
      485.35,       -0.63,
      485.87,       -0.64,
      486.39,       -0.67,
      486.91,       -0.68,
      487.43,       -0.67,
      487.94,       -0.65,
      488.50,       -0.70,
      489.06,       -0.69,
      489.62,       -0.68,
      490.18,       -0.65,
      490.74,       -0.61,
      491.26,       -0.58,
      491.78,       -0.79,
      492.30,       -0.55,
      492.85,       -0.56,
      493.37,       -0.55,
      493.89,       -0.61,
      494.41,       -0.60,
      494.93,       -0.58,
      495.45,       -0.56,
      496.01,       -0.55,
      496.53,       -0.52,
      497.09,       -0.56,
      497.64,       -0.53,
      498.20,       -0.56,
      498.76,       -0.55,
      499.32,       -0.56,
      499.84,       -0.56,
      500.36,       -0.59,
      500.88,       -0.57,
      501.44,       -0.58,
      501.96,       -0.57,
      502.48,       -0.57,
      502.99,       -0.55,
      503.51,       -0.51,
      504.03,       -0.50,
      504.59,       -0.47,
      505.15,       -0.46,
      505.71,       -0.45,
      506.27,       -0.46,
      506.83,       -0.45,
      507.35,       -0.42,
      507.90,       -0.42,
      508.42,       -0.44,
      508.94,       -0.42,
      509.50,       -0.37,
      510.02,       -0.37,
      510.54,       -0.33,
      511.06,       -0.32,
      511.58,       -0.32,
      512.10,       -0.28,
      512.65,       -0.29,
      513.21,       -0.26,
      513.77,       -0.24,
      514.33,       -0.24,
      514.89,       -0.22,
      515.45,       -0.22,
      515.97,       -0.24,
      516.49,       -0.24,
      517.05,       -0.22,
      517.56,       -0.15,
      518.08,       -0.18,
      518.60,       -0.17,
      519.12,       -0.14,
      519.64,       -0.11,
      520.20,       -0.07,
      520.76,       -0.03,
      521.32,       -0.02,
      521.88,        0.02,
      522.40,        0.06,
      522.95,        0.09,
      523.51,        0.12,
      524.03,        0.14,
      524.59,        0.14,
      525.11,        0.15,
      525.67,        0.15,
      526.15,        0.17,
      526.67,        0.20,
      527.15,        0.17,
      527.66,        0.25,
      528.22,        0.20,
      528.74,        0.23,
      529.34,        0.24,
      529.90,        0.26,
      530.46,        0.32,
      531.02,        0.37,
      531.54,        0.40,
      532.06,        0.42,
      532.61,        0.45,
      533.13,        0.46,
      533.69,        0.47,
      534.21,        0.53,
      534.73,        0.53,
      535.25,        0.54,
      535.77,        0.55,
      536.33,        0.55,
      536.85,        0.57,
      537.45,        0.59,
      537.96,        0.62,
      538.52,        0.64,
      539.08,        0.66,
      539.64,        0.68,
      540.20,        0.71,
      540.72,        0.72,
      541.28,        0.76,
      541.80,        0.76,
      542.28,        0.80,
      542.83,        0.81,
      543.35,        0.83,
      543.87,        0.87,
      544.43,        0.91,
      544.99,        0.91,
      545.55,        0.92,
      546.11,        0.92,
      546.67,        0.98,
      547.23,        0.94,
      547.78,        0.91,
      548.30,        0.92,
      548.86,        0.97,
      549.38,        1.00,
      549.90,        1.00,
      550.42,        1.03,
      550.94,        1.03,
      551.46,        1.04,
      551.98,        1.06,
      552.54,        1.05,
      553.09,        1.06,
      553.69,        1.10,
      554.25,        1.08,
      554.81,        1.11,
      555.37,        1.07,
      555.89,        1.07,
      556.45,        1.08,
      556.97,        1.01,
      557.49,        1.07,
      558.00,        1.07,
      558.52,        1.09,
      559.04,        1.10,
      559.56,        1.10,
      560.16,        1.07,
      560.68,        1.11,
      561.24,        1.10,
      561.80,        1.13,
      562.36,        1.12,
      562.91,        1.11,
      563.43,        1.11,
      563.99,        1.10,
      564.51,        1.11,
      565.03,        1.13,
      565.59,        1.11,
      566.11,        1.10,
      566.63,        1.09,
      567.15,        1.07,
      567.62,        1.18,
      568.18,        1.07,
      568.74,        1.05,
      569.30,        1.05,
      569.86,        1.04,
      570.42,        1.02,
      570.94,        1.03,
      571.46,        1.02,
      571.98,        1.03,
      572.50,        1.05,
      573.05,        1.04,
      573.57,        1.07,
      574.09,        1.09,
      574.73,        1.07,
      575.13,        1.04,
      575.65,        1.03,
      576.21,        1.02,
      576.73,        0.98,
      577.37,        0.98,
      577.88,        0.97,
      578.44,        1.00,
      579.00,        0.92,
      579.52,        0.86,
      580.00,        0.88,
      580.56,        0.85,
      581.12,        0.84,
      581.64,        0.82,
      582.16,        0.82,
      582.67,        0.76,
      583.19,        0.76,
      583.71,        0.74,
      584.23,        0.73,
      584.79,        0.73,
      585.39,        0.76,
      585.95,        0.76,
      586.47,        0.76,
      587.03,        0.80,
      587.55,        0.81,
      588.06,        0.81,
      588.62,        0.80,
      589.14,        0.76,
      589.66,        0.76,
      590.18,        0.76,
      590.70,        0.72,
      591.22,        0.72,
      591.74,        0.70,
      592.26,        0.70,
      592.81,        0.70,
      593.37,        0.71,
      593.97,        0.74,
      594.49,        0.74,
      595.05,        0.76,
      595.53,        0.76,
      596.05,        0.76,
      596.61,        0.76,
      597.13,        0.76,
      597.68,        0.76,
      598.20,        0.75,
      598.68,        0.76,
      599.20,        0.77,
      599.72,        0.81,
      600.28,        0.78,
      600.84,        0.80,
      601.40,        0.81,
      601.96,        0.87,
      602.52,        0.86,
      603.07,        0.89,
      603.55,        0.90,
      604.07,        0.91,
      604.63,        0.91,
      605.15,        0.90,
      605.71,        0.92,
      606.23,        0.94,
      606.75,        0.98,
      607.27,        0.96,
      607.78,        0.95,
      608.34,        0.93,
      608.90,        0.91,
      609.46,        0.90,
      610.02,        0.90,
      610.58,        0.88,
      611.10,        0.82,
      611.62,        0.81,
      612.14,        0.80,
      612.65,        0.76,
      613.21,        0.74,
      613.73,        0.76,
      614.25,        0.76,
      614.77,        0.76,
      615.29,        0.78,
      615.81,        0.81,
      616.37,        0.82,
      616.93,        0.82,
      617.49,        0.81,
      618.04,        0.84,
      618.60,        0.84,
      619.12,        0.83,
      619.64,        0.87,
      620.16,        0.87,
      620.68,        0.85,
      621.24,        0.85,
      621.76,        0.85,
      622.28,        0.85,
      622.79,        0.85,
      623.31,        0.88,
      623.83,        0.90,
      624.39,        0.90,
      624.95,        0.90,
      625.51,        0.90,
      626.07,        0.89,
      626.63,        0.88,
      627.15,        0.90,
      627.66,        0.91,
      628.18,        0.94,
      628.74,        0.97,
      629.30,        0.94,
      629.86,        0.90,
      630.34,        0.90,
      630.86,        0.92,
      631.38,        0.93,
      631.90,        0.92,
      632.46,        0.90,
      633.01,        0.91,
      633.57,        0.90,
      634.13,        0.91,
      634.69,        0.90,
      635.25,        0.93,
      635.77,        0.93,
      636.29,        0.95,
      636.85,        0.95,
      637.37,        0.98,
      637.92,        1.03,
      638.40,        1.05,
      638.92,        1.05,
      639.44,        1.05,
      639.96,        1.07,
      640.52,        1.10,
      641.12,        1.11,
      641.68,        1.13,
      642.24,        1.17,
      642.79,        1.20,
      643.35,        1.21,
      643.87,        1.25,
      644.39,        1.29,
      644.91,        1.29,
      645.47,        1.30,
      645.99,        1.29,
      646.51,        1.29,
      647.03,        1.29,
      647.51,        1.33,
      648.06,        1.34,
      648.62,        1.34,
      649.18,        1.25,
      649.74,        1.25,
      650.30,        1.22,
      650.86,        1.01,
      651.38,        0.99,
      651.94,        0.89,
      652.46,        0.90,
      652.97,        0.91,
      653.53,        0.92,
      654.05,        1.01,
      654.57,        1.04,
      655.09,        1.08,
      655.61,        1.09,
      656.13,        1.08,
      656.69,        1.14,
      657.25,        1.11,
      657.80,        1.07,
      658.36,        1.08,
      658.92,        1.09,
      659.48,        1.10,
      660.00,        1.11,
      660.56,        1.09,
      661.08,        1.08,
      661.60,        0.99,
      662.12,        0.94,
      662.63,        0.68,
      663.15,        0.32,
      663.67,       -0.08,
      664.23,       -0.56,
      664.75,       -1.05,
      665.31,       -1.51,
      665.87,       -1.84,
      666.43,       -1.88,
      666.99,       -1.92,
      667.55,       -1.98,
      668.06,       -1.95,
      668.62,       -2.00,
      669.14,       -1.98,
      669.70,       -1.97,
      670.18,       -1.98,
      670.70,       -1.99,
      671.22,       -1.97,
      671.78,       -1.97,
      672.30,       -1.97,
      672.85,       -2.02,
      673.41,       -2.05,
      673.97,       -2.07,
      674.53,       -2.09,
      675.09,       -2.08,
      675.61,       -2.08,
      676.17,       -2.08,
      676.69,       -2.06,
      677.25,       -2.06,
      677.76,       -2.08,
      678.28,       -2.10,
      678.80,       -2.13,
      679.32,       -2.15,
      679.84,       -2.19,
      680.40,       -2.22,
      680.96,       -2.19,
      681.48,       -2.21,
      682.04,       -2.25,
      682.63,       -2.26,
      683.15,       -2.29,
      683.71,       -2.33,
      684.23,       -2.34,
      684.79,       -2.34,
      685.31,       -2.38,
      685.87,       -2.45,
      686.35,       -2.47,
      686.87,       -2.42,
      687.39,       -2.42,
      687.94,       -2.42,
      688.46,       -2.44,
      689.02,       -2.48,
      689.62,       -2.50,
      690.18,       -2.50,
      690.74,       -2.57,
      691.30,       -2.59,
      691.86,       -2.57,
      692.38,       -2.58,
      693.17,       -2.58,
      693.65,       -2.60,
      694.13,       -2.62,
      694.57,       -2.63,
      695.01,       -2.62,
      695.69,       -2.62,
      696.21,       -2.62,
      696.73,       -2.63,
      697.21,       -2.60,
      698.04,       -2.57,
      698.32,       -2.57,
      698.88,       -2.56,
      699.44,       -2.53,
      699.96,       -2.55,
      700.52,       -2.51,
      701.04,       -2.51,
      701.60,       -2.53,
      702.12,       -2.54,
      702.63,       -2.60,
      703.15,       -2.60,
      703.67,       -2.56,
      704.23,       -2.56,
      704.75,       -2.54,
      705.31,       -2.47,
      705.91,       -2.44,
      706.47,       -2.35,
      707.03,       -2.34,
      707.59,       -2.35,
      708.10,       -2.26,
      708.66,       -2.25,
      709.18,       -2.22,
      709.74,       -2.17,
      710.26,       -2.16,
      710.78,       -2.16,
      711.58,       -2.17,
      712.06,       -2.16,
      712.50,       -2.14,
      712.89,       -2.12,
      713.49,       -2.14,
      714.01,       -2.12,
      714.57,       -2.12,
      715.09,       -2.12,
      715.65,       -2.10,
      716.17,       -2.16,
      716.69,       -2.19,
      717.25,       -2.16,
      717.80,       -2.23,
      718.32,       -2.23,
      718.80,       -2.24,
      719.32,       -2.30,
      719.84,       -2.25,
      720.40,       -2.22,
      720.96,       -2.23,
      721.52,       -2.17,
      722.08,       -2.21,
      722.64,       -2.21,
      723.19,       -2.16,
      723.71,       -2.15,
      724.27,       -2.12,
      724.79,       -2.10,
      725.31,       -2.12,
      725.87,       -2.03,
      726.39,       -2.03,
      726.87,       -2.04,
      727.39,       -1.98,
      727.90,       -1.97,
      728.46,       -1.97,
      729.02,       -1.90,
      729.58,       -1.89,
      730.14,       -1.86,
      730.70,       -1.83,
      731.26,       -1.89,
      731.78,       -1.83,
      732.30,       -1.88,
      732.81,       -1.94,
      733.37,       -1.92,
      733.89,       -2.03,
      734.41,       -2.02,
      734.93,       -2.03,
      735.45,       -2.16,
      735.97,       -2.14,
      736.53,       -2.18,
      737.09,       -2.25,
      737.64,       -2.23,
      738.20,       -2.24,
      738.76,       -2.25,
      739.28,       -2.26,
      739.80,       -2.34,
      740.32,       -2.38,
      740.88,       -2.41,
      741.40,       -2.51,
      741.96,       -2.55,
      742.48,       -2.71,
      742.95,       -2.99,
      743.47,       -3.30,
      743.99,       -3.60,
      744.55,       -3.88,
      745.11,       -3.98,
      745.67,       -3.98,
      746.23,       -3.98,
      746.79,       -4.03,
      747.31,       -4.07,
      747.82,       -4.07,
      748.34,       -4.04,
      748.90,       -4.03,
      749.42,       -4.01,
      749.98,       -3.92,
      750.50,       -3.95,
      750.98,       -3.92,
      751.50,       -3.87,
      752.06,       -3.80,
      752.62,       -3.71,
      753.17,       -3.69,
      753.69,       -3.74,
      754.25,       -3.71,
      754.81,       -3.69,
      755.33,       -3.74,
      755.85,       -3.74,
      756.37,       -3.71,
      756.93,       -3.69,
      757.45,       -3.62,
      758.00,       -3.57,
      758.52,       -3.52,
      759.00,       -3.46,
      759.52,       -3.43,
      760.08,       -3.39,
      760.64,       -3.34,
      761.20,       -3.30,
      761.72,       -3.25,
      762.28,       -3.22,
      762.83,       -3.19,
      763.35,       -3.12,
      763.87,       -3.08,
      764.39,       -3.03,
      764.95,       -2.99,
      765.51,       -2.98,
      766.03,       -2.98,
      766.55,       -2.93,
      767.03,       -2.89,
      767.55,       -2.83,
      768.14,       -2.80,
      768.70,       -2.81,
      769.26,       -2.73,
      769.82,       -2.69,
      770.38,       -2.70,
      770.90,       -2.70,
      771.42,       -2.69,
      771.94,       -2.67,
      772.50,       -2.63,
      773.01,       -2.64,
      773.57,       -2.66,
      774.09,       -2.64,
      774.57,       -2.60,
      775.09,       -2.59,
      775.61,       -2.59,
      776.17,       -2.56,
      776.73,       -2.54,
      777.29,       -2.53,
      777.84,       -2.53,
      778.40,       -2.51,
      778.96,       -2.51,
      779.48,       -2.49,
      780.00,       -2.50,
      780.52,       -2.49,
      781.08,       -2.49,
      781.64,       -2.53,
      782.16,       -2.47,
      782.64,       -2.43,
      783.15,       -2.43,
      783.67,       -2.42,
      784.23,       -2.46,
      784.79,       -2.47,
      785.35,       -2.47,
      785.91,       -2.51,
      786.47,       -2.54,
      786.99,       -2.55,
      787.51,       -2.52,
      788.02,       -2.56,
      788.58,       -2.56,
      789.14,       -2.51,
      789.66,       -2.46,
      790.18,       -2.44,
      790.70,       -2.42,
      791.18,       -2.38,
      791.74,       -2.33,
      792.30,       -2.31,
      792.85,       -2.25,
      793.41,       -2.23,
      793.97,       -2.21,
      794.53,       -2.19,
      795.09,       -2.17,
      795.61,       -2.13,
      796.13,       -2.12,
      796.65,       -2.07,
      797.21,       -2.04,
      797.72,       -2.03,
      798.24,       -2.03,
      798.76,       -1.99,
      799.28,       -1.96,
      799.80,       -1.91,
      800.36,       -1.88,
      800.92,       -1.82,
      801.48,       -1.81,
      802.04,       -1.81,
      802.60,       -1.79,
      803.11,       -1.77,
      803.67,       -1.73,
      804.19,       -1.67,
      804.71,       -1.64,
      805.27,       -1.61,
      805.79,       -1.57,
      806.31,       -1.53,
      806.83,       -1.54,
      807.35,       -1.54,
      807.86,       -1.46,
      808.42,       -1.44,
      808.98,       -1.44,
      809.54,       -1.40,
      810.14,       -1.39,
      810.70,       -1.38,
      811.22,       -1.37,
      811.74,       -1.37,
      812.26,       -1.33,
      812.77,       -1.33,
      813.33,       -1.33,
      813.85,       -1.32,
      814.41,       -1.31,
      814.89,       -1.35,
      815.41,       -1.38,
      815.93,       -1.38,
      816.49,       -1.38,
      817.05,       -1.42,
      817.61,       -1.46,
      818.16,       -1.46,
      818.72,       -1.47,
      819.24,       -1.46,
      819.72,       -1.45,
      820.24,       -1.40,
      820.80,       -1.39,
      821.36,       -1.39,
      821.88,       -1.39,
      822.40,       -1.39,
      822.87,       -1.38,
      823.39,       -1.40,
      823.95,       -1.38,
      824.51,       -1.33,
      825.07,       -1.33,
      825.63,       -1.33,
      826.19,       -1.33,
      826.71,       -1.33,
      827.23,       -1.37,
      827.70,       -1.37,
      828.22,       -1.35,
      828.78,       -1.34,
      829.34,       -1.33,
      829.86,       -1.32,
      830.38,       -1.30,
      830.86,       -1.29,
      831.38,       -1.28,
      831.94,       -1.28,
      832.50,       -1.25,
      833.05,       -1.25,
      833.65,       -1.25,
      834.21,       -1.32,
      834.73,       -1.26,
      835.25,       -1.18,
      835.77,       -1.16,
      836.29,       -1.12,
      836.85,       -1.07,
      837.37,       -1.03,
      837.92,       -1.00,
      838.44,       -0.95,
      838.92,       -0.94,
      839.44,       -0.90,
      840.00,       -0.89,
      840.52,       -0.89,
      841.08,       -0.89,
      841.64,       -0.85,
      842.20,       -0.77,
      842.71,       -0.75,
      843.23,       -0.74,
      843.75,       -0.72,
      844.27,       -0.70,
      844.83,       -0.66,
      845.39,       -0.60,
      845.91,       -0.59,
      846.43,       -0.58,
      846.91,       -0.59,
      847.43,       -0.56,
      847.98,       -0.53,
      848.54,       -0.52,
      849.10,       -0.50,
      849.66,       -0.47,
      850.22,       -0.47,
      850.74,       -0.46,
      851.26,       -0.45,
      851.78,       -0.43,
      852.30,       -0.39,
      852.85,       -0.39,
      853.37,       -0.38,
      853.93,       -0.37,
      854.45,       -0.32,
      854.93,       -0.38,
      855.45,       -0.46,
      856.01,       -0.50,
      856.57,       -0.72,
      857.13,       -0.94,
      857.68,       -1.11,
      858.24,       -1.38,
      858.76,       -1.59,
      859.28,       -1.79,
      859.80,       -2.04,
      860.32,       -2.34,
      860.88,       -2.64,
      861.40,       -2.89,
      861.96,       -3.15,
      862.48,       -3.46,
      862.95,       -3.71,
      863.47,       -3.95,
      864.03,       -4.21,
      864.59,       -4.46,
      865.15,       -4.73,
      865.67,       -4.99,
      866.23,       -5.27,
      866.79,       -5.40,
      867.31,       -5.52,
      867.82,       -5.64,
      868.34,       -5.78,
      868.90,       -5.83,
      869.42,       -5.88,
      869.98,       -5.91,
      870.46,       -5.92,
      870.98,       -5.93,
      871.50,       -5.94,
      872.06,       -5.94,
      872.62,       -5.94,
      873.17,       -5.96,
      873.73,       -6.01,
      874.29,       -6.03,
      874.81,       -6.01,
      875.33,       -5.97,
      875.85,       -5.91,
      876.37,       -5.82,
      876.93,       -5.74,
      877.49,       -5.64,
      878.00,       -5.54,
      878.52,       -5.45,
      879.00,       -5.38,
      879.52,       -5.31,
      880.08,       -5.23,
      880.64,       -5.16,
      881.20,       -5.11,
      881.76,       -5.08,
      882.32,       -5.04,
      882.87,       -4.96,
      883.39,       -4.93,
      883.91,       -4.94,
      884.43,       -4.95,
      884.99,       -4.95,
      885.51,       -4.96,
      886.03,       -5.00,
      886.55,       -5.01,
      887.07,       -5.01,
      887.59,       -5.07,
      888.14,       -5.10,
      888.70,       -5.13,
      889.26,       -5.21,
      889.82,       -5.24,
      890.38,       -5.27,
      890.90,       -5.35,
      891.42,       -5.33,
      891.94,       -5.37,
      892.50,       -5.45,
      893.01,       -5.44,
      893.53,       -5.40,
      894.05,       -5.51,
      894.57,       -5.49,
      895.09,       -5.42,
      895.61,       -5.51,
      896.17,       -5.57,
      896.73,       -5.56,
      897.33,       -5.59,
      897.84,       -5.59,
      898.40,       -5.65,
      898.92,       -5.74,
      899.44,       -5.67,
      900.00,       -5.58,
      900.52,       -5.55,
      901.08,       -5.47,
      901.64,       -5.40,
      902.16,       -5.38,
      902.64,       -5.36,
      903.15,       -5.38,
      903.67,       -5.44,
      904.23,       -5.44,
      904.79,       -5.45,
      905.39,       -5.45,
      905.91,       -5.46,
      906.47,       -5.47,
      907.03,       -5.48,
      907.55,       -5.49,
      908.06,       -5.46,
      908.62,       -5.44,
      909.14,       -5.44,
      909.70,       -5.39,
      910.22,       -5.35,
      910.74,       -5.31,
      911.22,       -5.30,
      911.78,       -5.32,
      912.34,       -5.31,
      912.89,       -5.30,
      913.45,       -5.27,
      913.97,       -5.25,
      914.57,       -5.17,
      915.09,       -5.13,
      915.65,       -5.12,
      916.17,       -5.09,
      916.69,       -5.05,
      917.21,       -5.00,
      917.76,       -4.91,
      918.28,       -4.87,
      918.80,       -4.87,
      919.28,       -4.87,
      919.84,       -4.87,
      920.40,       -4.83,
      920.96,       -4.79,
      921.52,       -4.81,
      922.08,       -4.81,
      922.64,       -4.81,
      923.15,       -4.81,
      923.67,       -4.83,
      924.19,       -4.82,
      924.71,       -4.85,
      925.27,       -4.85,
      925.79,       -4.84,
      926.31,       -4.89,
      926.83,       -4.87,
      927.35,       -4.86,
      927.86,       -4.83,
      928.42,       -4.78,
      928.98,       -4.76,
      929.58,       -4.74,
      930.10,       -4.69,
      930.66,       -4.70,
      931.18,       -4.66,
      931.66,       -4.60,
      932.22,       -4.57,
      932.73,       -4.49,
      933.29,       -4.39,
      933.81,       -4.36,
      934.33,       -4.33,
      934.85,       -4.27,
      935.37,       -4.26,
      935.89,       -4.20,
      936.45,       -4.15,
      937.01,       -4.11,
      937.61,       -4.04,
      938.12,       -3.99,
      938.68,       -4.01,
      939.20,       -3.99,
      939.72,       -3.96,
      940.24,       -3.92,
      940.80,       -3.87,
      941.32,       -3.87,
      941.88,       -3.84,
      942.40,       -3.80,
      942.87,       -3.74,
      943.39,       -3.69,
      943.95,       -3.67,
      944.51,       -3.69,
      945.07,       -3.74,
      945.63,       -3.78,
      946.19,       -3.79,
      946.71,       -3.78,
      947.23,       -3.74,
      947.74,       -3.70,
      948.30,       -3.71,
      948.82,       -3.68,
      949.38,       -3.67,
      949.90,       -3.60,
      950.42,       -3.54,
      950.94,       -3.51,
      951.42,       -3.45,
      952.02,       -3.36,
      952.58,       -3.31,
      953.13,       -3.26,
      953.69,       -3.17,
      954.25,       -3.16,
      954.77,       -3.11,
      955.29,       -3.08,
      955.85,       -3.04,
      956.37,       -2.98,
      956.93,       -2.95,
      957.45,       -2.91,
      958.00,       -2.86,
      958.52,       -2.82,
      959.00,       -2.78,
      959.52,       -2.78,
      960.08,       -2.73,
      960.64,       -2.73,
      961.20,       -2.69,
      961.76,       -2.63,
      962.32,       -2.58,
      962.87,       -2.55,
      963.39,       -2.56,
      963.95,       -2.51,
      964.47,       -2.44,
      965.03,       -2.40,
      965.55,       -2.36,
      966.11,       -2.30,
      966.63,       -2.26,
      967.11,       -2.23,
      967.63,       -2.24,
      968.18,       -2.21,
      968.74,       -2.18,
      969.30,       -2.16,
      969.86,       -2.15,
      970.42,       -2.13,
      970.98,       -2.12,
      971.54,       -2.12,
      972.06,       -2.12,
      972.62,       -2.11,
      973.13,       -2.13,
      973.69,       -2.16,
      974.21,       -2.18,
      974.73,       -2.24,
      975.25,       -2.32,
      975.77,       -2.38,
      976.33,       -2.46,
      976.89,       -2.57,
      977.45,       -2.70,
      978.00,       -2.75,
      978.56,       -2.76,
      979.12,       -2.73,
      979.68,       -2.73,
      980.20,       -2.80,
      980.76,       -2.82,
      981.28,       -2.83,
      981.84,       -2.86,
      982.36,       -2.86,
      982.87,       -2.91,
      983.39,       -2.93,
      983.91,       -2.95,
      984.47,       -2.99,
      985.03,       -3.04,
      985.59,       -3.09,
      986.15,       -3.24,
      986.71,       -3.42,
      987.27,       -3.70,
      987.82,       -4.04,
      988.34,       -4.44,
      988.90,       -4.82,
      989.42,       -5.22,
      989.94,       -5.62,
      990.50,       -5.99,
      991.02,       -6.37,
      991.54,       -6.71,
      992.06,       -7.10,
      992.62,       -7.45,
      993.17,       -7.71,
      993.73,       -7.76,
      994.29,       -7.76,
      994.85,       -7.81,
      995.41,       -7.88,
      995.93,       -7.89,
      996.49,       -7.88,
      997.01,       -7.93,
      997.57,       -7.96,
      998.08,       -7.95,
      998.64,       -7.96,
      999.12,       -7.91,
      999.68,       -7.89,
     1000.20,       -7.86,
     1000.76,       -7.78,
     1001.32,       -7.77,
     1001.88,       -7.74,
     1002.44,       -7.69,
     1002.99,       -7.68,
     1003.51,       -7.67,
     1004.07,       -7.61,
     1004.63,       -7.51,
     1005.15,       -7.46,
     1005.67,       -7.41,
     1006.23,       -7.37,
     1006.75,       -7.28,
     1007.23,       -7.23,
     1007.78,       -7.15,
     1008.34,       -7.03,
     1008.90,       -6.94,
     1009.46,       -6.84,
     1010.02,       -6.76,
     1010.58,       -6.67,
     1011.10,       -6.62,
     1011.66,       -6.50,
     1012.18,       -6.38,
     1012.74,       -6.28,
     1013.25,       -6.18,
     1013.81,       -6.05,
     1014.33,       -5.92,
     1014.85,       -5.74,
     1015.37,       -5.70,
     1015.93,       -5.58,
     1016.45,       -5.49,
     1017.01,       -5.40,
     1017.57,       -5.28,
     1018.12,       -5.21,
     1018.68,       -5.15,
     1019.24,       -5.11,
     1019.76,       -5.05,
     1020.32,       -5.03,
     1020.84,       -4.96,
     1021.40,       -4.90,
     1021.92,       -4.87,
     1022.48,       -4.83,
     1022.99,       -4.76,
     1023.47,       -4.68,
     1024.03,       -4.61,
     1024.59,       -4.56,
     1025.15,       -4.53,
     1025.71,       -4.48,
     1026.27,       -4.46,
     1026.83,       -4.44,
     1027.35,       -4.39,
     1027.90,       -4.39,
     1028.46,       -4.40,
     1028.98,       -4.34,
     1029.54,       -4.33,
     1030.06,       -4.27,
     1030.58,       -4.20,
     1031.14,       -4.13,
     1031.62,       -4.10,
     1032.18,       -4.04,
     1032.74,       -3.99,
     1033.29,       -3.94,
     1033.85,       -3.84,
     1034.41,       -3.82,
     1034.97,       -3.78,
     1035.49,       -3.74,
     1036.05,       -3.71,
     1036.57,       -3.67,
     1037.13,       -3.63,
     1037.69,       -3.60,
     1038.20,       -3.58,
     1038.72,       -3.52,
     1039.24,       -3.47,
     1039.76,       -3.42,
     1040.32,       -3.36,
     1040.88,       -3.34,
     1041.44,       -3.27,
     1042.00,       -3.25,
     1042.56,       -3.17,
     1043.07,       -3.10,
     1043.63,       -3.10,
     1044.15,       -3.09,
     1044.71,       -3.07,
     1045.23,       -3.06,
     1045.79,       -3.04,
     1046.31,       -3.03,
     1046.83,       -2.95,
     1047.39,       -2.91,
     1047.90,       -2.87,
     1048.46,       -2.86,
     1049.02,       -2.84,
     1049.54,       -2.80,
     1050.10,       -2.78,
     1050.66,       -2.78,
     1051.22,       -2.76,
     1051.74,       -2.80,
     1052.30,       -2.78,
     1052.81,       -2.76,
     1053.37,       -2.70,
     1053.89,       -2.67,
     1054.45,       -2.66,
     1054.97,       -2.63,
     1055.49,       -2.64,
     1056.01,       -2.62,
     1056.57,       -2.63,
     1057.13,       -2.64,
     1057.69,       -2.64,
     1058.24,       -2.64,
     1058.80,       -2.64,
     1059.36,       -2.58,
     1059.88,       -2.52,
     1060.44,       -2.51,
     1060.96,       -2.49,
     1061.48,       -2.45,
     1062.04,       -2.45,
     1062.56,       -2.45,
     1063.07,       -2.43,
     1063.63,       -2.42,
     1064.15,       -2.39,
     1064.71,       -2.36,
     1065.27,       -2.36,
     1065.83,       -2.29,
     1066.39,       -2.28,
     1066.95,       -2.23,
     1067.47,       -2.19,
     1068.02,       -2.17,
     1068.54,       -2.18,
     1069.06,       -2.18,
     1069.62,       -2.12,
     1070.14,       -2.08,
     1070.70,       -2.06,
     1071.22,       -2.03,
     1071.78,       -2.03,
     1072.30,       -2.02,
     1072.85,       -1.94,
     1073.41,       -1.90,
     1073.97,       -1.86,
     1074.53,       -1.84,
     1075.05,       -1.89,
     1075.61,       -1.85,
     1076.17,       -1.85,
     1076.69,       -1.80,
     1077.25,       -1.78,
     1077.77,       -1.78,
     1078.28,       -1.77,
     1078.84,       -1.78,
     1079.36,       -1.79,
     1079.92,       -1.80,
     1080.44,       -1.78,
     1081.00,       -1.81,
     1081.56,       -1.80,
     1082.12,       -1.82,
     1082.68,       -1.81,
     1083.19,       -1.80,
     1083.75,       -1.78,
     1084.27,       -1.78,
     1084.79,       -1.79,
     1085.35,       -1.80,
     1085.87,       -1.79,
     1086.43,       -1.83,
     1086.99,       -1.84,
     1087.51,       -1.82,
     1088.06,       -1.85,
     1088.58,       -1.89,
     1089.14,       -1.94,
     1089.70,       -1.99,
     1090.26,       -2.01,
     1090.82,       -2.03,
     1091.34,       -2.03,
     1091.90,       -2.03,
     1092.46,       -2.02,
     1092.97,       -1.99,
     1093.53,       -1.95,
     1094.05,       -1.93,
     1094.57,       -1.93,
     1095.09,       -1.95,
     1095.65,       -1.97,
     1096.21,       -1.97,
     1096.73,       -1.94,
     1097.29,       -1.90,
     1097.84,       -1.88,
     1098.40,       -1.90,
     1098.96,       -1.91,
     1099.48,       -1.91,
     1100.04,       -1.91,
     1100.56,       -1.85,
     1101.08,       -1.86,
     1101.64,       -1.84,
     1102.16,       -1.83,
     1102.72,       -1.77,
     1103.23,       -1.69,
     1103.75,       -1.73,
     1104.31,       -1.73,
     1104.87,       -1.73,
     1105.39,       -1.73,
     1105.95,       -1.68,
     1106.51,       -1.62,
     1107.07,       -1.57,
     1107.63,       -1.52,
     1108.14,       -1.51,
     1108.66,       -1.51,
     1109.22,       -1.47,
     1109.74,       -1.49,
     1110.30,       -1.45,
     1110.82,       -1.42,
     1111.34,       -1.43,
     1111.90,       -1.42,
     1112.42,       -1.36,
     1112.97,       -1.36,
     1113.53,       -1.35,
     1114.09,       -1.31,
     1114.65,       -1.25,
     1115.17,       -1.22,
     1115.73,       -1.16,
     1116.29,       -1.14,
     1116.81,       -1.15,
     1117.33,       -1.15,
     1117.88,       -1.16,
     1118.40,       -1.20,
     1118.92,       -1.22,
     1119.48,       -1.20,
     1120.00,       -1.22,
     1120.56,       -1.22,
     1121.08,       -1.24,
     1121.68,       -1.33,
     1122.20,       -1.46,
     1122.76,       -1.62,
     1123.31,       -1.81,
     1123.83,       -1.85,
     1124.39,       -1.90,
     1124.91,       -1.92,
     1125.47,       -1.93,
     1125.99,       -1.88,
     1126.51,       -1.82,
     1127.03,       -1.78,
     1127.59,       -1.74,
     1128.14,       -1.73,
     1128.66,       -1.73,
     1129.22,       -1.72,
     1129.78,       -1.71,
     1130.34,       -1.68,
     1130.90,       -1.68,
     1131.42,       -1.64,
     1131.98,       -1.57,
     1132.54,       -1.49,
     1133.05,       -1.47,
     1133.61,       -1.46,
     1134.13,       -1.46,
     1134.65,       -1.43,
     1135.17,       -1.40,
     1135.73,       -1.35,
     1136.29,       -1.32,
     1136.81,       -1.30,
     1137.37,       -1.27,
     1137.92,       -1.25,
     1138.48,       -1.25,
     1139.04,       -1.24,
     1139.56,       -1.22,
     1140.12,       -1.17,
     1140.68,       -1.14,
     1141.20,       -1.10,
     1141.72,       -1.10,
     1142.24,       -1.05,
     1142.76,       -1.01,
     1143.27,       -0.95,
     1143.83,       -0.91,
     1144.39,       -0.89,
     1144.91,       -0.82,
     1145.47,       -0.75,
     1146.03,       -0.72,
     1146.59,       -0.69,
     1147.15,       -0.67,
     1147.67,       -0.59,
     1148.22,       -0.54,
     1148.74,       -0.47,
     1149.30,       -0.46,
     1149.82,       -0.47,
     1150.34,       -0.44,
     1150.86,       -0.42,
     1151.42,       -0.41,
     1151.94,       -0.40,
     1152.50,       -0.46,
     1153.01,       -0.56,
     1153.57,       -0.79,
     1154.17,       -1.03,
     1154.69,       -1.38,
     1155.25,       -1.74,
     1155.77,       -2.15,
     1156.33,       -2.52,
     1156.85,       -2.86,
     1157.37,       -3.13,
     1157.92,       -3.41,
     1158.44,       -3.67,
     1158.96,       -3.96,
     1159.48,       -4.22,
     1160.04,       -4.46,
     1160.60,       -4.64,
     1161.12,       -4.83,
     1161.68,       -5.08,
     1162.24,       -5.29,
     1162.80,       -5.39,
     1163.31,       -5.39,
     1163.87,       -5.34,
     1164.39,       -5.23,
     1164.95,       -5.22,
     1165.47,       -5.15,
     1165.99,       -5.14,
     1166.55,       -5.17,
     1167.07,       -5.13,
     1167.59,       -5.09,
     1168.14,       -5.09,
     1168.70,       -5.07,
     1169.22,       -5.09,
     1169.82,       -5.13,
     1170.38,       -5.11,
     1170.90,       -5.13,
     1171.46,       -5.10,
     1171.98,       -5.08,
     1172.54,       -5.10,
     1173.05,       -5.07,
     1173.57,       -5.01,
     1174.13,       -5.00,
     1174.65,       -4.93,
     1175.17,       -4.90,
     1175.73,       -4.90,
     1176.29,       -4.83,
     1176.85,       -4.77,
     1177.37,       -4.68,
     1177.92,       -4.58,
     1178.48,       -4.57,
     1179.00,       -4.54,
     1179.56,       -4.49,
     1180.08,       -4.62,
     1180.64,       -4.64,
     1181.16,       -4.57,
     1181.68,       -4.70,
     1182.24,       -4.72,
     1182.76,       -4.66,
     1183.27,       -4.82,
     1183.83,       -4.75,
     1184.39,       -4.70,
     1184.95,       -4.78,
     1185.47,       -4.70,
     1186.03,       -4.72,
     1186.55,       -4.83,
     1187.11,       -4.76,
     1187.63,       -4.86,
     1188.18,       -5.03,
     1188.70,       -4.94,
     1189.22,       -5.09,
     1189.74,       -5.18,
     1190.26,       -5.09,
     1190.74,       -5.20,
     1191.26,       -5.16,
     1191.78,       -5.09,
     1192.34,       -5.24,
     1192.85,       -5.15,
     1193.37,       -5.06,
     1193.89,       -5.14,
     1194.41,       -5.03,
     1194.89,       -4.97,
     1195.41,       -5.02,
     1195.89,       -4.87,
     1196.37,       -4.88,
     1196.85,       -4.96,
     1197.29,       -4.83,
     1197.77,       -4.86,
     1198.20,       -4.88,
     1198.64,       -4.71,
     1199.08,       -4.80,
     1199.52,       -4.81,
     1200.00,       -4.73,
     1200.44,       -4.87,
     1200.88,       -4.87,
     1201.32,       -4.80,
     1201.76,       -4.96,
     1202.20,       -4.87,
     1202.60,       -4.83,
     1203.03,       -4.95,
     1203.43,       -4.82,
     1203.83,       -4.81,
     1204.23,       -4.87,
     1204.59,       -4.73,
     1204.99,       -4.74,
     1205.35,       -4.77,
     1205.71,       -4.63,
     1205.99,       -4.73,
     1206.27,       -4.81,
     1206.59,       -4.65,
     1206.83,       -4.71,
     1207.11,       -4.73,
     1207.35,       -4.59,
     1207.55,       -4.73,
     1207.79,       -4.69,
     1207.98,       -4.57,
     1208.14,       -4.69,
     1208.30,       -4.62,
     1208.46,       -4.57,
     1208.58,       -4.73,
     1208.66,       -4.64,
     1208.78,       -4.62,
     1208.86,       -4.72,
     1208.94,       -4.59,
     1208.98,       -4.64,
     1209.02,       -4.68,
     1209.02,       -4.60,
     1209.06,       -4.67,
