       -0.00,       -0.51,
        0.04,       -0.51,
        0.08,       -0.51,
        0.12,       -0.50,
        0.16,       -0.50,
        0.24,       -0.50,
        0.28,       -0.50,
        0.36,       -0.50,
        0.44,       -0.49,
        0.48,       -0.48,
        0.60,       -0.31,
        0.68,       -0.46,
        0.76,       -0.46,
        0.88,       -0.44,
        1.00,       -0.42,
        1.12,       -0.42,
        1.20,       -0.41,
        1.36,       -0.38,
        1.48,       -0.33,
        1.60,       -0.32,
        1.76,       -0.30,
        1.88,       -0.29,
        2.04,       -0.30,
        2.20,       -0.24,
        2.35,       -0.23,
        2.47,       -0.21,
        2.63,       -0.17,
        2.79,       -0.15,
        2.95,       -0.18,
        3.11,       -0.11,
        3.27,       -0.11,
        3.43,       -0.10,
        3.63,       -0.07,
        3.79,       -0.05,
        3.95,       -0.02,
        4.15,       -0.02,
        4.35,       -0.02,
        4.51,       -0.02,
        4.71,        0.02,
        4.95,        0.02,
        5.15,        0.02,
        5.35,        0.02,
        5.59,        0.02,
        5.79,        0.02,
        6.03,        0.01,
        6.27,       -0.02,
        6.47,       -0.02,
        6.67,       -0.03,
        6.91,       -0.04,
        7.15,       -0.05,
        7.38,       -0.07,
        7.58,       -0.08,
        7.82,       -0.10,
        8.06,       -0.12,
        8.30,       -0.15,
        8.54,       -0.20,
        8.78,       -0.24,
        9.02,       -0.28,
        9.22,       -0.30,
        9.46,       -0.34,
        9.74,       -0.36,
        9.94,       -0.36,
       10.18,       -0.38,
       10.42,       -0.37,
       10.66,       -0.36,
       10.94,       -0.33,
       11.18,       -0.33,
       11.42,       -0.34,
       11.66,       -0.33,
       11.94,       -0.37,
       12.18,       -0.33,
       12.45,       -0.34,
       12.69,       -0.33,
       12.97,       -0.32,
       13.25,       -0.30,
       13.57,       -0.30,
       13.81,       -0.32,
       14.17,       -0.32,
       14.45,       -0.31,
       14.73,       -0.28,
       15.01,       -0.28,
       15.33,       -0.31,
       15.61,       -0.32,
       15.89,       -0.33,
       16.17,       -0.37,
       16.45,       -0.31,
       16.73,       -0.35,
       17.01,       -0.33,
       17.32,       -0.33,
       17.60,       -0.34,
       17.88,       -0.31,
       18.16,       -0.34,
       18.48,       -0.33,
       18.76,       -0.31,
       19.04,       -0.28,
       19.32,       -0.23,
       19.64,       -0.24,
       19.92,       -0.20,
       20.24,       -0.20,
       20.52,       -0.20,
       20.84,       -0.21,
       21.16,       -0.24,
       21.48,       -0.24,
       21.80,       -0.24,
       22.16,       -0.22,
       22.47,       -0.20,
       22.79,       -0.22,
       23.11,       -0.16,
       23.47,       -0.16,
       23.79,       -0.14,
       24.11,       -0.13,
       24.43,       -0.16,
       24.79,       -0.16,
       25.11,       -0.24,
       25.47,       -0.22,
       25.83,       -0.20,
       26.15,       -0.21,
       26.51,       -0.18,
       26.83,       -0.19,
       27.15,       -0.20,
       27.50,       -0.22,
       27.82,       -0.24,
       28.14,       -0.25,
       28.50,       -0.25,
       28.82,       -0.24,
       29.18,       -0.28,
       29.54,       -0.30,
       29.90,       -0.31,
       30.30,       -0.28,
       30.66,       -0.26,
       31.06,       -0.24,
       31.38,       -0.29,
       31.74,       -0.35,
       32.10,       -0.33,
       32.45,       -0.41,
       32.81,       -0.42,
       33.17,       -0.58,
       33.53,       -0.81,
       33.89,       -0.93,
       34.25,       -1.17,
       34.65,       -1.36,
       35.01,       -1.42,
       35.37,       -1.65,
       35.73,       -1.84,
       36.09,       -1.98,
       36.45,       -2.23,
       36.81,       -2.36,
       37.17,       -2.44,
       37.56,       -2.48,
       38.00,       -2.52,
       38.40,       -2.54,
       38.76,       -2.55,
       39.16,       -2.55,
       39.52,       -2.55,
       39.92,       -2.52,
       40.28,       -2.54,
       40.64,       -2.51,
       41.04,       -2.49,
       41.44,       -2.50,
       41.80,       -2.51,
       42.20,       -2.57,
       42.59,       -2.57,
       42.95,       -2.51,
       43.35,       -2.52,
       43.71,       -2.49,
       44.11,       -2.47,
       44.47,       -2.57,
       44.87,       -2.51,
       45.27,       -2.52,
       45.71,       -2.58,
       46.15,       -2.49,
       46.55,       -2.54,
       46.99,       -2.56,
       47.38,       -2.51,
       47.78,       -2.60,
       48.18,       -2.55,
       48.54,       -2.53,
       48.94,       -2.63,
       49.38,       -2.55,
       49.78,       -2.52,
       50.18,       -2.57,
       50.58,       -2.46,
       50.98,       -2.43,
       51.38,       -2.43,
       51.78,       -2.30,
       52.18,       -2.35,
       52.57,       -2.34,
       52.93,       -2.25,
       53.37,       -2.30,
       53.77,       -2.28,
       54.21,       -2.29,
       54.65,       -2.35,
       55.09,       -2.29,
       55.49,       -2.38,
       55.89,       -2.36,
       56.29,       -2.32,
       56.69,       -2.38,
       57.09,       -2.33,
       57.52,       -2.26,
       57.96,       -2.25,
       58.36,       -2.21,
       58.80,       -2.20,
       59.20,       -2.24,
       59.60,       -2.24,
       60.00,       -2.22,
       60.40,       -2.21,
       60.84,       -2.21,
       61.24,       -2.21,
       61.68,       -2.19,
       62.12,       -2.18,
       62.55,       -2.16,
       62.99,       -2.14,
       63.43,       -2.12,
       63.83,       -2.12,
       64.27,       -2.08,
       64.67,       -2.06,
       65.11,       -2.06,
       65.55,       -2.03,
       65.99,       -2.02,
       66.43,       -1.94,
       66.83,       -1.87,
       67.27,       -1.91,
       67.66,       -1.85,
       68.10,       -1.81,
       68.50,       -1.81,
       68.94,       -1.81,
       69.42,       -1.81,
       69.90,       -1.84,
       70.38,       -1.79,
       70.82,       -1.76,
       71.26,       -1.77,
       71.70,       -1.74,
       72.14,       -1.77,
       72.53,       -1.73,
       72.97,       -1.72,
       73.41,       -1.74,
       73.85,       -1.72,
       74.33,       -1.71,
       74.77,       -1.71,
       75.17,       -1.67,
       75.57,       -1.68,
       76.01,       -1.68,
       76.45,       -1.66,
       76.89,       -1.67,
       77.32,       -1.64,
       77.80,       -1.64,
       78.28,       -1.65,
       78.76,       -1.65,
       79.20,       -1.61,
       79.64,       -1.59,
       80.08,       -1.55,
       80.52,       -1.57,
       80.96,       -1.57,
       81.40,       -1.53,
       81.88,       -1.55,
       82.28,       -1.55,
       82.71,       -1.55,
       83.15,       -1.53,
       83.59,       -1.55,
       84.03,       -1.55,
       84.47,       -1.53,
       84.91,       -1.47,
       85.39,       -1.47,
       85.83,       -1.44,
       86.31,       -1.38,
       86.79,       -1.38,
       87.27,       -1.34,
       87.70,       -1.32,
       88.14,       -1.31,
       88.58,       -1.29,
       89.02,       -1.29,
       89.46,       -1.29,
       89.94,       -1.23,
       90.42,       -1.24,
       90.86,       -1.20,
       91.30,       -1.18,
       91.74,       -1.20,
       92.18,       -1.16,
       92.65,       -1.16,
       93.09,       -1.15,
       93.57,       -1.07,
       94.05,       -1.10,
       94.53,       -1.07,
       95.01,       -1.01,
       95.49,       -1.01,
       95.93,       -0.97,
       96.37,       -0.94,
       96.81,       -0.95,
       97.29,       -0.91,
       97.72,       -0.92,
       98.20,       -0.90,
       98.68,       -0.82,
       99.12,       -0.79,
       99.56,       -0.73,
      100.00,       -0.74,
      100.48,       -0.73,
      100.92,       -0.66,
      101.40,       -0.66,
      101.84,       -0.64,
      102.35,       -0.60,
      102.79,       -0.58,
      103.27,       -0.53,
      103.75,       -0.50,
      104.23,       -0.48,
      104.67,       -0.48,
      105.11,       -0.48,
      105.59,       -0.45,
      106.07,       -0.42,
      106.55,       -0.42,
      106.99,       -0.42,
      107.42,       -0.42,
      107.86,       -0.43,
      108.34,       -0.42,
      108.78,       -0.41,
      109.26,       -0.36,
      109.70,       -0.34,
      110.22,       -0.34,
      110.70,       -0.33,
      111.18,       -0.32,
      111.66,       -0.33,
      112.14,       -0.27,
      112.57,       -0.28,
      113.01,       -0.24,
      113.49,       -0.21,
      113.97,       -0.22,
      114.45,       -0.20,
      114.93,       -0.19,
      115.37,       -0.17,
      115.81,       -0.12,
      116.29,       -0.11,
      116.73,       -0.07,
      117.21,       -0.03,
      117.68,       -0.05,
      118.16,       -0.02,
      118.64,        0.00,
      119.16,        0.03,
      119.64,        0.07,
      120.12,        0.08,
      120.56,        0.08,
      121.04,        0.12,
      121.52,        0.11,
      122.00,        0.16,
      122.47,        0.18,
      122.95,        0.21,
      123.39,        0.27,
      123.83,        0.27,
      124.31,        0.31,
      124.75,        0.33,
      125.23,        0.35,
      125.75,        0.34,
      126.23,        0.37,
      126.75,        0.37,
      127.23,        0.37,
      127.70,        0.40,
      128.18,        0.36,
      128.66,        0.35,
      129.10,        0.03,
      129.62,        0.28,
      130.10,        0.22,
      130.58,        0.22,
      131.02,        0.22,
      131.50,        0.19,
      131.94,        0.19,
      132.41,        0.17,
      132.89,        0.17,
      133.37,        0.20,
      133.89,        0.25,
      134.37,        0.29,
      134.89,        0.33,
      135.37,        0.33,
      135.85,        0.29,
      136.33,        0.31,
      136.81,        0.29,
      137.25,        0.30,
      137.76,        0.32,
      138.24,        0.36,
      138.72,        0.35,
      139.20,        0.34,
      139.64,        0.37,
      140.12,        0.40,
      140.60,        0.42,
      141.08,        0.46,
      141.56,        0.46,
      142.08,        0.46,
      142.55,        0.47,
      143.07,        0.47,
      143.55,        0.52,
      144.03,        0.55,
      144.51,        0.59,
      144.99,        0.62,
      145.43,        0.64,
      145.95,        0.66,
      146.43,        0.64,
      146.91,        0.66,
      147.38,        0.65,
      147.82,        0.68,
      148.30,        0.67,
      148.78,        0.66,
      149.26,        0.67,
      149.78,        0.67,
      150.30,        0.72,
      150.78,        0.71,
      151.30,        0.71,
      151.78,        0.72,
      152.26,        0.76,
      152.69,        0.77,
      153.17,        0.73,
      153.69,        0.69,
      154.17,        0.69,
      154.65,        0.71,
      155.13,        0.64,
      155.61,        0.76,
      156.09,        0.71,
      156.57,        0.65,
      157.05,        0.60,
      157.52,        0.47,
      158.04,        0.35,
      158.56,        0.34,
      159.04,        0.35,
      159.52,        0.35,
      160.04,        0.37,
      160.48,        0.34,
      160.96,        0.36,
      161.48,        0.33,
      161.96,        0.33,
      162.43,        0.30,
      162.91,        0.35,
      163.39,        0.34,
      163.87,        0.34,
      164.35,        0.34,
      164.83,        0.36,
      165.31,        0.36,
      165.83,        0.40,
      166.35,        0.46,
      166.87,        0.50,
      167.38,        0.50,
      167.86,        0.45,
      168.34,        0.43,
      168.82,        0.44,
      169.30,        0.44,
      169.82,        0.45,
      170.30,        0.45,
      170.78,        0.46,
      171.26,        0.46,
      171.74,        0.46,
      172.22,        0.46,
      172.69,        0.42,
      173.17,        0.33,
      173.69,        0.09,
      174.21,       -0.20,
      174.69,       -0.59,
      175.21,       -1.03,
      175.69,       -1.39,
      176.17,       -1.81,
      176.65,       -2.21,
      177.13,       -2.49,
      177.64,       -2.71,
      178.16,       -2.70,
      178.64,       -2.68,
      179.12,       -2.70,
      179.60,       -2.69,
      180.08,       -2.70,
      180.56,       -2.70,
      181.04,       -2.61,
      181.56,       -2.58,
      182.04,       -2.59,
      182.55,       -2.64,
      183.07,       -2.62,
      183.59,       -2.62,
      184.07,       -2.66,
      184.55,       -2.64,
      185.03,       -2.69,
      185.51,       -2.63,
      186.03,       -2.62,
      186.51,       -2.68,
      186.99,       -2.74,
      187.46,       -2.76,
      187.94,       -2.73,
      188.42,       -2.69,
      188.90,       -2.72,
      189.42,       -2.73,
      189.90,       -2.70,
      190.42,       -2.69,
      190.94,       -2.64,
      191.46,       -2.59,
      191.94,       -2.66,
      192.41,       -2.59,
      192.89,       -2.55,
      193.37,       -2.59,
      193.89,       -2.51,
      194.41,       -2.54,
      194.89,       -2.55,
      195.37,       -2.46,
      195.85,       -2.50,
      196.29,       -2.48,
      196.81,       -2.41,
      197.29,       -2.48,
      197.80,       -2.41,
      198.28,       -2.36,
      198.84,       -2.39,
      199.36,       -2.37,
      199.84,       -2.36,
      200.32,       -2.42,
      200.80,       -2.36,
      201.28,       -2.40,
      201.80,       -2.38,
      202.32,       -2.32,
      202.79,       -2.41,
      203.27,       -2.34,
      203.75,       -2.33,
      204.23,       -2.38,
      204.71,       -2.28,
      205.19,       -2.22,
      205.71,       -2.25,
      206.23,       -2.19,
      206.75,       -2.18,
      207.27,       -2.18,
      207.74,       -2.08,
      208.22,       -2.10,
      208.70,       -2.04,
      209.22,       -2.03,
      209.74,       -2.09,
      210.22,       -2.01,
      210.70,       -2.00,
      211.18,       -2.07,
      211.66,       -2.01,
      212.14,       -2.01,
      212.65,       -2.03,
      213.13,       -1.99,
      213.61,       -2.03,
      214.17,       -2.03,
      214.69,       -1.97,
      215.21,       -2.02,
      215.69,       -2.02,
      216.17,       -2.02,
      216.65,       -2.02,
      217.17,       -1.94,
      217.64,       -1.94,
      218.16,       -1.94,
      218.64,       -1.90,
      219.12,       -1.91,
      219.60,       -1.90,
      220.08,       -1.87,
      220.56,       -1.86,
      221.08,       -1.80,
      221.60,       -1.73,
      222.12,       -1.73,
      222.59,       -1.70,
      223.11,       -1.66,
      223.63,       -1.66,
      224.11,       -1.55,
      224.59,       -1.55,
      225.11,       -1.51,
      225.59,       -1.47,
      226.07,       -1.47,
      226.59,       -1.43,
      227.07,       -1.42,
      227.54,       -1.41,
      228.02,       -1.34,
      228.54,       -1.36,
      229.02,       -1.38,
      229.54,       -1.31,
      230.06,       -1.31,
      230.58,       -1.22,
      231.10,       -1.16,
      231.58,       -1.15,
      232.10,       -1.16,
      232.57,       -1.16,
      233.05,       -1.13,
      233.53,       -1.07,
      234.05,       -1.07,
      234.53,       -1.08,
      235.01,       -1.06,
      235.49,       -1.05,
      236.01,       -1.01,
      236.49,       -0.98,
      236.97,       -0.97,
      237.52,       -0.93,
      238.04,       -0.88,
      238.52,       -0.83,
      239.08,       -0.78,
      239.56,       -0.79,
      240.08,       -0.70,
      240.56,       -0.67,
      241.00,       -0.65,
      241.52,       -0.59,
      242.04,       -0.59,
      242.51,       -0.57,
      243.03,       -0.50,
      243.51,       -0.50,
      243.99,       -0.48,
      244.47,       -0.48,
      244.95,       -0.48,
      245.47,       -0.37,
      246.03,       -0.39,
      246.55,       -0.35,
      247.07,       -0.31,
      247.54,       -0.32,
      248.06,       -0.25,
      248.50,       -0.23,
      249.02,       -0.21,
      249.54,       -0.14,
      250.02,       -0.06,
      250.54,       -0.09,
      251.02,       -0.07,
      251.50,       -0.07,
      251.98,       -0.02,
      252.49,        0.00,
      252.97,        0.02,
      253.49,        0.03,
      254.05,        0.05,
      254.53,        0.06,
      255.05,        0.09,
      255.57,        0.11,
      256.05,        0.11,
      256.53,        0.16,
      257.01,        0.15,
      257.52,        0.18,
      258.04,        0.22,
      258.52,        0.20,
      259.04,        0.20,
      259.52,        0.21,
      260.00,        0.25,
      260.48,        0.24,
      261.00,        0.24,
      261.52,        0.20,
      262.04,        0.19,
      262.59,        0.23,
      263.07,        0.28,
      263.59,        0.33,
      264.07,        0.35,
      264.55,        0.36,
      265.07,        0.43,
      265.59,        0.47,
      266.07,        0.52,
      266.59,        0.53,
      267.07,        0.55,
      267.54,        0.64,
      268.06,        0.65,
      268.54,        0.72,
      269.06,        0.75,
      269.54,        0.73,
      270.10,        0.76,
      270.58,        0.78,
      271.10,        0.81,
      271.62,        0.29,
      272.10,        0.86,
      272.57,        0.93,
      273.09,        0.94,
      273.61,        0.97,
      274.13,        1.00,
      274.61,        1.01,
      275.09,        1.06,
      275.57,        1.10,
      276.09,        1.10,
      276.57,        1.14,
      277.09,        1.13,
      277.60,        1.18,
      278.12,        1.16,
      278.64,        1.16,
      279.16,        1.23,
      279.64,        1.20,
      280.16,        1.27,
      280.64,        1.30,
      281.12,        1.30,
      281.64,        1.33,
      282.16,        1.31,
      282.63,        1.27,
      283.15,        1.29,
      283.63,        1.30,
      284.11,        1.27,
      284.59,        1.18,
      285.11,        1.01,
      285.63,        0.94,
      286.15,        0.88,
      286.67,        0.83,
      287.19,        0.76,
      287.70,        0.72,
      288.18,        0.67,
      288.70,        0.51,
      289.18,        0.24,
      289.70,       -0.11,
      290.22,       -0.47,
      290.70,       -0.79,
      291.22,       -0.88,
      291.70,       -0.87,
      292.18,       -0.88,
      292.65,       -0.92,
      293.17,       -0.93,
      293.69,       -0.94,
      294.21,       -0.94,
      294.73,       -0.95,
      295.25,       -0.95,
      295.77,       -0.98,
      296.29,       -1.01,
      296.77,       -1.03,
      297.29,       -1.04,
      297.80,       -1.04,
      298.32,       -1.05,
      298.84,       -1.06,
      299.32,       -1.05,
      299.80,       -1.05,
      300.28,       -1.04,
      300.76,       -1.06,
      301.28,       -1.12,
      301.84,       -1.11,
      302.32,       -1.11,
      302.87,       -1.13,
      303.39,       -1.16,
      303.87,       -1.23,
      304.39,       -1.29,
      304.87,       -1.28,
      305.39,       -1.34,
      305.87,       -1.33,
      306.39,       -1.37,
      306.91,       -1.39,
      307.39,       -1.38,
      307.86,       -1.41,
      308.34,       -1.37,
      308.82,       -1.34,
      309.38,       -1.35,
      309.90,       -1.37,
      310.42,       -1.40,
      310.94,       -1.43,
      311.46,       -1.46,
      311.98,       -1.46,
      312.45,       -1.54,
      312.93,       -1.55,
      313.45,       -1.60,
      313.97,       -1.63,
      314.49,       -1.68,
      314.97,       -1.77,
      315.49,       -1.83,
      315.93,       -1.93,
      316.41,       -2.09,
      316.93,       -2.22,
      317.44,       -2.31,
      318.00,       -2.39,
      318.52,       -2.40,
      319.04,       -2.39,
      319.56,       -2.39,
      320.08,       -2.38,
      320.56,       -2.34,
      321.04,       -2.34,
      321.56,       -2.29,
      322.08,       -2.22,
      322.59,       -2.16,
      323.11,       -2.11,
      323.55,       -2.10,
      324.07,       -2.07,
      324.55,       -2.04,
      325.07,       -1.94,
      325.59,       -1.99,
      326.11,       -1.97,
      326.63,       -1.97,
      327.15,       -1.88,
      327.66,       -1.81,
      328.22,       -1.81,
      328.70,       -1.75,
      329.22,       -1.86,
      329.70,       -1.78,
      330.22,       -1.72,
      330.74,       -1.73,
      331.22,       -1.78,
      331.70,       -1.82,
      332.22,       -1.83,
      332.69,       -1.82,
      333.21,       -1.78,
      333.73,       -1.75,
      334.25,       -1.77,
      334.77,       -1.79,
      335.29,       -1.77,
      335.85,       -1.73,
      336.37,       -1.72,
      336.89,       -1.65,
      337.37,       -1.64,
      337.88,       -1.63,
      338.36,       -1.62,
      338.84,       -1.59,
      339.36,       -1.54,
      339.84,       -1.52,
      340.32,       -1.50,
      340.80,       -1.47,
      341.36,       -1.46,
      341.88,       -1.43,
      342.40,       -1.38,
      342.91,       -1.38,
      343.43,       -1.38,
      343.95,       -1.32,
      344.51,       -1.31,
      344.99,       -1.31,
      345.51,       -1.28,
      346.03,       -1.26,
      346.51,       -1.23,
      347.03,       -1.22,
      347.50,       -1.16,
      347.98,       -1.16,
      348.50,       -1.16,
      348.98,       -1.10,
      349.54,       -1.03,
      350.06,       -1.01,
      350.54,       -0.94,
      351.10,       -0.93,
      351.62,       -0.90,
      352.14,       -0.85,
      352.65,       -0.84,
      353.17,       -0.81,
      353.69,       -0.81,
      354.17,       -0.79,
      354.65,       -0.77,
      355.17,       -0.76,
      355.65,       -0.77,
      356.13,       -0.73,
      356.65,       -0.68,
      357.17,       -0.63,
      357.72,       -0.62,
      358.28,       -0.64,
      358.80,       -0.64,
      359.32,       -0.61,
      359.84,       -0.61,
      360.40,       -0.59,
      360.88,       -0.55,
      361.40,       -0.56,
      361.88,       -0.55,
      362.40,       -0.58,
      362.87,       -0.59,
      363.39,       -0.69,
      363.87,       -0.68,
      364.35,       -0.70,
      364.87,       -0.75,
      365.43,       -0.75,
      365.95,       -0.81,
      366.47,       -0.84,
      366.99,       -0.86,
      367.54,       -0.81,
      368.06,       -0.79,
      368.58,       -0.76,
      369.06,       -0.76,
      369.58,       -0.72,
      370.10,       -0.67,
      370.58,       -0.63,
      371.10,       -0.53,
      371.58,       -0.47,
      372.10,       -0.46,
      372.57,       -0.44,
      373.05,       -0.34,
      373.57,       -0.27,
      374.13,       -0.28,
      374.65,       -0.28,
      375.17,       -0.28,
      375.69,       -0.21,
      376.21,       -0.20,
      376.69,       -0.16,
      377.17,       -0.16,
      377.68,       -0.12,
      378.16,       -0.07,
      378.68,       -0.03,
      379.20,       -0.01,
      379.68,        0.02,
      380.16,        0.06,
      380.64,        0.08,
      381.16,        0.10,
      381.68,        0.12,
      382.24,        0.11,
      382.75,        0.11,
      383.27,        0.13,
      383.79,        0.13,
      384.27,        0.15,
      384.75,        0.16,
      385.27,        0.18,
      385.75,        0.21,
      386.27,        0.23,
      386.79,        0.24,
      387.31,        0.22,
      387.78,        0.14,
      388.26,        0.10,
      388.74,        0.02,
      389.26,       -0.01,
      389.82,       -0.02,
      390.38,       -0.07,
      390.90,       -0.07,
      391.42,       -0.11,
      391.90,       -0.16,
      392.42,       -0.15,
      392.89,       -0.38,
      393.41,       -0.53,
      393.89,       -0.76,
      394.41,       -1.06,
      394.93,       -1.29,
      395.41,       -1.45,
      395.89,       -1.60,
      396.41,       -1.85,
      396.89,       -2.18,
      397.41,       -2.54,
      397.92,       -2.84,
      398.48,       -2.91,
      399.00,       -2.91,
      399.48,       -2.91,
      400.00,       -2.89,
      400.48,       -2.91,
      400.96,       -2.91,
      401.48,       -2.88,
      402.00,       -2.91,
      402.51,       -2.90,
      402.99,       -2.86,
      403.47,       -2.89,
      403.95,       -2.89,
      404.43,       -2.85,
      404.95,       -2.79,
      405.51,       -2.77,
      406.03,       -2.76,
      406.55,       -2.75,
      407.03,       -2.70,
      407.58,       -2.66,
      408.06,       -2.60,
      408.54,       -2.55,
      409.02,       -2.54,
      409.54,       -2.49,
      410.06,       -2.47,
      410.58,       -2.46,
      411.10,       -2.43,
      411.58,       -2.41,
      412.06,       -2.41,
      412.53,       -2.32,
      413.05,       -2.30,
      413.61,       -2.30,
      414.13,       -2.28,
      414.61,       -2.27,
      415.13,       -2.24,
      415.65,       -2.18,
      416.17,       -2.11,
      416.65,       -2.10,
      417.17,       -2.08,
      417.68,       -2.08,
      418.20,       -2.02,
      418.68,       -2.00,
      419.20,       -2.04,
      419.68,       -2.02,
      420.16,       -1.97,
      420.68,       -1.94,
      421.20,       -1.82,
      421.72,       -1.77,
      422.24,       -1.75,
      422.75,       -1.74,
      423.27,       -1.77,
      423.79,       -1.81,
      424.31,       -1.81,
      424.79,       -1.78,
      425.31,       -1.79,
      425.83,       -1.76,
      426.35,       -1.76,
      426.87,       -1.72,
      427.35,       -1.68,
      427.86,       -1.66,
      428.34,       -1.62,
      428.82,       -1.60,
      429.34,       -1.60,
      429.86,       -1.58,
      430.42,       -1.52,
      430.94,       -1.42,
      431.46,       -1.38,
      432.02,       -1.35,
      432.53,       -1.31,
      433.01,       -1.31,
      433.53,       -1.29,
      434.05,       -1.25,
      434.53,       -1.20,
      435.05,       -1.11,
      435.53,       -1.04,
      436.05,       -1.01,
      436.53,       -0.99,
      437.01,       -1.00,
      437.52,       -0.96,
      438.04,       -0.89,
      438.56,       -0.81,
      439.08,       -0.76,
      439.60,       -0.70,
      440.12,       -0.69,
      440.64,       -0.71,
      441.12,       -0.64,
      441.64,       -0.63,
      442.16,       -0.63,
      442.67,       -0.58,
      443.15,       -0.54,
      443.63,       -0.48,
      444.11,       -0.48,
      444.63,       -0.47,
      445.11,       -0.53,
      445.63,       -0.61,
      446.15,       -0.61,
      446.71,       -0.63,
      447.23,       -0.61,
      447.74,       -0.58,
      448.22,       -0.56,
      448.70,       -0.50,
      449.22,       -0.50,
      449.74,       -0.46,
      450.26,       -0.42,
      450.74,       -0.41,
      451.26,       -0.38,
      451.74,       -0.34,
      452.22,       -0.28,
      452.69,       -0.20,
      453.21,       -0.17,
      453.73,       -0.13,
      454.25,       -0.09,
      454.77,       -0.03,
      455.33,        0.00,
      455.81,        0.05,
      456.33,        0.07,
      456.81,        0.08,
      457.33,        0.16,
      457.80,        0.21,
      458.32,        0.24,
      458.84,        0.27,
      459.32,        0.33,
      459.80,        0.36,
      460.28,        0.37,
      460.76,        0.37,
      461.32,        0.35,
      461.84,        0.39,
      462.36,        0.45,
      462.87,        0.46,
      463.39,        0.50,
      463.91,        0.54,
      464.43,        0.55,
      464.91,        0.55,
      465.43,        0.57,
      465.95,        0.58,
      466.43,        0.55,
      466.95,        0.56,
      467.43,        0.57,
      467.90,        0.58,
      468.38,        0.59,
      468.90,        0.57,
      469.42,        0.56,
      469.94,        0.55,
      470.50,        0.47,
      471.02,        0.43,
      471.54,        0.37,
      472.02,        0.35,
      472.53,        0.33,
      473.01,        0.25,
      473.53,        0.24,
      474.05,        0.23,
      474.57,        0.19,
      475.01,        0.20,
      475.53,        0.21,
      476.01,        0.20,
      476.49,        0.15,
      477.01,        0.15,
      477.52,        0.13,
      478.04,        0.11,
      478.56,        0.09,
      479.12,        0.09,
      479.64,        0.02,
      480.12,        0.03,
      480.60,        0.05,
      481.12,        0.06,
      481.64,        0.07,
      482.16,        0.06,
      482.63,        0.04,
      483.11,        0.07,
      483.63,        0.05,
      484.11,        0.05,
      484.59,        0.06,
      485.11,        0.06,
      485.67,        0.08,
      486.19,        0.09,
      486.71,        0.11,
      487.23,        0.07,
      487.74,        0.01,
      488.26,        0.06,
      488.74,        0.07,
      489.26,        0.03,
      489.78,        0.01,
      490.26,        0.01,
      490.78,       -0.02,
      491.26,        0.01,
      491.74,        0.04,
      492.26,        0.01,
      492.77,       -0.03,
      493.29,       -0.05,
      493.81,       -0.07,
      494.37,       -0.18,
      494.89,       -0.33,
      495.41,       -0.55,
      495.93,       -0.72,
      496.41,       -0.73,
      496.93,       -0.76,
      497.41,       -0.76,
      497.92,       -0.76,
      498.40,       -0.76,
      498.92,       -0.75,
      499.40,       -0.77,
      499.92,       -0.75,
      500.40,       -0.71,
      500.92,       -0.71,
      501.44,       -0.71,
      501.96,       -0.70,
      502.48,       -0.64,
      502.99,       -0.61,
      503.55,       -0.53,
      504.03,       -0.50,
      504.55,       -0.50,
      505.03,       -0.50,
      505.51,       -0.41,
      506.03,       -0.38,
      506.55,       -0.35,
      507.07,       -0.28,
      507.54,       -0.25,
      508.02,       -0.15,
      508.50,       -0.06,
      509.02,       -0.00,
      509.54,        0.11,
      510.10,        0.16,
      510.62,        0.17,
      511.14,        0.24,
      511.66,        0.24,
      512.18,        0.31,
      512.65,        0.37,
      513.13,        0.45,
      513.65,        0.46,
      514.17,        0.44,
      514.69,        0.47,
      515.17,        0.42,
      515.69,        0.42,
      516.17,        0.51,
      516.65,        0.51,
      517.17,        0.53,
      517.68,        0.55,
      518.24,        0.55,
      518.76,        0.60,
      519.28,        0.61,
      519.80,        0.64,
      520.32,        0.69,
      520.76,        0.69,
      521.28,        0.69,
      521.80,        0.71,
      522.32,        0.74,
      522.79,        0.78,
      523.31,        0.76,
      523.79,        0.80,
      524.27,        0.81,
      524.75,        0.80,
      525.31,        0.81,
      525.83,        0.80,
      526.35,        0.79,
      526.87,        0.77,
      527.39,        0.75,
      527.86,        0.76,
      528.34,        0.76,
      528.86,        0.76,
      529.38,        0.76,
      529.90,        0.68,
      530.38,        0.65,
      530.90,        0.35,
      531.38,       -0.02,
      531.86,       -0.41,
      532.38,       -0.86,
      532.89,       -1.24,
      533.41,       -1.55,
      533.93,       -1.82,
      534.45,       -1.89,
      535.01,       -2.07,
      535.53,       -2.11,
      536.01,       -2.23,
      536.53,       -2.44,
      537.01,       -2.49,
      537.53,       -2.68,
      538.04,       -2.78,
      538.56,       -2.88,
      539.08,       -3.02,
      539.56,       -3.08,
      540.04,       -3.13,
      540.52,       -3.14,
      541.04,       -3.17,
      541.60,       -3.17,
      542.12,       -3.18,
      542.63,       -3.23,
      543.15,       -3.31,
      543.67,       -3.32,
      544.19,       -3.30,
      544.67,       -3.21,
      545.19,       -3.14,
      545.67,       -3.08,
      546.19,       -3.06,
      546.71,       -3.08,
      547.23,       -3.14,
      547.70,       -3.15,
      548.18,       -3.17,
      548.66,       -3.17,
      549.22,       -3.15,
      549.82,       -3.14,
      550.34,       -3.09,
      550.86,       -3.05,
      551.38,       -3.04,
      551.90,       -3.00,
      552.42,       -2.94,
      552.89,       -2.93,
      553.41,       -2.86,
      553.93,       -2.83,
      554.41,       -2.83,
      554.93,       -2.78,
      555.41,       -2.78,
      555.93,       -2.77,
      556.41,       -2.69,
      556.89,       -2.64,
      557.45,       -2.64,
      557.96,       -2.61,
      558.48,       -2.53,
      559.00,       -2.52,
      559.52,       -2.52,
      560.04,       -2.47,
      560.52,       -2.44,
      561.00,       -2.43,
      561.52,       -2.36,
      562.04,       -2.33,
      562.55,       -2.27,
      563.03,       -2.24,
      563.55,       -2.20,
      564.03,       -2.16,
      564.51,       -2.10,
      565.03,       -2.02,
      565.55,       -2.02,
      566.11,       -2.00,
      566.59,       -2.01,
      567.11,       -1.99,
      567.62,       -1.96,
      568.14,       -1.94,
      568.62,       -1.86,
      569.10,       -1.83,
      569.62,       -1.77,
      570.14,       -1.75,
      570.66,       -1.73,
      571.14,       -1.68,
      571.62,       -1.68,
      572.10,       -1.68,
      572.65,       -1.60,
      573.13,       -1.57,
      573.73,       -1.57,
      574.21,       -1.57,
      574.73,       -1.55,
      575.25,       -1.46,
      575.77,       -1.42,
      576.25,       -1.42,
      576.73,       -1.32,
      577.25,       -1.27,
      577.76,       -1.25,
      578.28,       -1.21,
      578.76,       -1.19,
      579.24,       -1.12,
      579.76,       -1.08,
      580.24,       -1.07,
      580.76,       -1.03,
      581.24,       -0.98,
      581.76,       -0.95,
      582.28,       -0.86,
      582.83,       -0.82,
      583.35,       -0.81,
      583.83,       -0.81,
      584.35,       -0.80,
      584.83,       -0.72,
      585.35,       -0.66,
      585.87,       -0.63,
      586.39,       -0.55,
      586.87,       -0.50,
      587.35,       -0.48,
      587.86,       -0.46,
      588.34,       -0.42,
      588.82,       -0.37,
      589.34,       -0.32,
      589.90,       -0.29,
      590.42,       -0.24,
      590.94,       -0.18,
      591.46,       -0.11,
      591.94,       -0.03,
      592.42,        0.01,
      592.93,        0.07,
      593.41,        0.11,
      593.97,        0.15,
      594.45,        0.14,
      594.97,        0.15,
      595.45,        0.15,
      595.93,        0.15,
      596.41,        0.17,
      596.89,        0.17,
      597.45,        0.14,
      597.96,        0.11,
      598.48,        0.11,
      599.04,        0.11,
      599.52,        0.19,
      600.04,        0.23,
      600.52,        0.24,
      601.04,        0.24,
      601.52,        0.25,
      602.04,        0.24,
      602.56,        0.24,
      603.07,        0.24,
      603.55,        0.29,
      604.03,        0.34,
      604.51,        0.34,
      605.03,        0.30,
      605.55,        0.32,
      606.07,        0.36,
      606.63,        0.37,
      607.15,        0.42,
      607.66,        0.43,
      608.14,        0.48,
      608.62,        0.48,
      609.14,        0.51,
      609.66,        0.51,
      610.18,        0.54,
      610.66,        0.49,
      611.18,        0.55,
      611.62,        0.55,
      612.10,        0.54,
      612.61,        0.58,
      613.13,        0.53,
      613.69,        0.56,
      614.21,        0.56,
      614.73,        0.56,
      615.25,        0.54,
      615.77,        0.50,
      616.25,        0.54,
      616.73,        0.48,
      617.25,        0.52,
      617.76,        0.46,
      618.24,        0.36,
      618.76,        0.32,
      619.24,        0.09,
      619.72,       -0.04,
      620.20,       -0.30,
      620.72,       -0.66,
      621.24,       -0.86,
      621.80,       -1.25,
      622.32,       -1.63,
      622.83,       -1.99,
      623.35,       -2.26,
      623.83,       -2.30,
      624.35,       -2.36,
      624.83,       -2.46,
      625.31,       -2.61,
      625.83,       -2.75,
      626.35,       -2.85,
      626.83,       -2.95,
      627.35,       -3.07,
      627.82,       -3.20,
      628.30,       -3.34,
      628.82,       -3.39,
      629.34,       -3.47,
      629.86,       -3.48,
      630.38,       -3.55,
      630.94,       -3.57,
      631.46,       -3.59,
      631.98,       -3.60,
      632.46,       -3.60,
      632.93,       -3.57,
      633.45,       -3.59,
      633.97,       -3.64,
      634.45,       -3.64,
      634.97,       -3.66,
      635.45,       -3.68,
      635.93,       -3.65,
      636.41,       -3.60,
      636.93,       -3.56,
      637.49,       -3.52,
      638.00,       -3.54,
      638.52,       -3.54,
      639.04,       -3.55,
      639.60,       -3.56,
      640.08,       -3.52,
      640.56,       -3.45,
      641.08,       -3.43,
      641.56,       -3.43,
      642.08,       -3.37,
      642.59,       -3.31,
      643.07,       -3.30,
      643.55,       -3.30,
      644.03,       -3.26,
      644.55,       -3.23,
      645.07,       -3.17,
      645.59,       -3.13,
      646.15,       -3.13,
      646.67,       -3.10,
      647.19,       -3.08,
      647.70,       -3.06,
      648.22,       -3.04,
      648.70,       -3.02,
      649.22,       -2.94,
      649.70,       -2.87,
      650.22,       -2.82,
      650.70,       -2.76,
      651.22,       -2.69,
      651.70,       -2.64,
      652.18,       -2.63,
      652.69,       -2.59,
      653.21,       -2.53,
      653.73,       -2.51,
      654.29,       -2.48,
      654.81,       -2.48,
      655.33,       -2.42,
      655.85,       -2.35,
      656.37,       -2.31,
      656.85,       -2.29,
      657.37,       -2.31,
      657.88,       -2.31,
      658.40,       -2.26,
      658.88,       -2.25,
      659.40,       -2.25,
      659.88,       -2.21,
      660.36,       -2.19,
      660.88,       -2.13,
      661.40,       -2.08,
      661.96,       -2.05,
      662.48,       -2.00,
      662.99,       -2.00,
      663.51,       -1.95,
      664.03,       -1.90,
      664.55,       -1.86,
      665.03,       -1.84,
      665.51,       -1.82,
      666.03,       -1.79,
      666.55,       -1.74,
      667.03,       -1.75,
      667.55,       -1.73,
      668.02,       -1.68,
      668.50,       -1.68,
      669.02,       -1.66,
      669.58,       -1.60,
      670.10,       -1.58,
      670.62,       -1.55,
      671.14,       -1.54,
      671.70,       -1.48,
      672.18,       -1.40,
      672.69,       -1.38,
      673.17,       -1.32,
      673.65,       -1.29,
      674.17,       -1.29,
      674.69,       -1.24,
      675.21,       -1.25,
      675.69,       -1.25,
      676.17,       -1.26,
      676.69,       -1.32,
      677.21,       -1.31,
      677.72,       -1.32,
      678.24,       -1.31,
      678.76,       -1.27,
      679.32,       -1.25,
      679.84,       -1.22,
      680.32,       -1.20,
      680.84,       -1.22,
      681.32,       -1.20,
      681.84,       -1.15,
      682.36,       -1.07,
      682.83,       -1.05,
      683.35,       -1.05,
      683.83,       -1.00,
      684.31,       -1.01,
      684.83,       -0.98,
      685.35,       -0.95,
      685.91,       -0.95,
      686.43,       -0.87,
      686.95,       -0.85,
      687.47,       -0.82,
      687.98,       -0.82,
      688.50,       -0.81,
      688.98,       -0.78,
      689.50,       -0.74,
      689.98,       -0.72,
      690.50,       -0.67,
      691.02,       -0.69,
      691.50,       -0.68,
      691.98,       -0.64,
      692.50,       -0.63,
      693.01,       -0.58,
      693.53,       -0.57,
      694.05,       -0.57,
      694.57,       -0.58,
      695.09,       -0.58,
      695.61,       -0.55,
      696.13,       -0.54,
      696.65,       -0.53,
      697.17,       -0.51,
      697.68,       -0.48,
      698.16,       -0.50,
      698.68,       -0.53,
      699.16,       -0.50,
      699.68,       -0.50,
      700.16,       -0.55,
      700.68,       -0.54,
      701.20,       -0.48,
      701.72,       -0.44,
      702.24,       -0.41,
      702.75,       -0.37,
      703.27,       -0.38,
      703.83,       -0.33,
      704.31,       -0.33,
      704.83,       -0.27,
      705.35,       -0.20,
      705.87,       -0.20,
      706.35,       -0.21,
      706.87,       -0.15,
      707.35,       -0.11,
      707.86,       -0.04,
      708.34,        0.03,
      708.86,        0.07,
      709.38,        0.07,
      709.90,        0.01,
      710.42,        0.02,
      710.98,        0.02,
      711.50,        0.06,
      712.02,        0.07,
      712.54,        0.11,
      713.01,        0.13,
      713.53,        0.15,
      714.05,        0.19,
      714.53,        0.20,
      715.05,        0.24,
      715.53,        0.29,
      716.05,        0.36,
      716.53,        0.39,
      717.05,        0.44,
      717.57,        0.51,
      718.08,        0.58,
      718.60,        0.63,
      719.12,        0.70,
      719.68,        0.69,
      720.20,        0.69,
      720.68,        0.74,
      721.20,        0.81,
      721.72,        0.89,
      722.20,        0.93,
      722.71,        0.97,
      723.19,        1.05,
      723.71,        1.11,
      724.19,        1.11,
      724.67,        1.14,
      725.19,        1.20,
      725.71,        1.24,
      726.27,        1.26,
      726.75,        1.28,
      727.31,        1.28,
      727.82,        1.31,
      728.30,        1.40,
      728.82,        1.42,
      729.30,        1.46,
      729.82,        1.44,
      730.34,        1.46,
      730.82,        1.48,
      731.34,        1.44,
      731.82,        1.42,
      732.30,        1.33,
      732.81,        1.25,
      733.29,        1.16,
      733.85,        1.03,
      734.37,        0.96,
      734.89,        0.97,
      735.41,        0.95,
      735.93,        0.97,
      736.41,        0.99,
      736.89,        0.99,
      737.41,        0.98,
      737.92,        0.91,
      738.44,        0.92,
      738.92,        0.89,
      739.40,        0.90,
      739.88,        0.94,
      740.40,        0.92,
      740.88,        0.85,
      741.44,        0.63,
      741.96,        0.46,
      742.48,        0.17,
      742.99,       -0.18,
      743.51,       -0.35,
      744.03,       -0.74,
      744.51,       -1.12,
      744.99,       -1.47,
      745.51,       -1.89,
      746.03,       -2.25,
      746.55,       -2.62,
      747.03,       -3.04,
      747.51,       -3.39,
      747.98,       -3.68,
      748.46,       -3.75,
      749.02,       -3.75,
      749.54,       -3.74,
      750.06,       -3.72,
      750.58,       -3.68,
      751.10,       -3.67,
      751.62,       -3.71,
      752.10,       -3.76,
      752.58,       -3.78,
      753.09,       -3.86,
      753.61,       -3.94,
      754.13,       -4.07,
      754.65,       -4.18,
      755.13,       -4.26,
      755.61,       -4.37,
      756.09,       -4.47,
      756.57,       -4.53,
      757.13,       -4.56,
      757.65,       -4.64,
      758.16,       -4.66,
      758.68,       -4.68,
      759.20,       -4.71,
      759.72,       -4.78,
      760.20,       -4.83,
      760.68,       -4.83,
      761.20,       -4.80,
      761.72,       -4.76,
      762.24,       -4.78,
      762.75,       -4.76,
      763.23,       -4.76,
      763.67,       -4.75,
      764.19,       -4.76,
      764.71,       -4.74,
      765.23,       -4.69,
      765.79,       -4.67,
      766.31,       -4.65,
      766.83,       -4.58,
      767.35,       -4.53,
      767.86,       -4.53,
      768.34,       -4.52,
      768.82,       -4.44,
      769.34,       -4.39,
      769.86,       -4.33,
      770.38,       -4.26,
      770.86,       -4.23,
      771.34,       -4.23,
      771.82,       -4.24,
      772.30,       -4.22,
      772.81,       -4.14,
      773.37,       -4.13,
      773.89,       -4.06,
      774.41,       -4.05,
      774.93,       -4.04,
      775.45,       -4.05,
      775.97,       -4.00,
      776.45,       -3.96,
      776.97,       -3.96,
      777.45,       -3.98,
      777.96,       -3.93,
      778.48,       -3.83,
      778.96,       -3.77,
      779.44,       -3.73,
      779.92,       -3.67,
      780.40,       -3.61,
      780.96,       -3.56,
      781.48,       -3.49,
      782.00,       -3.42,
      782.52,       -3.42,
      783.03,       -3.37,
      783.55,       -3.31,
      784.07,       -3.29,
      784.55,       -3.25,
      785.07,       -3.18,
      785.55,       -3.14,
      786.07,       -3.06,
      786.55,       -3.05,
      787.07,       -3.05,
      787.55,       -3.02,
      788.02,       -2.94,
      788.50,       -2.90,
      789.06,       -2.86,
      789.58,       -2.82,
      790.10,       -2.73,
      790.62,       -2.62,
      791.14,       -2.56,
      791.66,       -2.51,
      792.18,       -2.47,
      792.66,       -2.47,
      793.13,       -2.45,
      793.65,       -2.40,
      794.17,       -2.35,
      794.65,       -2.36,
      795.17,       -2.32,
      795.65,       -2.27,
      796.13,       -2.21,
      796.65,       -2.10,
      797.17,       -2.05,
      797.68,       -2.05,
      798.24,       -2.04,
      798.76,       -1.95,
      799.28,       -1.90,
      799.80,       -1.90,
      800.28,       -1.86,
      800.76,       -1.86,
      801.28,       -1.85,
      801.80,       -1.85,
      802.28,       -1.82,
      802.79,       -1.82,
      803.27,       -1.80,
      803.75,       -1.77,
      804.27,       -1.77,
      804.79,       -1.76,
      805.31,       -1.81,
      805.83,       -1.79,
      806.39,       -1.80,
      806.91,       -1.80,
      807.43,       -1.73,
      807.94,       -1.67,
      808.42,       -1.61,
      808.86,       -1.56,
      809.38,       -1.55,
      809.90,       -1.47,
      810.42,       -1.45,
      810.90,       -1.46,
      811.38,       -1.43,
      811.86,       -1.37,
      812.38,       -1.31,
      812.89,       -1.21,
      813.41,       -1.20,
      813.97,       -1.22,
      814.49,       -1.19,
      815.01,       -1.21,
      815.53,       -1.15,
      816.01,       -1.14,
      816.49,       -1.11,
      816.97,       -1.06,
      817.49,       -1.06,
      818.00,       -1.01,
      818.48,       -1.01,
      819.00,       -0.98,
      819.48,       -0.93,
      819.96,       -0.94,
      820.48,       -0.93,
      821.00,       -0.88,
      821.52,       -0.86,
      822.04,       -0.85,
      822.60,       -0.84,
      823.11,       -0.84,
      823.59,       -0.78,
      824.03,       -0.76,
      824.55,       -0.70,
      825.03,       -0.63,
      825.55,       -0.63,
      826.07,       -0.61,
      826.55,       -0.59,
      827.07,       -0.59,
      827.55,       -0.46,
      828.02,       -0.46,
      828.54,       -0.42,
      829.06,       -0.40,
      829.62,       -0.42,
      830.14,       -0.37,
      830.66,       -0.34,
      831.18,       -0.32,
      831.62,       -0.32,
      832.14,       -0.35,
      832.62,       -0.34,
      833.09,       -0.37,
      833.61,       -0.33,
      834.13,       -0.32,
      834.65,       -0.39,
      835.13,       -0.44,
      835.61,       -0.46,
      836.13,       -0.46,
      836.65,       -0.42,
      837.17,       -0.42,
      837.68,       -0.37,
      838.20,       -0.34,
      838.72,       -0.29,
      839.20,       -0.28,
      839.68,       -0.21,
      840.20,       -0.13,
      840.68,       -0.08,
      841.20,       -0.04,
      841.72,       -0.02,
      842.20,        0.06,
      842.71,        0.12,
      843.19,        0.15,
      843.67,        0.24,
      844.19,        0.25,
      844.75,        0.31,
      845.27,        0.42,
      845.79,        0.43,
      846.31,        0.50,
      846.83,        0.48,
      847.31,        0.50,
      847.78,        0.58,
      848.30,        0.60,
      848.78,        0.70,
      849.30,        0.72,
      849.82,        0.78,
      850.30,        0.85,
      850.82,        0.85,
      851.30,        0.94,
      851.78,        0.94,
      852.30,        0.96,
      852.81,        1.02,
      853.33,        1.03,
      853.85,        1.09,
      854.37,        1.07,
      854.89,        1.14,
      855.41,        1.16,
      855.89,        1.17,
      856.37,        1.21,
      856.89,        1.19,
      857.37,        1.25,
      857.88,        1.21,
      858.40,        1.25,
      858.88,        1.27,
      859.36,        1.26,
      859.88,        1.31,
      860.36,        1.31,
      860.88,        1.35,
      861.44,        1.35,
      861.92,        1.33,
      862.44,        1.33,
      862.95,        1.31,
      863.47,        1.14,
      863.95,        1.03,
      864.43,        0.82,
      864.95,        0.72,
      865.47,        0.76,
      865.95,        0.75,
      866.47,        0.76,
      866.95,        0.81,
      867.47,        0.84,
      867.94,        0.83,
      868.46,        0.85,
      868.98,        0.85,
      869.50,        0.86,
      870.02,        0.88,
      870.54,        0.88,
      871.06,        0.90,
      871.58,        0.90,
      872.06,        0.98,
      872.54,        0.99,
      873.05,        1.03,
      873.57,        1.07,
      874.05,        1.05,
      874.57,        1.14,
      875.05,        1.09,
      875.57,        1.12,
      876.05,        1.16,
      876.57,        1.13,
      877.05,        1.25,
      877.61,        1.25,
      878.12,        1.25,
      878.64,        1.29,
      879.16,        1.21,
      879.68,        1.27,
      880.16,        1.25,
      880.64,        1.25,
      881.16,        1.29,
      881.68,        1.24,
      882.20,        1.17,
      882.68,        1.02,
      883.15,        0.69,
      883.63,        0.30,
      884.15,       -0.07,
      884.63,       -0.42,
      885.19,       -0.73,
      885.71,       -0.84,
      886.23,       -0.94,
      886.75,       -0.91,
      887.27,       -0.94,
      887.74,       -1.03,
      888.26,       -1.02,
      888.74,       -1.09,
      889.26,       -1.10,
      889.78,       -1.11,
      890.26,       -1.18,
      890.78,       -1.17,
      891.26,       -1.21,
      891.74,       -1.27,
      892.22,       -1.19,
      892.70,       -1.31,
      893.21,       -1.31,
      893.77,       -1.30,
      894.29,       -1.38,
      894.81,       -1.42,
      895.33,       -1.44,
      895.85,       -1.52,
      896.33,       -1.52,
      896.85,       -1.53,
      897.33,       -1.65,
      897.84,       -1.68,
      898.36,       -1.81,
      898.84,       -1.87,
      899.32,       -1.92,
      899.80,       -2.11,
      900.32,       -2.18,
      900.84,       -2.17,
      901.36,       -2.40,
      901.92,       -2.48,
      902.44,       -2.50,
      902.95,       -2.74,
      903.47,       -2.80,
      903.95,       -2.90,
      904.43,       -3.08,
      904.95,       -3.10,
      905.47,       -3.22,
      905.99,       -3.36,
      906.47,       -3.39,
      906.95,       -3.55,
      907.43,       -3.63,
      907.94,       -3.74,
      908.46,       -3.87,
      908.98,       -3.96,
      909.50,       -4.03,
      910.06,       -4.13,
      910.58,       -4.24,
      911.10,       -4.31,
      911.62,       -4.43,
      912.10,       -4.57,
      912.58,       -4.70,
      913.09,       -4.83,
      913.61,       -4.92,
      914.13,       -4.92,
      914.61,       -4.83,
      915.09,       -4.95,
      915.57,       -4.95,
      916.09,       -4.92,
      916.61,       -4.87,
      917.13,       -4.85,
      917.65,       -4.79,
      918.20,       -4.74,
      918.72,       -4.71,
      919.24,       -4.71,
      919.72,       -4.76,
      920.20,       -4.69,
      920.68,       -4.58,
      921.20,       -4.65,
      921.72,       -4.46,
      922.20,       -4.41,
      922.72,       -4.39,
      923.19,       -4.32,
      923.67,       -4.26,
      924.19,       -4.26,
      924.71,       -4.14,
      925.23,       -4.09,
      925.75,       -4.09,
      926.31,       -3.96,
      926.83,       -3.96,
      927.31,       -3.86,
      927.78,       -3.75,
      928.26,       -3.80,
      928.78,       -3.69,
      929.30,       -3.62,
      929.78,       -3.74,
      930.30,       -3.59,
      930.78,       -3.59,
      931.30,       -3.69,
      931.78,       -3.53,
      932.26,       -3.55,
      932.81,       -3.51,
      933.33,       -3.35,
      933.89,       -3.36,
      934.41,       -3.34,
      934.93,       -3.29,
      935.41,       -3.47,
      935.89,       -3.37,
      936.41,       -3.33,
      936.93,       -3.44,
      937.41,       -3.32,
      937.92,       -3.39,
      938.40,       -3.46,
      938.92,       -3.29,
      939.40,       -3.36,
      939.88,       -3.31,
      940.40,       -3.18,
      940.92,       -3.31,
      941.48,       -3.19,
      942.00,       -3.14,
      942.52,       -3.29,
      943.03,       -3.15,
      943.51,       -3.17,
      943.99,       -3.30,
      944.51,       -3.17,
      944.99,       -3.20,
      945.51,       -3.18,
      946.03,       -3.08,
      946.51,       -3.18,
      947.03,       -3.11,
      947.51,       -3.01,
      947.98,       -3.03,
      948.50,       -2.89,
      949.06,       -2.85,
      949.58,       -2.88,
      950.10,       -2.74,
      950.62,       -2.77,
      951.14,       -2.73,
      951.66,       -2.58,
      952.14,       -2.65,
      952.62,       -2.53,
      953.13,       -2.48,
      953.65,       -2.51,
      954.17,       -2.40,
      954.65,       -2.38,
      955.13,       -2.43,
      955.65,       -2.31,
      956.13,       -2.37,
      956.65,       -2.31,
      957.21,       -2.23,
      957.73,       -2.25,
      958.24,       -2.14,
      958.76,       -2.12,
      959.28,       -2.16,
      959.80,       -2.03,
      960.24,       -2.01,
      960.76,       -1.99,
      961.28,       -1.86,
      961.80,       -1.91,
      962.28,       -1.86,
      962.79,       -1.77,
      963.27,       -1.81,
      963.75,       -1.73,
      964.27,       -1.71,
      964.79,       -1.75,
      965.35,       -1.63,
      965.87,       -1.62,
      966.39,       -1.60,
      966.91,       -1.54,
      967.43,       -1.61,
      967.94,       -1.54,
      968.42,       -1.51,
      968.90,       -1.51,
      969.42,       -1.46,
      969.94,       -1.48,
      970.46,       -1.46,
      970.98,       -1.39,
      971.46,       -1.43,
      971.94,       -1.38,
      972.46,       -1.38,
      972.97,       -1.40,
      973.53,       -1.30,
      974.05,       -1.33,
      974.57,       -1.34,
      975.13,       -1.28,
      975.61,       -1.29,
      976.13,       -1.29,
      976.65,       -1.29,
      977.17,       -1.30,
      977.69,       -1.24,
      978.16,       -1.25,
      978.68,       -1.25,
      979.16,       -1.20,
      979.68,       -1.24,
      980.16,       -1.23,
      980.68,       -1.21,
      981.20,       -1.21,
      981.76,       -1.22,
      982.28,       -1.24,
      982.79,       -1.25,
      983.31,       -1.25,
      983.83,       -1.25,
      984.35,       -1.23,
      984.87,       -1.31,
      985.39,       -1.40,
      985.91,       -1.70,
      986.39,       -1.92,
      986.91,       -2.14,
      987.39,       -2.53,
      987.90,       -2.74,
      988.38,       -3.07,
      988.90,       -3.43,
      989.46,       -3.72,
      989.98,       -4.00,
      990.50,       -4.32,
      991.02,       -4.57,
      991.54,       -4.85,
      992.06,       -5.16,
      992.58,       -5.40,
      993.09,       -5.66,
      993.57,       -5.78,
      994.09,       -5.78,
      994.61,       -5.79,
      995.09,       -5.78,
      995.61,       -5.73,
      996.09,       -5.69,
      996.61,       -5.64,
      997.13,       -5.66,
      997.65,       -5.70,
      998.20,       -5.75,
      998.68,       -5.73,
      999.20,       -5.75,
      999.72,       -5.73,
     1000.24,       -5.75,
     1000.76,       -5.80,
     1001.28,       -5.82,
     1001.76,       -5.79,
     1002.28,       -5.72,
     1002.79,       -5.70,
     1003.27,       -5.70,
     1003.79,       -5.69,
     1004.27,       -5.69,
     1004.79,       -5.70,
     1005.31,       -5.70,
     1005.83,       -5.65,
     1006.35,       -5.62,
     1006.87,       -5.57,
     1007.43,       -5.51,
     1007.94,       -5.51,
     1008.46,       -5.49,
     1008.94,       -5.45,
     1009.46,       -5.44,
     1009.98,       -5.38,
     1010.50,       -5.38,
     1010.98,       -5.38,
     1011.46,       -5.35,
     1011.98,       -5.35,
     1012.50,       -5.31,
     1013.01,       -5.26,
     1013.49,       -5.22,
     1014.05,       -5.16,
     1014.57,       -5.10,
     1015.09,       -5.05,
     1015.61,       -5.01,
     1016.13,       -4.96,
     1016.65,       -4.95,
     1017.13,       -4.89,
     1017.65,       -4.84,
     1018.16,       -4.81,
     1018.64,       -4.75,
     1019.16,       -4.74,
     1019.64,       -4.69,
     1020.16,       -4.63,
     1020.68,       -4.59,
     1021.16,       -4.54,
     1021.72,       -4.48,
     1022.24,       -4.42,
     1022.76,       -4.40,
     1023.27,       -4.32,
     1023.79,       -4.31,
     1024.31,       -4.27,
     1024.83,       -4.21,
     1025.35,       -4.17,
     1025.87,       -4.11,
     1026.35,       -4.08,
     1026.87,       -4.01,
     1027.35,       -3.97,
     1027.86,       -3.91,
     1028.38,       -3.87,
     1028.86,       -3.82,
     1029.38,       -3.79,
     1029.90,       -3.74,
     1030.42,       -3.69,
     1030.98,       -3.65,
     1031.50,       -3.59,
     1032.02,       -3.56,
     1032.54,       -3.56,
     1033.01,       -3.47,
     1033.53,       -3.43,
     1034.05,       -3.39,
     1034.53,       -3.38,
     1035.05,       -3.33,
     1035.53,       -3.28,
     1036.05,       -3.26,
     1036.53,       -3.26,
     1037.05,       -3.18,
     1037.57,       -3.15,
     1038.12,       -3.08,
     1038.64,       -3.04,
     1039.16,       -3.02,
     1039.68,       -2.98,
     1040.20,       -2.95,
     1040.72,       -2.93,
     1041.24,       -2.92,
     1041.72,       -2.89,
     1042.24,       -2.85,
     1042.76,       -2.86,
     1043.23,       -2.80,
     1043.75,       -2.82,
     1044.19,       -2.82,
     1044.71,       -2.78,
     1045.27,       -2.80,
     1045.79,       -2.80,
     1046.31,       -2.78,
     1046.83,       -2.81,
     1047.39,       -2.84,
     1047.90,       -2.86,
     1048.42,       -2.99,
     1048.90,       -3.20,
     1049.42,       -3.48,
     1049.94,       -3.90,
     1050.42,       -4.32,
     1050.94,       -4.76,
     1051.42,       -5.22,
     1051.90,       -5.68,
     1052.42,       -6.13,
     1052.93,       -6.59,
     1053.45,       -6.99,
     1053.97,       -7.37,
     1054.49,       -7.58,
     1055.05,       -7.82,
     1055.57,       -8.09,
     1056.09,       -8.37,
     1056.61,       -8.54,
     1057.09,       -8.68,
     1057.61,       -8.76,
     1058.12,       -8.79,
     1058.60,       -8.85,
     1059.12,       -8.93,
     1059.60,       -8.98,
     1060.08,       -8.95,
     1060.60,       -8.98,
     1061.12,       -9.00,
     1061.68,       -8.97,
     1062.20,       -8.96,
     1062.72,       -8.92,
     1063.23,       -8.89,
     1063.75,       -8.84,
     1064.27,       -8.81,
     1064.79,       -8.79,
     1065.31,       -8.74,
     1065.79,       -8.68,
     1066.31,       -8.61,
     1066.83,       -8.55,
     1067.31,       -8.49,
     1067.79,       -8.43,
     1068.30,       -8.39,
     1068.82,       -8.33,
     1069.34,       -8.27,
     1069.86,       -8.18,
     1070.38,       -8.06,
     1070.94,       -7.97,
     1071.46,       -7.91,
     1071.98,       -7.87,
     1072.50,       -7.82,
     1072.97,       -7.76,
     1073.49,       -7.74,
     1074.01,       -7.70,
     1074.53,       -7.66,
     1075.01,       -7.59,
     1075.49,       -7.51,
     1076.01,       -7.43,
     1076.49,       -7.35,
     1077.05,       -7.28,
     1077.57,       -7.21,
     1078.08,       -7.15,
     1078.60,       -7.09,
     1079.12,       -7.02,
     1079.68,       -6.95,
     1080.16,       -6.90,
     1080.68,       -6.91,
     1081.20,       -6.84,
     1081.68,       -6.77,
     1082.20,       -6.78,
     1082.68,       -6.79,
     1083.19,       -6.73,
     1083.67,       -6.74,
     1084.15,       -6.68,
     1084.67,       -6.61,
     1085.19,       -6.57,
     1085.71,       -6.49,
     1086.27,       -6.40,
     1086.79,       -6.32,
     1087.35,       -6.23,
     1087.86,       -6.14,
     1088.38,       -6.07,
     1088.90,       -6.01,
     1089.38,       -5.95,
     1089.90,       -5.88,
     1090.38,       -5.82,
     1090.86,       -5.75,
     1091.38,       -5.66,
     1091.86,       -5.59,
     1092.38,       -5.57,
     1092.89,       -5.48,
     1093.41,       -5.39,
     1093.97,       -5.31,
     1094.49,       -5.20,
     1095.01,       -5.14,
     1095.53,       -5.13,
     1096.05,       -5.06,
     1096.57,       -5.03,
     1097.09,       -4.96,
     1097.61,       -4.93,
     1098.08,       -4.84,
     1098.60,       -4.76,
     1099.12,       -4.74,
     1099.60,       -4.71,
     1100.12,       -4.69,
     1100.64,       -4.63,
     1101.16,       -4.59,
     1101.68,       -4.52,
     1102.20,       -4.48,
     1102.76,       -4.42,
     1103.27,       -4.39,
     1103.79,       -4.35,
     1104.31,       -4.26,
     1104.79,       -4.16,
     1105.31,       -4.08,
     1105.79,       -4.04,
     1106.31,       -3.99,
     1106.79,       -3.96,
     1107.27,       -3.91,
     1107.79,       -3.87,
     1108.30,       -3.83,
     1108.82,       -3.77,
     1109.34,       -3.69,
     1109.86,       -3.62,
     1110.42,       -3.56,
     1110.94,       -3.49,
     1111.46,       -3.39,
     1111.98,       -3.34,
     1112.46,       -3.31,
     1112.97,       -3.26,
     1113.45,       -3.20,
     1113.97,       -3.10,
     1114.49,       -3.05,
     1114.97,       -3.05,
     1115.49,       -3.01,
     1115.97,       -3.00,
     1116.49,       -2.91,
     1117.01,       -2.80,
     1117.53,       -2.75,
     1118.08,       -2.73,
     1118.60,       -2.69,
     1119.12,       -2.69,
     1119.64,       -2.68,
     1120.16,       -2.62,
     1120.64,       -2.60,
     1121.12,       -2.58,
     1121.64,       -2.56,
     1122.16,       -2.51,
     1122.64,       -2.45,
     1123.15,       -2.38,
     1123.63,       -2.34,
     1124.15,       -2.32,
     1124.63,       -2.31,
     1125.19,       -2.26,
     1125.71,       -2.21,
     1126.23,       -2.22,
     1126.79,       -2.23,
     1127.31,       -2.20,
     1127.79,       -2.12,
     1128.30,       -2.10,
     1128.78,       -2.12,
     1129.30,       -2.14,
     1129.82,       -2.17,
     1130.30,       -2.22,
     1130.82,       -2.35,
     1131.30,       -2.57,
     1131.78,       -2.82,
     1132.30,       -3.03,
     1132.82,       -3.11,
     1133.33,       -3.21,
     1133.89,       -3.25,
     1134.41,       -3.43,
     1134.93,       -3.65,
     1135.45,       -3.96,
     1135.93,       -4.36,
     1136.45,       -4.77,
     1136.93,       -5.14,
     1137.45,       -5.27,
     1137.96,       -5.29,
     1138.44,       -5.32,
     1138.96,       -5.41,
     1139.44,       -5.47,
     1139.92,       -5.44,
     1140.44,       -5.56,
     1141.00,       -5.59,
     1141.52,       -5.62,
     1142.04,       -5.72,
     1142.56,       -5.81,
     1143.07,       -5.78,
     1143.59,       -5.78,
     1144.07,       -5.80,
     1144.59,       -5.79,
     1145.07,       -5.84,
     1145.59,       -5.90,
     1146.11,       -5.91,
     1146.59,       -5.93,
     1147.11,       -5.97,
     1147.59,       -5.95,
     1148.10,       -5.94,
     1148.62,       -5.98,
     1149.14,       -6.00,
     1149.66,       -5.98,
     1150.18,       -6.02,
     1150.74,       -6.01,
     1151.22,       -6.02,
     1151.74,       -6.03,
     1152.22,       -6.05,
     1152.74,       -6.05,
     1153.21,       -6.06,
     1153.73,       -6.05,
     1154.25,       -6.04,
     1154.73,       -6.03,
     1155.21,       -6.04,
     1155.69,       -6.01,
     1156.25,       -6.01,
     1156.77,       -6.00,
     1157.29,       -6.01,
     1157.81,       -6.01,
     1158.36,       -6.01,
     1158.84,       -5.97,
     1159.36,       -5.97,
     1159.84,       -5.93,
     1160.36,       -5.93,
     1160.88,       -5.96,
     1161.40,       -5.96,
     1161.88,       -5.94,
     1162.40,       -5.97,
     1162.88,       -5.98,
     1163.35,       -6.00,
     1163.87,       -5.98,
     1164.39,       -5.95,
     1164.91,       -5.94,
     1165.43,       -5.92,
     1165.99,       -5.93,
     1166.47,       -5.94,
     1166.99,       -5.96,
     1167.51,       -5.94,
     1168.02,       -5.97,
     1168.50,       -6.01,
     1169.02,       -6.01,
     1169.54,       -6.09,
     1170.02,       -6.12,
     1170.54,       -6.18,
     1171.02,       -6.32,
     1171.50,       -6.56,
     1172.02,       -6.80,
     1172.54,       -6.91,
     1173.05,       -6.92,
     1173.61,       -6.97,
     1174.09,       -6.98,
     1174.65,       -6.97,
     1175.17,       -6.89,
     1175.65,       -6.93,
     1176.17,       -6.94,
     1176.69,       -6.94,
     1177.17,       -6.93,
     1177.69,       -6.91,
     1178.20,       -6.90,
     1178.68,       -6.86,
     1179.20,       -6.82,
     1179.68,       -6.80,
     1180.20,       -6.78,
     1180.72,       -6.74,
     1181.24,       -6.72,
     1181.76,       -6.69,
     1182.28,       -6.62,
     1182.80,       -6.53,
     1183.31,       -6.51,
     1183.83,       -6.50,
     1184.31,       -6.49,
     1184.83,       -6.44,
     1185.35,       -6.40,
     1185.83,       -6.33,
     1186.35,       -6.26,
     1186.83,       -6.16,
     1187.31,       -6.10,
     1187.83,       -6.08,
     1188.34,       -6.00,
     1188.86,       -5.94,
     1189.38,       -5.86,
     1189.90,       -5.77,
     1190.42,       -5.67,
     1190.94,       -5.63,
     1191.46,       -5.53,
     1191.94,       -5.44,
     1192.42,       -5.33,
     1192.93,       -5.27,
     1193.45,       -5.23,
     1193.97,       -5.22,
     1194.45,       -5.18,
     1194.93,       -5.14,
     1195.41,       -5.07,
     1195.93,       -5.04,
     1196.45,       -5.00,
     1196.93,       -4.95,
     1197.45,       -4.88,
     1197.96,       -4.86,
     1198.48,       -4.80,
     1199.00,       -4.73,
     1199.48,       -4.69,
     1199.92,       -4.68,
     1200.40,       -4.64,
     1200.92,       -4.60,
     1201.40,       -4.53,
     1201.84,       -4.48,
     1202.28,       -4.40,
     1202.72,       -4.36,
     1203.15,       -4.34,
     1203.59,       -4.26,
     1204.03,       -4.22,
     1204.47,       -4.22,
     1204.95,       -4.22,
     1205.39,       -4.17,
     1205.83,       -4.11,
     1206.27,       -4.07,
     1206.71,       -4.03,
     1207.11,       -3.98,
     1207.47,       -3.98,
     1207.86,       -3.96,
     1208.26,       -3.95,
     1208.58,       -3.91,
     1208.94,       -3.91,
     1209.22,       -3.91,
     1209.54,       -3.86,
     1209.78,       -3.86,
     1210.02,       -3.85,
     1210.22,       -3.82,
     1210.42,       -3.79,
     1210.58,       -3.76,
     1210.70,       -3.75,
     1210.82,       -3.74,
     1210.98,       -3.70,
     1211.06,       -3.69,
     1211.14,       -3.69,
     1211.22,       -3.71,
     1211.26,       -3.71,
     1211.30,       -3.72,
