       -0.00,       -1.33,
        0.04,       -1.36,
        0.04,       -1.34,
        0.12,       -1.33,
        0.16,       -1.32,
        0.20,       -1.33,
        0.28,       -1.34,
        0.36,       -1.32,
        0.40,       -1.29,
        0.48,       -1.27,
        0.56,       -1.23,
        0.64,       -1.22,
        0.68,       -1.24,
        0.72,       -1.25,
        0.80,       -1.23,
        0.88,       -1.22,
        0.96,       -1.22,
        1.04,       -1.20,
        1.12,       -1.22,
        1.20,       -1.20,
        1.32,       -1.19,
        1.40,       -1.16,
        1.48,       -1.19,
        1.56,       -1.21,
        1.68,       -1.18,
        1.80,       -1.20,
        1.92,       -1.20,
        2.04,       -1.20,
        2.16,       -1.18,
        2.31,       -1.19,
        2.43,       -1.16,
        2.59,       -1.14,
        2.79,       -1.16,
        2.95,       -1.15,
        3.15,       -1.16,
        3.35,       -1.20,
        3.55,       -1.15,
        3.75,       -1.18,
        3.95,       -1.16,
        4.15,       -1.15,
        4.35,       -1.17,
        4.59,       -1.16,
        4.79,       -1.18,
        4.99,       -1.18,
        5.23,       -1.12,
        5.47,       -1.12,
        5.71,       -1.12,
        5.91,       -1.11,
        6.15,       -1.12,
        6.39,       -1.12,
        6.63,       -1.11,
        6.91,       -1.12,
        7.19,       -1.07,
        7.42,       -1.08,
        7.70,       -1.02,
        7.98,       -1.03,
        8.26,       -1.03,
        8.50,       -0.99,
        8.78,       -0.99,
        9.02,       -1.05,
        9.30,       -0.95,
        9.58,       -0.98,
        9.86,       -0.98,
       10.10,       -0.91,
       10.38,       -0.97,
       10.66,       -0.90,
       10.94,       -0.87,
       11.22,       -0.91,
       11.54,       -0.80,
       11.82,       -0.80,
       12.10,       -0.78,
       12.37,       -0.68,
       12.65,       -0.74,
       12.93,       -0.62,
       13.21,       -0.60,
       13.49,       -0.67,
       13.81,       -0.55,
       14.09,       -0.59,
       14.37,       -0.59,
       14.73,       -0.52,
       15.05,       -0.60,
       15.37,       -0.54,
       15.69,       -0.54,
       16.01,       -0.56,
       16.33,       -0.50,
       16.65,       -0.52,
       16.97,       -0.51,
       17.28,       -0.46,
       17.60,       -0.48,
       17.92,       -0.43,
       18.24,       -0.42,
       18.60,       -0.48,
       18.92,       -0.43,
       19.24,       -0.43,
       19.60,       -0.42,
       19.96,       -0.38,
       20.32,       -0.37,
       20.64,       -0.35,
       20.96,       -0.35,
       21.28,       -0.41,
       21.64,       -0.37,
       21.96,       -0.38,
       22.28,       -0.37,
       22.59,       -0.36,
       22.95,       -0.42,
       23.31,       -0.39,
       23.67,       -0.39,
       24.07,       -0.42,
       24.43,       -0.35,
       24.79,       -0.37,
       25.19,       -0.34,
       25.55,       -0.31,
       25.91,       -0.34,
       26.27,       -0.30,
       26.67,       -0.31,
       27.07,       -0.33,
       27.46,       -0.28,
       27.82,       -0.35,
       28.22,       -0.33,
       28.58,       -0.29,
       28.94,       -0.29,
       29.34,       -0.23,
       29.70,       -0.25,
       30.06,       -0.32,
       30.42,       -0.24,
       30.78,       -0.30,
       31.18,       -0.27,
       31.58,       -0.23,
       31.94,       -0.28,
       32.33,       -0.22,
       32.73,       -0.24,
       33.13,       -0.21,
       33.49,       -0.17,
       33.89,       -0.25,
       34.25,       -0.23,
       34.65,       -0.20,
       35.01,       -0.22,
       35.41,       -0.16,
       35.81,       -0.15,
       36.21,       -0.17,
       36.61,       -0.12,
       36.97,       -0.15,
       37.36,       -0.13,
       37.72,       -0.10,
       38.08,       -0.10,
       38.48,       -0.06,
       38.84,       -0.07,
       39.24,       -0.08,
       39.68,       -0.06,
       40.12,       -0.09,
       40.52,       -0.07,
       40.92,       -0.07,
       41.36,       -0.11,
       41.72,       -0.07,
       42.12,       -0.07,
       42.51,       -0.08,
       42.87,       -0.03,
       43.31,       -0.05,
       43.75,       -0.02,
       44.19,       -0.02,
       44.59,       -0.02,
       44.95,       -0.01,
       45.35,        0.00,
       45.75,        0.05,
       46.15,        0.10,
       46.55,        0.09,
       46.95,        0.10,
       47.34,        0.10,
       47.78,        0.10,
       48.22,        0.11,
       48.66,        0.13,
       49.10,        0.12,
       49.50,        0.16,
       49.94,        0.16,
       50.34,        0.17,
       50.74,        0.20,
       51.14,        0.20,
       51.54,        0.20,
       51.98,        0.20,
       52.41,        0.22,
       52.81,        0.24,
       53.25,        0.23,
       53.65,        0.24,
       54.05,        0.24,
       54.49,        0.21,
       54.89,        0.24,
       55.33,        0.26,
       55.77,        0.24,
       56.25,        0.24,
       56.69,        0.24,
       57.13,        0.24,
       57.56,        0.23,
       58.00,        0.24,
       58.44,        0.24,
       58.84,        0.23,
       59.28,        0.22,
       59.72,        0.20,
       60.16,        0.15,
       60.60,        0.07,
       61.04,       -0.02,
       61.48,       -0.23,
       61.92,       -0.50,
       62.31,       -0.75,
       62.75,       -1.11,
       63.19,       -1.39,
       63.63,       -1.68,
       64.07,       -2.05,
       64.55,       -2.35,
       64.99,       -2.50,
       65.47,       -2.52,
       65.91,       -2.54,
       66.35,       -2.54,
       66.79,       -2.55,
       67.23,       -2.55,
       67.66,       -2.56,
       68.10,       -2.56,
       68.58,       -2.54,
       69.02,       -2.56,
       69.42,       -2.58,
       69.86,       -2.56,
       70.30,       -2.57,
       70.70,       -2.58,
       71.14,       -2.57,
       71.62,       -2.60,
       72.10,       -2.59,
       72.53,       -2.58,
       73.01,       -2.57,
       73.49,       -2.59,
       73.93,       -2.59,
       74.37,       -2.59,
       74.81,       -2.57,
       75.25,       -2.59,
       75.69,       -2.61,
       76.13,       -2.61,
       76.57,       -2.58,
       77.01,       -2.56,
       77.44,       -2.55,
       77.84,       -2.53,
       78.28,       -2.54,
       78.72,       -2.54,
       79.16,       -2.50,
       79.60,       -2.48,
       80.08,       -2.47,
       80.56,       -2.44,
       81.04,       -2.43,
       81.48,       -2.41,
       81.96,       -2.42,
       82.35,       -2.40,
       82.79,       -2.42,
       83.23,       -2.39,
       83.71,       -2.39,
       84.15,       -2.39,
       84.63,       -2.37,
       85.07,       -2.37,
       85.51,       -2.36,
       85.95,       -2.35,
       86.39,       -2.34,
       86.83,       -2.34,
       87.31,       -2.31,
       87.74,       -2.29,
       88.22,       -2.25,
       88.74,       -2.25,
       89.22,       -2.23,
       89.66,       -2.21,
       90.10,       -2.20,
       90.58,       -2.17,
       90.98,       -2.17,
       91.46,       -2.17,
       91.94,       -2.17,
       92.37,       -2.18,
       92.85,       -2.16,
       93.29,       -2.14,
       93.73,       -2.10,
       94.17,       -2.08,
       94.65,       -2.05,
       95.09,       -2.02,
       95.57,       -2.01,
       96.13,       -2.00,
       96.61,       -1.96,
       97.09,       -1.95,
       97.56,       -1.95,
       98.04,       -1.93,
       98.48,       -1.94,
       98.92,       -1.94,
       99.40,       -1.94,
       99.88,       -1.94,
      100.40,       -1.94,
      100.84,       -1.94,
      101.32,       -1.94,
      101.76,       -1.94,
      102.24,       -1.92,
      102.67,       -1.91,
      103.15,       -1.91,
      103.63,       -1.90,
      104.15,       -1.90,
      104.63,       -1.86,
      105.11,       -1.84,
      105.59,       -1.84,
      106.07,       -1.84,
      106.55,       -1.84,
      107.03,       -1.81,
      107.50,       -1.81,
      107.98,       -1.83,
      108.46,       -1.84,
      108.94,       -1.80,
      109.42,       -1.81,
      109.86,       -1.81,
      110.34,       -1.81,
      110.78,       -1.81,
      111.30,       -1.80,
      111.78,       -1.80,
      112.26,       -1.81,
      112.77,       -1.81,
      113.25,       -1.81,
      113.77,       -1.81,
      114.21,       -1.79,
      114.69,       -1.81,
      115.17,       -1.81,
      115.69,       -1.87,
      116.21,       -1.96,
      116.69,       -2.15,
      117.17,       -2.39,
      117.60,       -2.61,
      118.08,       -2.78,
      118.52,       -2.86,
      119.00,       -2.85,
      119.48,       -2.84,
      120.00,       -2.74,
      120.52,       -2.69,
      121.04,       -2.63,
      121.52,       -2.58,
      122.04,       -2.51,
      122.47,       -2.44,
      122.95,       -2.35,
      123.43,       -2.25,
      123.91,       -2.15,
      124.43,       -2.08,
      124.91,       -1.97,
      125.35,       -1.90,
      125.83,       -1.86,
      126.31,       -1.78,
      126.75,       -1.78,
      127.23,       -1.73,
      127.74,       -1.70,
      128.22,       -1.67,
      128.74,       -1.60,
      129.26,       -1.55,
      129.74,       -1.49,
      130.22,       -1.40,
      130.70,       -1.30,
      131.14,       -1.25,
      131.70,       -1.22,
      132.18,       -1.15,
      132.69,       -1.11,
      133.17,       -1.04,
      133.61,       -1.01,
      134.09,       -0.95,
      134.57,       -0.84,
      135.05,       -0.75,
      135.57,       -0.63,
      136.09,       -0.58,
      136.57,       -0.55,
      137.09,       -0.49,
      137.60,       -0.44,
      138.12,       -0.38,
      138.60,       -0.34,
      139.08,       -0.28,
      139.56,       -0.24,
      140.04,       -0.21,
      140.56,       -0.16,
      141.04,       -0.10,
      141.52,       -0.03,
      142.00,        0.02,
      142.47,        0.05,
      142.95,        0.10,
      143.43,        0.15,
      143.95,        0.19,
      144.47,        0.20,
      144.99,        0.19,
      145.51,        0.20,
      145.99,        0.21,
      146.51,        0.27,
      146.95,        0.29,
      147.46,        0.33,
      147.94,        0.34,
      148.42,        0.36,
      148.94,        0.34,
      149.42,        0.33,
      149.90,        0.33,
      150.38,        0.36,
      150.86,        0.36,
      151.42,        0.36,
      151.94,        0.38,
      152.45,        0.43,
      152.93,        0.46,
      153.45,        0.48,
      153.97,        0.53,
      154.45,        0.54,
      154.93,        0.56,
      155.41,        0.57,
      155.89,        0.59,
      156.41,        0.62,
      156.93,        0.60,
      157.40,        0.59,
      157.88,        0.59,
      158.36,        0.59,
      158.84,        0.60,
      159.32,        0.66,
      159.88,        0.70,
      160.40,        0.74,
      160.92,        0.75,
      161.44,        0.75,
      161.96,        0.74,
      162.43,        0.79,
      162.91,        0.83,
      163.39,        0.82,
      163.91,        0.80,
      164.39,        0.79,
      164.91,        0.81,
      165.39,        0.81,
      165.87,        0.82,
      166.35,        0.86,
      166.83,        0.85,
      167.35,        0.88,
      167.86,        0.87,
      168.38,        0.88,
      168.90,        0.97,
      169.42,        0.98,
      169.94,        0.94,
      170.42,        0.92,
      170.90,        0.93,
      171.38,        0.94,
      171.90,        0.90,
      172.37,        0.94,
      172.89,        0.93,
      173.41,        0.93,
      173.89,        0.98,
      174.37,        0.98,
      174.85,        1.00,
      175.33,        1.02,
      175.85,        1.07,
      176.41,        1.12,
      176.93,        1.12,
      177.44,        1.12,
      177.96,        1.12,
      178.40,        1.16,
      178.92,        1.22,
      179.40,        1.21,
      179.88,        1.21,
      180.40,        1.20,
      180.92,        1.18,
      181.44,        1.20,
      181.92,        1.24,
      182.39,        1.25,
      182.87,        1.22,
      183.39,        1.20,
      183.91,        1.17,
      184.43,        1.22,
      184.95,        1.23,
      185.47,        1.23,
      185.95,        1.22,
      186.47,        1.23,
      186.95,        1.29,
      187.42,        1.27,
      187.94,        1.25,
      188.46,        1.18,
      188.94,        1.19,
      189.46,        1.13,
      189.94,        1.16,
      190.42,        1.18,
      190.90,        1.18,
      191.42,        1.20,
      191.94,        1.22,
      192.45,        1.22,
      192.97,        1.25,
      193.49,        1.31,
      194.01,        1.32,
      194.49,        1.33,
      194.97,        1.36,
      195.49,        1.37,
      195.97,        1.42,
      196.49,        1.44,
      197.01,        1.47,
      197.48,        1.46,
      197.96,        1.44,
      198.44,        1.42,
      198.96,        1.44,
      199.48,        1.53,
      200.00,        1.52,
      200.52,        1.52,
      201.04,        1.55,
      201.56,        1.56,
      202.04,        1.56,
      202.55,        1.60,
      203.03,        1.61,
      203.55,        1.62,
      204.07,        1.63,
      204.55,        1.66,
      205.07,        1.68,
      205.55,        1.70,
      206.03,        1.69,
      206.55,        1.71,
      207.03,        1.73,
      207.54,        1.76,
      208.06,        1.77,
      208.58,        1.81,
      209.10,        1.80,
      209.62,        1.81,
      210.14,        1.79,
      210.62,        1.83,
      211.10,        1.88,
      211.62,        1.89,
      212.14,        1.92,
      212.65,        1.93,
      213.13,        1.94,
      213.61,        1.95,
      214.09,        2.00,
      214.61,        2.01,
      215.09,        2.03,
      215.61,        2.04,
      216.13,        2.04,
      216.65,        2.12,
      217.21,        2.14,
      217.68,        2.13,
      218.20,        2.15,
      218.68,        2.15,
      219.20,        2.14,
      219.76,        2.17,
      220.28,        2.16,
      220.80,        2.16,
      221.28,        2.16,
      221.76,        2.19,
      222.28,        2.27,
      222.75,        2.30,
      223.31,        2.27,
      223.79,        2.25,
      224.35,        2.26,
      224.87,        2.32,
      225.39,        2.37,
      225.91,        2.39,
      226.39,        2.43,
      226.91,        2.43,
      227.46,        2.43,
      227.94,        2.46,
      228.46,        2.48,
      228.98,        2.48,
      229.50,        2.43,
      229.98,        2.44,
      230.46,        2.45,
      230.94,        2.45,
      231.50,        2.49,
      232.02,        2.50,
      232.53,        2.51,
      233.09,        2.53,
      233.61,        2.53,
      234.13,        2.48,
      234.61,        2.27,
      235.09,        1.94,
      235.65,        1.59,
      236.17,        1.25,
      236.69,        0.87,
      237.21,        0.52,
      237.68,        0.18,
      238.16,       -0.21,
      238.64,       -0.57,
      239.12,       -0.75,
      239.68,       -0.78,
      240.20,       -0.76,
      240.72,       -0.73,
      241.28,       -0.75,
      241.80,       -0.76,
      242.32,       -0.76,
      242.79,       -0.78,
      243.27,       -0.78,
      243.83,       -0.79,
      244.31,       -0.75,
      244.87,       -0.72,
      245.35,       -0.70,
      245.83,       -0.68,
      246.31,       -0.64,
      246.79,       -0.65,
      247.31,       -0.57,
      247.86,       -0.55,
      248.38,       -0.54,
      248.90,       -0.52,
      249.46,       -0.52,
      249.98,       -0.52,
      250.50,       -0.47,
      250.98,       -0.46,
      251.46,       -0.47,
      251.98,       -0.48,
      252.49,       -0.44,
      253.01,       -0.42,
      253.53,       -0.42,
      253.97,       -0.37,
      254.49,       -0.31,
      254.97,       -0.28,
      255.49,        0.37,
      256.01,       -0.20,
      256.57,       -0.24,
      257.09,       -0.23,
      257.64,       -0.23,
      258.16,       -0.20,
      258.64,       -0.14,
      259.12,       -0.14,
      259.64,       -0.09,
      260.16,       -0.07,
      260.68,       -0.02,
      261.20,        0.01,
      261.68,       -0.04,
      262.16,       -0.05,
      262.63,       -0.04,
      263.15,       -0.01,
      263.67,        0.08,
      264.23,        0.11,
      264.75,        0.08,
      265.31,        0.08,
      265.83,        0.09,
      266.31,        0.12,
      266.83,        0.17,
      267.31,        0.25,
      267.82,        0.29,
      268.34,        0.27,
      268.86,        0.28,
      269.34,        0.28,
      269.82,        0.25,
      270.34,        0.27,
      270.82,        0.30,
      271.34,        0.33,
      271.86,        0.37,
      272.41,        0.36,
      272.93,        0.42,
      273.45,        0.47,
      273.97,        0.50,
      274.49,        0.55,
      274.97,        0.54,
      275.49,        0.56,
      276.01,        0.54,
      276.53,        0.56,
      277.01,        0.59,
      277.52,        0.63,
      278.00,        0.68,
      278.48,        0.68,
      279.00,        0.68,
      279.56,        0.69,
      280.16,        0.68,
      280.68,        0.71,
      281.20,        0.74,
      281.76,        0.77,
      282.28,        0.82,
      282.75,        0.82,
      283.27,        0.81,
      283.79,        0.80,
      284.31,        0.78,
      284.79,        0.81,
      285.31,        0.83,
      285.83,        0.86,
      286.31,        0.93,
      286.79,        0.93,
      287.31,        0.90,
      287.86,        0.95,
      288.38,        0.96,
      288.90,        0.96,
      289.46,        0.98,
      289.98,        1.03,
      290.50,        1.06,
      290.98,        1.07,
      291.50,        1.06,
      292.02,        1.07,
      292.49,        1.08,
      293.01,        1.11,
      293.53,        1.15,
      294.05,        1.14,
      294.53,        1.14,
      295.01,        1.16,
      295.57,        1.19,
      296.09,        1.16,
      296.61,        1.16,
      297.13,        1.15,
      297.68,        1.15,
      298.20,        1.13,
      298.72,        1.12,
      299.24,        1.12,
      299.72,        1.14,
      300.24,        1.15,
      300.76,        1.20,
      301.28,        1.24,
      301.76,        1.25,
      302.28,        1.28,
      302.75,        1.29,
      303.23,        1.32,
      303.79,        1.34,
      304.31,        1.38,
      304.83,        1.42,
      305.39,        1.42,
      305.91,        1.46,
      306.47,        1.50,
      306.95,        1.51,
      307.46,        1.51,
      307.94,        1.55,
      308.46,        1.58,
      308.98,        1.59,
      309.50,        1.56,
      309.98,        1.55,
      310.46,        1.58,
      310.98,        1.58,
      311.50,        1.60,
      312.02,        1.55,
      312.57,        1.55,
      313.09,        1.55,
      313.65,        1.59,
      314.17,        1.68,
      314.69,        1.69,
      315.21,        1.71,
      315.69,        1.72,
      316.21,        1.73,
      316.73,        1.75,
      317.25,        1.72,
      317.72,        1.72,
      318.24,        1.73,
      318.72,        1.77,
      319.24,        1.81,
      319.76,        1.88,
      320.32,        1.88,
      320.88,        1.88,
      321.40,        1.87,
      321.96,        1.85,
      322.47,        1.85,
      322.99,        1.88,
      323.47,        1.90,
      323.99,        1.90,
      324.51,        1.90,
      325.03,        1.91,
      325.55,        1.92,
      326.07,        1.92,
      326.55,        1.94,
      327.07,        1.98,
      327.58,        1.99,
      328.10,        2.03,
      328.62,        2.03,
      329.18,        2.08,
      329.70,        2.14,
      330.26,        2.19,
      330.78,        2.18,
      331.30,        2.20,
      331.82,        2.21,
      332.34,        2.26,
      332.85,        2.26,
      333.37,        2.32,
      333.85,        2.33,
      334.37,        2.31,
      334.85,        2.30,
      335.37,        2.35,
      335.93,        2.43,
      336.53,        2.46,
      337.05,        2.52,
      337.60,        2.58,
      338.12,        2.56,
      338.64,        2.58,
      339.16,        2.56,
      339.68,        2.60,
      340.20,        2.64,
      340.72,        2.62,
      341.20,        2.59,
      341.72,        2.59,
      342.24,        2.59,
      342.71,        2.63,
      343.23,        2.64,
      343.75,        2.63,
      344.27,        2.68,
      344.83,        2.69,
      345.35,        2.72,
      345.87,        2.75,
      346.39,        2.79,
      346.91,        2.83,
      347.46,        2.87,
      347.98,        2.95,
      348.50,        2.99,
      349.06,        3.03,
      349.54,        3.01,
      350.06,        3.09,
      350.58,        3.14,
      351.06,        3.14,
      351.58,        3.17,
      352.10,        3.19,
      352.65,        3.20,
      353.17,        3.23,
      353.73,        3.27,
      354.21,        3.34,
      354.77,        3.36,
      355.29,        3.39,
      355.81,        3.42,
      356.33,        3.41,
      356.85,        3.45,
      357.37,        3.46,
      357.88,        3.51,
      358.36,        3.51,
      358.84,        3.50,
      359.36,        3.56,
      359.88,        3.56,
      360.48,        3.53,
      361.00,        3.50,
      361.56,        3.51,
      362.04,        3.52,
      362.59,        3.47,
      363.11,        3.46,
      363.63,        3.47,
      364.15,        3.44,
      364.67,        3.34,
      365.19,        3.32,
      365.71,        3.32,
      366.19,        3.27,
      366.71,        3.26,
      367.19,        3.26,
      367.70,        3.26,
      368.30,        3.18,
      368.82,        3.13,
      369.34,        3.13,
      369.86,        3.05,
      370.42,        3.02,
      370.94,        2.98,
      371.46,        2.98,
      371.98,        2.91,
      372.49,        2.86,
      373.01,        2.80,
      373.53,        2.69,
      374.05,        2.60,
      374.53,        2.39,
      375.01,        2.21,
      375.53,        1.96,
      376.09,        1.64,
      376.61,        1.30,
      377.13,        0.93,
      377.64,        0.59,
      378.16,        0.28,
      378.72,       -0.03,
      379.24,       -0.29,
      379.76,       -0.63,
      380.24,       -1.02,
      380.76,       -1.39,
      381.28,       -1.73,
      381.80,       -2.03,
      382.32,       -2.32,
      382.79,       -2.63,
      383.31,       -2.85,
      383.83,       -2.95,
      384.39,       -2.92,
      384.91,       -2.94,
      385.47,       -3.02,
      385.99,       -3.10,
      386.51,       -3.19,
      387.07,       -3.29,
      387.54,       -3.36,
      388.06,       -3.47,
      388.58,       -3.53,
      389.10,       -3.52,
      389.62,       -3.55,
      390.10,       -3.56,
      390.62,       -3.56,
      391.10,       -3.61,
      391.62,       -3.59,
      392.18,       -3.61,
      392.69,       -3.59,
      393.21,       -3.60,
      393.73,       -3.61,
      394.29,       -3.62,
      394.81,       -3.65,
      395.33,       -3.65,
      395.81,       -3.56,
      396.33,       -3.52,
      396.85,       -3.47,
      397.37,       -3.43,
      397.88,       -3.39,
      398.36,       -3.34,
      398.88,       -3.26,
      399.36,       -3.18,
      399.92,       -3.13,
      400.44,       -3.05,
      400.96,       -2.99,
      401.48,       -2.91,
      402.04,       -2.83,
      402.55,       -2.73,
      403.07,       -2.62,
      403.55,       -2.51,
      404.07,       -2.40,
      404.59,       -2.24,
      405.11,       -2.11,
      405.63,       -1.98,
      406.15,       -1.86,
      406.63,       -1.77,
      407.11,       -1.69,
      407.62,       -1.60,
      408.18,       -1.50,
      408.66,       -1.39,
      409.22,       -1.30,
      409.78,       -1.20,
      410.34,       -1.14,
      410.86,       -1.10,
      411.38,       -1.05,
      411.86,       -0.98,
      412.38,       -0.88,
      412.89,       -0.78,
      413.41,       -0.73,
      413.93,       -0.70,
      414.41,       -0.65,
      414.93,       -0.63,
      415.41,       -0.59,
      416.01,       -0.55,
      416.49,       -0.51,
      417.09,       -0.46,
      417.60,       -0.38,
      418.16,       -0.33,
      418.68,       -0.28,
      419.20,       -0.20,
      419.72,       -0.15,
      420.24,       -0.11,
      420.76,       -0.03,
      421.28,        0.03,
      421.80,        0.08,
      422.32,        0.11,
      422.79,        0.17,
      423.31,        0.19,
      423.83,        0.29,
      424.31,        0.26,
      424.87,        0.29,
      425.39,        0.31,
      425.99,        0.33,
      426.51,        0.39,
      427.03,        0.44,
      427.58,        0.46,
      428.10,        0.48,
      428.62,        0.51,
      429.14,        0.54,
      429.66,        0.58,
      430.18,        0.62,
      430.66,        0.69,
      431.18,        0.72,
      431.66,        0.72,
      432.18,        0.75,
      432.73,        0.81,
      433.25,        0.88,
      433.81,        0.93,
      434.33,        0.95,
      434.85,        1.02,
      435.41,        1.05,
      435.93,        1.04,
      436.45,        1.06,
      436.97,        1.11,
      437.48,        1.12,
      437.96,        1.13,
      438.48,        1.17,
      438.96,        1.22,
      439.48,        1.21,
      440.00,        1.24,
      440.56,        1.27,
      441.08,        1.30,
      441.64,        1.33,
      442.16,        1.37,
      442.67,        1.40,
      443.23,        1.42,
      443.75,        1.42,
      444.23,        1.47,
      444.75,        1.49,
      445.27,        1.50,
      445.79,        1.50,
      446.31,        1.51,
      446.79,        1.51,
      447.27,        1.56,
      447.78,        1.58,
      448.30,        1.60,
      448.86,        1.62,
      449.42,        1.63,
      449.94,        1.64,
      450.46,        1.63,
      450.98,        1.62,
      451.50,        1.66,
      452.02,        1.68,
      452.53,        1.69,
      453.05,        1.70,
      453.57,        1.71,
      454.05,        1.71,
      454.57,        1.71,
      455.01,        1.70,
      455.53,        1.72,
      456.05,        1.76,
      456.61,        1.79,
      457.17,        1.83,
      457.68,        1.79,
      458.24,        1.74,
      458.72,        1.75,
      459.24,        1.79,
      459.76,        1.83,
      460.24,        1.89,
      460.80,        1.92,
      461.32,        1.90,
      461.80,        1.90,
      462.32,        1.90,
      462.79,        1.90,
      463.27,        1.90,
      463.79,        1.90,
      464.35,        1.91,
      464.87,        1.90,
      465.43,        1.90,
      465.95,        1.90,
      466.47,        1.91,
      466.99,        1.91,
      467.51,        1.90,
      467.98,        1.92,
      468.54,        1.94,
      469.06,        1.93,
      469.58,        1.92,
      470.10,        1.92,
      470.54,        1.95,
      471.06,        1.99,
      471.58,        1.99,
      472.10,        1.99,
      472.65,        2.03,
      473.17,        2.05,
      473.69,        2.07,
      474.25,        2.08,
      474.77,        2.09,
      475.25,        2.11,
      475.77,        2.15,
      476.29,        2.13,
      476.81,        2.14,
      477.33,        2.14,
      477.84,        2.15,
      478.32,        2.13,
      478.80,        2.14,
      479.28,        2.15,
      479.84,        2.17,
      480.40,        2.18,
      480.92,        2.22,
      481.44,        2.20,
      482.00,        2.22,
      482.51,        2.23,
      483.03,        2.24,
      483.51,        2.26,
      484.03,        2.27,
      484.55,        2.30,
      485.11,        2.30,
      485.59,        2.29,
      486.07,        2.29,
      486.59,        2.29,
      487.07,        2.29,
      487.58,        2.31,
      488.14,        2.29,
      488.66,        2.28,
      489.22,        2.34,
      489.74,        2.34,
      490.30,        2.38,
      490.82,        2.37,
      491.30,        2.36,
      491.86,        2.38,
      492.38,        2.39,
      492.89,        2.40,
      493.41,        2.38,
      493.89,        2.40,
      494.37,        2.41,
      494.89,        2.47,
      495.37,        2.49,
      495.93,        2.47,
      496.45,        2.44,
      497.01,        2.46,
      497.52,        2.44,
      498.08,        2.43,
      498.60,        2.44,
      499.12,        2.46,
      499.60,        2.46,
      500.12,        2.45,
      500.64,        2.42,
      501.20,        2.38,
      501.68,        2.37,
      502.16,        2.32,
      502.67,        2.29,
      503.15,        2.27,
      503.67,        2.22,
      504.23,        2.22,
      504.75,        2.22,
      505.31,        2.22,
      505.83,        2.25,
      506.39,        2.24,
      506.91,        2.22,
      507.39,        2.21,
      507.90,        2.21,
      508.42,        2.25,
      508.94,        2.26,
      509.46,        2.24,
      509.94,        2.25,
      510.46,        2.26,
      510.94,        2.30,
      511.46,        2.29,
      511.98,        2.24,
      512.53,        2.25,
      513.05,        2.25,
      513.61,        2.24,
      514.13,        2.21,
      514.69,        2.20,
      515.21,        2.21,
      515.73,        2.19,
      516.25,        2.18,
      516.77,        2.12,
      517.25,        2.08,
      517.76,        2.09,
      518.24,        2.00,
      518.76,        1.89,
      519.24,        1.77,
      519.80,        1.72,
      520.32,        1.65,
      520.88,        1.56,
      521.40,        1.56,
      521.92,        1.54,
      522.48,        1.51,
      522.99,        1.51,
      523.51,        1.48,
      524.03,        1.46,
      524.55,        1.46,
      525.03,        1.46,
      525.55,        1.45,
      526.07,        1.38,
      526.55,        1.38,
      527.03,        1.40,
      527.54,        1.30,
      528.06,        1.20,
      528.58,        1.08,
      529.14,        0.99,
      529.66,        0.93,
      530.22,        1.38,
      530.78,        0.82,
      531.26,        0.79,
      531.78,        0.78,
      532.30,        0.87,
      532.81,        0.86,
      533.29,        0.86,
      533.81,        0.88,
      534.33,        0.87,
      534.85,        0.90,
      535.33,        0.89,
      535.85,        0.94,
      536.41,        0.98,
      536.93,        1.01,
      537.53,        1.03,
      538.04,        1.06,
      538.60,        1.07,
      539.12,        1.07,
      539.64,        1.14,
      540.16,        1.19,
      540.68,        1.25,
      541.16,        1.34,
      541.68,        1.38,
      542.20,        1.39,
      542.71,        1.42,
      543.19,        1.45,
      543.71,        1.50,
      544.27,        1.54,
      544.79,        1.59,
      545.31,        1.62,
      545.87,        1.64,
      546.39,        1.70,
      546.95,        1.72,
      547.47,        1.78,
      547.98,        1.85,
      548.46,        1.86,
      548.98,        1.86,
      549.50,        1.82,
      549.98,        1.80,
      550.50,        1.59,
      550.98,        1.29,
      551.50,        0.96,
      552.06,        0.59,
      552.57,        0.20,
      553.17,       -0.15,
      553.69,       -0.54,
      554.21,       -0.94,
      554.77,       -1.31,
      555.29,       -1.70,
      555.81,       -2.08,
      556.29,       -2.46,
      556.81,       -2.90,
      557.33,       -3.37,
      557.84,       -3.78,
      558.32,       -3.96,
      558.84,       -3.96,
      559.32,       -3.91,
      559.88,       -3.75,
      560.40,       -3.61,
      560.96,       -3.53,
      561.48,       -3.43,
      562.00,       -3.38,
      562.55,       -3.38,
      563.03,       -3.34,
      563.51,       -3.34,
      564.03,       -3.32,
      564.55,       -3.26,
      565.07,       -3.28,
      565.59,       -3.32,
      566.11,       -3.33,
      566.59,       -3.39,
      567.07,       -3.38,
      567.62,       -3.32,
      568.14,       -3.30,
      568.70,       -3.24,
      569.22,       -3.26,
      569.78,       -3.37,
      570.30,       -3.34,
      570.78,       -3.42,
      571.26,       -3.52,
      571.78,       -3.52,
      572.30,       -3.64,
      572.81,       -3.70,
      573.33,       -3.67,
      573.81,       -3.79,
      574.33,       -3.83,
      574.81,       -3.89,
      575.33,       -4.04,
      575.85,       -4.12,
      576.41,       -4.20,
      576.93,       -4.27,
      577.49,       -4.23,
      578.00,       -4.22,
      578.52,       -4.25,
      578.96,       -4.21,
      579.48,       -4.22,
      580.04,       -4.23,
      580.56,       -4.15,
      581.08,       -4.23,
      581.60,       -4.27,
      582.08,       -4.18,
      582.59,       -4.26,
      583.07,       -4.29,
      583.63,       -4.23,
      584.15,       -4.32,
      584.71,       -4.28,
      585.23,       -4.20,
      585.79,       -4.27,
      586.31,       -4.20,
      586.79,       -4.13,
      587.31,       -4.15,
      587.82,       -4.09,
      588.30,       -4.07,
      588.82,       -4.13,
      589.34,       -4.07,
      589.86,       -4.00,
      590.34,       -4.00,
      590.86,       -3.88,
      591.38,       -3.80,
      591.90,       -3.78,
      592.46,       -3.64,
      592.97,       -3.59,
      593.49,       -3.57,
      594.05,       -3.47,
      594.53,       -3.46,
      595.01,       -3.41,
      595.53,       -3.32,
      596.05,       -3.34,
      596.57,       -3.31,
      597.09,       -3.24,
      597.60,       -3.21,
      598.08,       -3.14,
      598.56,       -3.11,
      599.08,       -3.04,
      599.68,       -2.94,
      600.20,       -2.88,
      600.72,       -2.82,
      601.28,       -2.76,
      601.80,       -2.73,
      602.32,       -2.65,
      602.79,       -2.59,
      603.31,       -2.57,
      603.83,       -2.51,
      604.35,       -2.49,
      604.87,       -2.46,
      605.39,       -2.35,
      605.87,       -2.31,
      606.39,       -2.29,
      606.87,       -2.20,
      607.43,       -2.13,
      607.98,       -2.08,
      608.54,       -1.99,
      609.10,       -1.95,
      609.62,       -1.95,
      610.14,       -1.85,
      610.66,       -1.81,
      611.14,       -1.73,
      611.66,       -1.62,
      612.26,       -1.66,
      612.77,       -1.56,
      613.29,       -1.51,
      613.81,       -1.48,
      614.29,       -1.40,
      614.81,       -1.38,
      615.33,       -1.36,
      615.85,       -1.25,
      616.37,       -1.31,
      616.93,       -1.24,
      617.45,       -1.22,
      617.96,       -1.24,
      618.48,       -1.14,
      619.00,       -1.16,
      619.48,       -1.14,
      620.00,       -1.10,
      620.52,       -1.14,
      621.04,       -1.09,
      621.56,       -1.07,
      622.04,       -1.07,
      622.56,       -0.99,
      623.03,       -0.93,
      623.55,       -0.87,
      624.15,       -0.81,
      624.67,       -0.83,
      625.27,       -0.76,
      625.79,       -0.71,
      626.31,       -0.71,
      626.83,       -0.64,
      627.31,       -0.63,
      627.78,       -0.62,
      628.34,       -0.55,
      628.90,       -0.55,
      629.42,       -0.53,
      629.94,       -0.50,
      630.42,       -0.53,
      630.90,       -0.50,
      631.42,       -0.51,
      631.94,       -0.53,
      632.50,       -0.56,
      633.01,       -0.63,
      633.53,       -0.65,
      634.09,       -0.68,
      634.61,       -0.72,
      635.13,       -0.71,
      635.65,       -0.70,
      636.13,       -0.70,
      636.69,       -0.71,
      637.17,       -0.72,
      637.68,       -0.69,
      638.20,       -0.65,
      638.72,       -0.65,
      639.20,       -0.63,
      639.72,       -0.63,
      640.24,       -0.59,
      640.80,       -0.59,
      641.32,       -0.63,
      641.84,       -0.64,
      642.40,       -0.69,
      642.91,       -0.83,
      643.39,       -1.08,
      643.91,       -1.44,
      644.43,       -1.83,
      644.95,       -2.25,
      645.47,       -2.68,
      645.99,       -3.08,
      646.47,       -3.32,
      646.95,       -3.36,
      647.47,       -3.31,
      648.02,       -3.33,
      648.54,       -3.32,
      649.10,       -3.31,
      649.62,       -3.30,
      650.18,       -3.36,
      650.70,       -3.38,
      651.22,       -3.39,
      651.74,       -3.44,
      652.22,       -3.43,
      652.73,       -3.44,
      653.29,       -3.44,
      653.81,       -3.45,
      654.29,       -3.41,
      654.81,       -3.43,
      655.29,       -3.45,
      655.81,       -3.43,
      656.37,       -3.39,
      656.89,       -3.34,
      657.41,       -3.31,
      657.92,       -3.30,
      658.48,       -3.27,
      659.00,       -3.26,
      659.52,       -3.21,
      660.04,       -3.18,
      660.56,       -3.17,
      661.08,       -3.17,
      661.60,       -3.15,
      662.12,       -3.14,
      662.60,       -3.10,
      663.11,       -3.08,
      663.59,       -3.05,
      664.15,       -3.03,
      664.67,       -3.00,
      665.19,       -2.94,
      665.75,       -2.91,
      666.31,       -2.88,
      666.83,       -2.89,
      667.39,       -2.86,
      667.86,       -2.82,
      668.38,       -2.76,
      668.90,       -2.71,
      669.42,       -2.67,
      669.94,       -2.64,
      670.46,       -2.62,
      670.94,       -2.60,
      671.46,       -2.55,
      671.98,       -2.48,
      672.54,       -2.43,
      673.05,       -2.34,
      673.61,       -2.32,
      674.17,       -2.28,
      674.69,       -2.28,
      675.25,       -2.22,
      675.77,       -2.17,
      676.29,       -2.15,
      676.81,       -2.12,
      677.29,       -2.10,
      677.80,       -2.08,
      678.32,       -2.06,
      678.84,       -2.03,
      679.32,       -1.99,
      679.80,       -1.94,
      680.36,       -1.91,
      680.92,       -1.90,
      681.48,       -1.85,
      682.00,       -1.84,
      682.56,       -1.85,
      683.07,       -1.81,
      683.59,       -1.81,
      684.11,       -1.82,
      684.63,       -1.81,
      685.15,       -1.84,
      685.67,       -1.83,
      686.15,       -1.83,
      686.67,       -1.86,
      687.19,       -1.86,
      687.66,       -1.91,
      688.18,       -2.01,
      688.70,       -2.21,
      689.30,       -2.49,
      689.82,       -2.87,
      690.38,       -3.27,
      690.90,       -3.61,
      691.42,       -3.93,
      691.98,       -4.31,
      692.50,       -4.72,
      693.01,       -5.17,
      693.53,       -5.62,
      694.01,       -5.96,
      694.53,       -6.13,
      695.05,       -6.22,
      695.53,       -6.28,
      696.05,       -6.40,
      696.57,       -6.45,
      697.09,       -6.48,
      697.64,       -6.42,
      698.16,       -6.44,
      698.72,       -6.47,
      699.24,       -6.45,
      699.76,       -6.41,
      700.32,       -6.37,
      700.84,       -6.32,
      701.36,       -6.28,
      701.84,       -6.20,
      702.36,       -6.10,
      702.87,       -6.07,
      703.35,       -5.94,
      703.87,       -5.88,
      704.39,       -5.80,
      704.91,       -5.70,
      705.47,       -5.60,
      705.99,       -5.50,
      706.55,       -5.38,
      707.07,       -5.29,
      707.59,       -5.18,
      708.10,       -5.08,
      708.62,       -5.01,
      709.14,       -4.87,
      709.66,       -4.73,
      710.18,       -4.64,
      710.70,       -4.55,
      711.14,       -4.47,
      711.66,       -4.37,
      712.18,       -4.29,
      712.69,       -4.20,
      713.25,       -4.13,
      713.77,       -4.04,
      714.33,       -3.93,
      714.85,       -3.82,
      715.37,       -3.74,
      715.89,       -3.65,
      716.41,       -3.56,
      716.93,       -3.47,
      717.45,       -3.39,
      717.96,       -3.30,
      718.48,       -3.23,
      718.92,       -3.17,
      719.44,       -3.10,
      719.96,       -3.02,
      720.48,       -2.93,
      721.04,       -2.86,
      721.56,       -2.79,
      722.12,       -2.72,
      722.64,       -2.64,
      723.15,       -2.56,
      723.67,       -2.49,
      724.19,       -2.45,
      724.71,       -2.34,
      725.23,       -2.27,
      725.75,       -2.21,
      726.27,       -2.15,
      726.75,       -2.08,
      727.23,       -2.00,
      727.74,       -1.96,
      728.26,       -1.94,
      728.82,       -1.89,
      729.34,       -1.82,
      729.86,       -1.77,
      730.42,       -1.68,
      730.94,       -1.60,
      731.46,       -1.51,
      732.02,       -1.42,
      732.54,       -1.33,
      733.05,       -1.32,
      733.57,       -1.28,
      734.05,       -1.21,
      734.53,       -1.17,
      735.05,       -1.10,
      735.53,       -1.03,
      736.05,       -0.95,
      736.61,       -0.87,
      737.17,       -0.82,
      737.68,       -0.76,
      738.20,       -0.68,
      738.76,       -0.63,
      739.24,       -0.57,
      739.76,       -0.52,
      740.24,       -0.48,
      740.80,       -0.50,
      741.32,       -0.44,
      741.84,       -0.41,
      742.32,       -0.38,
      742.79,       -0.37,
      743.27,       -0.31,
      743.79,       -0.29,
      744.35,       -0.28,
      744.87,       -0.29,
      745.43,       -0.29,
      745.95,       -0.25,
      746.51,       -0.21,
      746.99,       -0.20,
      747.51,       -0.19,
      748.02,       -0.16,
      748.54,       -0.14,
      749.06,       -0.12,
      749.58,       -0.12,
      750.06,       -0.11,
      750.54,       -0.07,
      751.02,       -0.07,
      751.54,       -0.11,
      752.14,       -0.13,
      752.65,       -0.13,
      753.21,       -0.15,
      753.73,       -0.15,
      754.29,       -0.11,
      754.81,       -0.08,
      755.29,       -0.09,
      755.81,       -0.05,
      756.33,       -0.02,
      756.85,        0.00,
      757.37,        0.03,
      757.84,        0.08,
      758.36,        0.15,
      758.84,        0.22,
      759.32,        0.24,
      759.92,        0.29,
      760.44,        0.35,
      761.04,        0.38,
      761.56,        0.46,
      762.12,        0.51,
      762.64,        0.55,
      763.11,        0.57,
      763.63,        0.61,
      764.15,        0.63,
      764.67,        0.67,
      765.19,        0.76,
      765.67,        0.81,
      766.19,        0.83,
      766.67,        0.84,
      767.19,        0.87,
      767.70,        0.91,
      768.22,        0.93,
      768.78,        0.96,
      769.30,        1.01,
      769.86,        1.07,
      770.38,        1.12,
      770.90,        1.15,
      771.38,        1.17,
      771.90,        1.21,
      772.42,        1.25,
      772.93,        1.29,
      773.45,        1.34,
      773.97,        1.41,
      774.45,        1.42,
      774.93,        1.46,
      775.45,        1.48,
      775.97,        1.53,
      776.53,        1.61,
      777.05,        1.63,
      777.61,        1.67,
      778.12,        1.69,
      778.64,        1.75,
      779.16,        1.81,
      779.68,        1.84,
      780.20,        1.86,
      780.68,        1.86,
      781.20,        1.89,
      781.72,        1.89,
      782.24,        1.95,
      782.71,        1.99,
      783.19,        1.99,
      783.71,        2.06,
      784.27,        2.08,
      784.79,        2.12,
      785.35,        2.20,
      785.87,        2.25,
      786.43,        2.22,
      786.95,        2.20,
      787.43,        2.19,
      787.94,        2.14,
      788.46,        2.06,
      789.02,        1.95,
      789.54,        1.84,
      790.02,        1.72,
      790.54,        1.54,
      791.02,        1.27,
      791.54,        0.97,
      792.06,        0.67,
      792.62,        0.35,
      793.17,        0.12,
      793.73,       -0.15,
      794.25,       -0.43,
      794.81,       -0.74,
      795.29,       -1.09,
      795.81,       -1.42,
      796.29,       -1.75,
      796.81,       -2.07,
      797.33,       -2.32,
      797.84,       -2.56,
      798.36,       -2.86,
      798.84,       -3.19,
      799.32,       -3.50,
      799.88,       -3.86,
      800.40,       -4.17,
      800.92,       -4.52,
      801.48,       -4.89,
      802.00,       -5.27,
      802.56,       -5.53,
      803.07,       -5.63,
      803.59,       -5.59,
      804.07,       -5.44,
      804.59,       -5.37,
      805.11,       -5.35,
      805.63,       -5.27,
      806.15,       -5.15,
      806.63,       -5.11,
      807.15,       -5.19,
      807.63,       -5.27,
      808.18,       -5.27,
      808.70,       -5.30,
      809.26,       -5.32,
      809.78,       -5.28,
      810.34,       -5.25,
      810.86,       -5.19,
      811.38,       -5.16,
      811.86,       -5.09,
      812.34,       -5.05,
      812.85,       -4.99,
      813.37,       -4.99,
      813.89,       -5.00,
      814.41,       -4.97,
      814.89,       -4.96,
      815.37,       -4.99,
      815.93,       -5.01,
      816.45,       -5.15,
      817.01,       -5.31,
      817.53,       -5.32,
      818.04,       -5.47,
      818.56,       -5.62,
      819.08,       -5.76,
      819.56,       -5.94,
      820.04,       -6.09,
      820.56,       -6.09,
      821.08,       -6.16,
      821.60,       -6.25,
      822.12,       -6.30,
      822.60,       -6.32,
      823.11,       -6.45,
      823.59,       -6.49,
      824.15,       -6.49,
      824.67,       -6.59,
      825.23,       -6.62,
      825.75,       -6.67,
      826.27,       -6.67,
      826.79,       -6.59,
      827.27,       -6.53,
      827.74,       -6.67,
      828.26,       -6.71,
      828.78,       -6.78,
      829.30,       -6.79,
      829.82,       -6.85,
      830.30,       -6.87,
      830.82,       -6.90,
      831.30,       -6.93,
      831.82,       -6.93,
      832.38,       -6.90,
      832.89,       -6.89,
      833.45,       -6.85,
      833.97,       -6.79,
      834.49,       -6.79,
      834.97,       -6.79,
      835.45,       -6.75,
      835.97,       -6.70,
      836.49,       -6.68,
      837.01,       -6.58,
      837.53,       -6.56,
      838.00,       -6.54,
      838.52,       -6.53,
      839.04,       -6.54,
      839.52,       -6.53,
      840.08,       -6.42,
      840.60,       -6.35,
      841.16,       -6.34,
      841.68,       -6.32,
      842.20,       -6.35,
      842.68,       -6.30,
      843.15,       -6.25,
      843.67,       -6.18,
      844.15,       -6.10,
      844.71,       -6.05,
      845.23,       -6.01,
      845.71,       -5.96,
      846.23,       -5.88,
      846.75,       -5.84,
      847.23,       -5.79,
      847.74,       -5.77,
      848.30,       -5.75,
      848.82,       -5.75,
      849.34,       -5.75,
      849.90,       -5.74,
      850.38,       -5.63,
      850.90,       -5.58,
      851.38,       -5.52,
      851.90,       -5.52,
      852.42,       -5.47,
      852.93,       -5.40,
      853.45,       -5.37,
      853.93,       -5.31,
      854.45,       -5.35,
      854.93,       -5.30,
      855.45,       -5.27,
      856.01,       -5.18,
      856.53,       -5.13,
      857.05,       -5.09,
      857.61,       -5.04,
      858.08,       -4.98,
      858.60,       -4.98,
      859.12,       -4.99,
      859.60,       -4.99,
      860.12,       -4.98,
      860.64,       -4.96,
      861.16,       -4.97,
      861.68,       -4.98,
      862.16,       -4.92,
      862.68,       -4.85,
      863.15,       -4.82,
      863.67,       -4.80,
      864.23,       -4.75,
      864.75,       -4.67,
      865.27,       -4.61,
      865.79,       -4.57,
      866.31,       -4.52,
      866.83,       -4.45,
      867.31,       -4.42,
      867.82,       -4.39,
      868.34,       -4.35,
      868.86,       -4.28,
      869.38,       -4.23,
      869.90,       -4.19,
      870.42,       -4.12,
      870.90,       -4.05,
      871.42,       -3.96,
      871.94,       -3.89,
      872.50,       -3.83,
      873.01,       -3.78,
      873.53,       -3.77,
      874.05,       -3.79,
      874.57,       -3.78,
      875.09,       -3.74,
      875.57,       -3.68,
      876.09,       -3.66,
      876.61,       -3.62,
      877.13,       -3.59,
      877.65,       -3.55,
      878.16,       -3.50,
      878.64,       -3.43,
      879.12,       -3.36,
      879.68,       -3.31,
      880.20,       -3.26,
      880.76,       -3.18,
      881.28,       -3.12,
      881.80,       -3.08,
      882.32,       -2.99,
      882.83,       -2.97,
      883.31,       -2.90,
      883.83,       -2.86,
      884.35,       -2.82,
      884.87,       -2.75,
      885.39,       -2.69,
      885.91,       -2.65,
      886.39,       -2.60,
      886.87,       -2.55,
      887.39,       -2.49,
      887.94,       -2.44,
      888.46,       -2.42,
      888.98,       -2.38,
      889.54,       -2.29,
      890.06,       -2.29,
      890.58,       -2.29,
      891.06,       -2.26,
      891.58,       -2.25,
      892.10,       -2.25,
      892.62,       -2.32,
      893.13,       -2.37,
      893.61,       -2.36,
      894.09,       -2.37,
      894.61,       -2.34,
      895.13,       -2.32,
      895.65,       -2.25,
      896.17,       -2.25,
      896.69,       -2.23,
      897.25,       -2.20,
      897.80,       -2.20,
      898.32,       -2.17,
      898.80,       -2.12,
      899.32,       -2.09,
      899.84,       -2.04,
      900.36,       -1.99,
      900.88,       -1.97,
      901.40,       -1.94,
      901.92,       -1.86,
      902.40,       -1.81,
      902.91,       -1.75,
      903.39,       -1.66,
      903.91,       -1.62,
      904.47,       -1.59,
      904.99,       -1.55,
      905.55,       -1.52,
      906.07,       -1.48,
      906.59,       -1.46,
      907.11,       -1.42,
      907.59,       -1.36,
      908.10,       -1.29,
      908.66,       -1.27,
      909.18,       -1.24,
      909.70,       -1.20,
      910.18,       -1.17,
      910.70,       -1.11,
      911.18,       -1.11,
      911.70,       -1.11,
      912.22,       -1.05,
      912.77,       -1.01,
      913.33,       -1.00,
      913.85,       -1.02,
      914.37,       -1.01,
      914.89,       -0.96,
      915.41,       -0.96,
      915.89,       -0.93,
      916.41,       -0.89,
      916.93,       -0.85,
      917.45,       -0.86,
      917.96,       -0.89,
      918.48,       -0.91,
      918.96,       -0.87,
      919.44,       -0.94,
      920.00,       -1.01,
      920.52,       -1.11,
      921.08,       -1.23,
      921.60,       -1.35,
      922.12,       -1.56,
      922.64,       -1.81,
      923.15,       -2.04,
      923.63,       -2.37,
      924.15,       -2.60,
      924.67,       -2.92,
      925.19,       -3.27,
      925.71,       -3.56,
      926.19,       -3.87,
      926.71,       -4.15,
      927.19,       -4.41,
      927.71,       -4.70,
      928.26,       -5.00,
      928.78,       -5.24,
      929.34,       -5.50,
      929.86,       -5.77,
      930.38,       -6.05,
      930.86,       -6.35,
      931.38,       -6.62,
      931.86,       -6.83,
      932.38,       -6.84,
      932.89,       -6.90,
      933.41,       -7.02,
      933.93,       -7.14,
      934.41,       -7.21,
      934.89,       -7.22,
      935.41,       -7.23,
      935.97,       -7.20,
      936.53,       -7.12,
      937.05,       -7.10,
      937.57,       -7.08,
      938.08,       -7.09,
      938.60,       -7.12,
      939.12,       -7.10,
      939.60,       -7.10,
      940.12,       -7.09,
      940.64,       -7.04,
      941.16,       -6.99,
      941.68,       -7.01,
      942.16,       -7.05,
      942.64,       -7.05,
      943.15,       -7.05,
      943.71,       -7.10,
      944.23,       -7.11,
      944.75,       -7.09,
      945.31,       -7.07,
      945.83,       -7.03,
      946.35,       -7.01,
      946.87,       -7.00,
      947.35,       -6.98,
      947.90,       -6.95,
      948.42,       -6.89,
      948.94,       -6.87,
      949.46,       -6.78,
      949.94,       -6.70,
      950.42,       -6.75,
      950.90,       -6.79,
      951.46,       -6.80,
      951.98,       -6.72,
      952.54,       -6.64,
      953.05,       -6.62,
      953.61,       -6.58,
      954.13,       -6.53,
      954.65,       -6.47,
      955.13,       -6.44,
      955.65,       -6.51,
      956.17,       -6.46,
      956.69,       -6.43,
      957.25,       -6.37,
      957.73,       -6.27,
      958.20,       -6.22,
      958.72,       -6.14,
      959.20,       -6.02,
      959.76,       -5.93,
      960.28,       -5.88,
      960.84,       -5.82,
      961.36,       -5.76,
      961.92,       -5.73,
      962.44,       -5.65,
      962.95,       -5.57,
      963.43,       -5.54,
      963.95,       -5.50,
      964.51,       -5.44,
      965.03,       -5.37,
      965.55,       -5.33,
      966.03,       -5.30,
      966.55,       -5.23,
      967.03,       -5.17,
      967.55,       -5.13,
      968.10,       -5.07,
      968.62,       -4.99,
      969.14,       -4.93,
      969.70,       -4.88,
      970.26,       -4.87,
      970.78,       -4.86,
      971.30,       -4.80,
      971.82,       -4.74,
      972.34,       -4.70,
      972.85,       -4.66,
      973.37,       -4.65,
      973.85,       -4.59,
      974.37,       -4.55,
      974.89,       -4.54,
      975.41,       -4.48,
      975.93,       -4.48,
      976.45,       -4.44,
      977.01,       -4.39,
      977.53,       -4.35,
      978.08,       -4.32,
      978.60,       -4.29,
      979.12,       -4.23,
      979.68,       -4.16,
      980.20,       -4.11,
      980.72,       -4.09,
      981.24,       -4.06,
      981.72,       -4.00,
      982.24,       -3.95,
      982.76,       -3.87,
      983.23,       -3.83,
      983.75,       -3.82,
      984.31,       -3.77,
      984.83,       -3.74,
      985.39,       -3.71,
      985.91,       -3.68,
      986.47,       -3.61,
      986.99,       -3.58,
      987.51,       -3.57,
      988.02,       -3.53,
      988.54,       -3.46,
      989.06,       -3.41,
      989.58,       -3.36,
      990.10,       -3.34,
      990.58,       -3.27,
      991.10,       -3.21,
      991.62,       -3.17,
      992.14,       -3.13,
      992.70,       -3.08,
      993.21,       -2.99,
      993.77,       -2.95,
      994.29,       -2.92,
      994.81,       -2.86,
      995.37,       -2.80,
      995.89,       -2.74,
      996.41,       -2.69,
      996.89,       -2.63,
      997.41,       -2.58,
      997.92,       -2.53,
      998.44,       -2.51,
      998.96,       -2.46,
      999.44,       -2.39,
     1000.00,       -2.37,
     1000.52,       -2.30,
     1001.04,       -2.25,
     1001.60,       -2.24,
     1002.16,       -2.21,
     1002.72,       -2.20,
     1003.23,       -2.23,
     1003.75,       -2.23,
     1004.27,       -2.23,
     1004.75,       -2.25,
     1005.27,       -2.25,
     1005.79,       -2.24,
     1006.31,       -2.25,
     1006.83,       -2.24,
     1007.31,       -2.21,
     1007.86,       -2.20,
     1008.38,       -2.21,
     1008.90,       -2.14,
     1009.46,       -2.08,
     1009.98,       -2.05,
     1010.54,       -2.03,
     1011.06,       -2.00,
     1011.58,       -1.98,
     1012.10,       -1.94,
     1012.58,       -1.92,
     1013.13,       -1.90,
     1013.61,       -1.84,
     1014.13,       -1.81,
     1014.65,       -1.75,
     1015.13,       -1.71,
     1015.69,       -1.70,
     1016.21,       -1.66,
     1016.73,       -1.63,
     1017.29,       -1.60,
     1017.80,       -1.59,
     1018.36,       -1.53,
     1018.88,       -1.51,
     1019.40,       -1.53,
     1019.92,       -1.48,
     1020.44,       -1.51,
     1020.96,       -1.50,
     1021.48,       -1.45,
     1022.00,       -1.46,
     1022.48,       -1.48,
     1022.99,       -1.48,
     1023.51,       -1.46,
     1024.03,       -1.42,
     1024.63,       -1.41,
     1025.15,       -1.42,
     1025.71,       -1.37,
     1026.23,       -1.34,
     1026.75,       -1.29,
     1027.31,       -1.24,
     1027.82,       -1.20,
     1028.30,       -1.18,
     1028.82,       -1.17,
     1029.34,       -1.13,
     1029.86,       -1.09,
     1030.38,       -1.05,
     1030.86,       -1.00,
     1031.38,       -0.98,
     1031.90,       -0.97,
     1032.50,       -0.94,
     1033.01,       -0.87,
     1033.53,       -0.82,
     1034.09,       -0.81,
     1034.65,       -0.78,
     1035.17,       -0.75,
     1035.69,       -0.71,
     1036.17,       -0.69,
     1036.69,       -0.63,
     1037.21,       -0.63,
     1037.73,       -0.61,
     1038.24,       -0.62,
     1038.76,       -0.59,
     1039.24,       -0.52,
     1039.76,       -0.50,
     1040.32,       -0.53,
     1040.84,       -0.48,
     1041.40,       -0.43,
     1041.92,       -0.41,
     1042.48,       -0.41,
     1042.99,       -0.37,
     1043.51,       -0.34,
     1043.99,       -0.34,
     1044.51,       -0.35,
     1045.03,       -0.34,
     1045.55,       -0.33,
     1046.07,       -0.29,
     1046.59,       -0.29,
     1047.11,       -0.28,
     1047.63,       -0.26,
     1048.14,       -0.26,
     1048.66,       -0.34,
     1049.22,       -0.37,
     1049.74,       -0.37,
     1050.30,       -0.39,
     1050.82,       -0.40,
     1051.34,       -0.41,
     1051.86,       -0.38,
     1052.38,       -0.37,
     1052.89,       -0.39,
     1053.41,       -0.37,
     1053.93,       -0.33,
     1054.45,       -0.31,
     1054.93,       -0.25,
     1055.45,       -0.25,
     1055.97,       -0.24,
     1056.53,       -0.24,
     1057.05,       -0.20,
     1057.61,       -0.18,
     1058.12,       -0.17,
     1058.64,       -0.13,
     1059.20,       -0.11,
     1059.68,       -0.07,
     1060.20,       -0.06,
     1060.72,       -0.03,
     1061.24,        0.00,
     1061.76,        0.06,
     1062.28,        0.10,
     1062.80,        0.10,
     1063.27,        0.08,
     1063.79,        0.11,
     1064.35,        0.16,
     1064.87,        0.20,
     1065.43,        0.19,
     1065.95,        0.20,
     1066.51,        0.23,
     1067.03,        0.26,
     1067.51,        0.30,
     1068.06,        0.34,
     1068.54,        0.34,
     1069.06,        0.37,
     1069.58,        0.38,
     1070.10,        0.36,
     1070.62,        0.37,
     1071.14,        0.35,
     1071.66,        0.28,
     1072.18,        0.26,
     1072.74,        0.17,
     1073.25,       -0.05,
     1073.81,       -0.34,
     1074.33,       -0.51,
     1074.89,       -0.60,
     1075.37,       -0.69,
     1075.89,       -0.85,
     1076.41,       -1.07,
     1076.93,       -1.34,
     1077.45,       -1.61,
     1077.96,       -1.99,
     1078.48,       -2.30,
     1079.00,       -2.64,
     1079.48,       -3.00,
     1080.04,       -3.37,
     1080.56,       -3.71,
     1081.12,       -4.08,
     1081.64,       -4.46,
     1082.16,       -4.83,
     1082.72,       -5.23,
     1083.19,       -5.63,
     1083.75,       -6.01,
     1084.27,       -6.36,
     1084.75,       -6.50,
     1085.27,       -6.41,
     1085.75,       -6.32,
     1086.31,       -6.30,
     1086.79,       -6.24,
     1087.35,       -6.14,
     1087.86,       -6.06,
     1088.38,       -5.97,
     1088.94,       -5.86,
     1089.46,       -5.87,
     1089.98,       -5.92,
     1090.54,       -5.96,
     1091.02,       -5.94,
     1091.58,       -5.97,
     1092.06,       -6.07,
     1092.58,       -6.09,
     1093.13,       -6.06,
     1093.61,       -6.08,
     1094.13,       -6.08,
     1094.65,       -6.05,
     1095.17,       -6.14,
     1095.69,       -6.18,
     1096.21,       -6.23,
     1096.77,       -6.36,
     1097.29,       -5.55,
     1097.84,       -6.41,
     1098.36,       -6.53,
     1098.88,       -6.51,
     1099.40,       -6.58,
     1099.92,       -6.76,
     1100.44,       -6.75,
     1100.96,       -6.78,
     1101.48,       -6.89,
     1102.00,       -6.82,
     1102.52,       -6.81,
     1102.99,       -6.97,
     1103.51,       -7.00,
     1104.07,       -6.96,
     1104.59,       -7.04,
     1105.15,       -6.97,
     1105.67,       -6.91,
     1106.19,       -6.95,
     1106.71,       -6.93,
     1107.23,       -6.87,
     1107.75,       -6.93,
     1108.26,       -6.93,
     1108.78,       -6.75,
     1109.30,       -6.77,
     1109.82,       -6.77,
     1110.34,       -6.67,
     1110.82,       -6.71,
     1111.34,       -6.72,
     1111.86,       -6.54,
     1112.42,       -6.59,
     1112.93,       -6.58,
     1113.49,       -6.39,
     1114.01,       -6.46,
     1114.53,       -6.46,
     1115.05,       -6.23,
     1115.57,       -6.29,
     1116.09,       -6.34,
     1116.61,       -6.16,
     1117.13,       -6.19,
     1117.65,       -6.18,
     1118.16,       -6.01,
     1118.68,       -6.09,
     1119.16,       -6.10,
     1119.68,       -5.94,
     1120.24,       -6.03,
     1120.76,       -6.01,
     1121.32,       -5.87,
     1121.84,       -5.93,
     1122.36,       -5.88,
     1122.87,       -5.71,
     1123.39,       -5.74,
     1123.91,       -5.67,
     1124.47,       -5.59,
     1124.95,       -5.72,
     1125.47,       -5.70,
     1125.99,       -5.60,
     1126.51,       -5.75,
     1126.99,       -5.75,
     1127.51,       -5.65,
     1128.06,       -5.79,
     1128.58,       -5.73,
     1129.10,       -5.65,
     1129.62,       -5.70,
     1130.18,       -5.61,
     1130.70,       -5.51,
     1131.22,       -5.57,
     1131.74,       -5.44,
     1132.26,       -5.36,
     1132.78,       -5.41,
     1133.29,       -5.34,
     1133.81,       -5.30,
     1134.33,       -5.35,
     1134.81,       -5.26,
     1135.33,       -5.22,
     1135.85,       -5.31,
     1136.37,       -5.27,
     1136.93,       -5.25,
     1137.45,       -5.27,
     1137.96,       -5.20,
     1138.52,       -5.22,
     1139.04,       -5.31,
     1139.56,       -5.20,
     1140.08,       -5.27,
     1140.60,       -5.31,
     1141.12,       -5.22,
     1141.64,       -5.28,
     1142.12,       -5.29,
     1142.64,       -5.16,
     1143.11,       -5.17,
     1143.67,       -5.15,
     1144.19,       -5.02,
     1144.71,       -5.00,
     1145.23,       -4.95,
     1145.79,       -4.87,
     1146.31,       -4.87,
     1146.83,       -4.80,
     1147.35,       -4.69,
     1147.86,       -4.64,
     1148.38,       -4.52,
     1148.90,       -4.46,
     1149.42,       -4.48,
     1149.94,       -4.38,
     1150.46,       -4.34,
     1150.94,       -4.31,
     1151.46,       -4.21,
     1151.98,       -4.15,
     1152.54,       -4.10,
     1153.05,       -3.98,
     1153.57,       -3.93,
     1154.13,       -3.91,
     1154.65,       -3.82,
     1155.17,       -3.80,
     1155.69,       -3.75,
     1156.21,       -3.64,
     1156.73,       -3.62,
     1157.25,       -3.55,
     1157.77,       -3.48,
     1158.28,       -3.47,
     1158.76,       -3.37,
     1159.28,       -3.34,
     1159.80,       -3.34,
     1160.32,       -3.24,
     1160.84,       -3.17,
     1161.40,       -3.08,
     1161.96,       -3.04,
     1162.48,       -3.08,
     1162.99,       -3.08,
     1163.55,       -2.99,
     1164.07,       -2.95,
     1164.59,       -2.91,
     1165.07,       -2.88,
     1165.59,       -2.86,
     1166.11,       -2.87,
     1166.59,       -2.83,
     1167.11,       -2.78,
     1167.63,       -2.78,
     1168.14,       -2.84,
     1168.66,       -2.86,
     1169.22,       -2.78,
     1169.74,       -2.80,
     1170.30,       -2.88,
     1170.82,       -2.71,
     1171.34,       -2.72,
     1171.86,       -2.69,
     1172.38,       -2.61,
     1172.89,       -2.59,
     1173.41,       -2.51,
     1173.93,       -2.47,
     1174.41,       -2.38,
     1174.93,       -2.31,
     1175.41,       -2.25,
     1175.97,       -2.17,
     1176.49,       -2.07,
     1177.01,       -1.97,
     1177.57,       -1.91,
     1178.08,       -1.86,
     1178.64,       -1.84,
     1179.16,       -1.80,
     1179.68,       -1.76,
     1180.20,       -1.72,
     1180.72,       -1.64,
     1181.24,       -1.57,
     1181.76,       -1.52,
     1182.24,       -1.47,
     1182.76,       -1.46,
     1183.23,       -1.40,
     1183.79,       -1.37,
     1184.31,       -1.34,
     1184.83,       -1.28,
     1185.35,       -1.25,
     1185.91,       -1.24,
     1186.43,       -1.20,
     1186.95,       -1.18,
     1187.47,       -1.13,
     1187.98,       -1.08,
     1188.50,       -1.03,
     1189.02,       -0.98,
     1189.54,       -0.94,
     1190.06,       -0.90,
     1190.54,       -0.87,
     1191.06,       -0.87,
     1191.58,       -0.90,
     1192.06,       -0.86,
     1192.62,       -0.79,
     1193.13,       -0.74,
     1193.69,       -0.73,
     1194.21,       -0.76,
     1194.77,       -0.72,
     1195.25,       -0.69,
     1195.77,       -0.67,
     1196.29,       -0.63,
     1196.81,       -0.59,
     1197.29,       -0.60,
     1197.81,       -0.57,
     1198.28,       -0.55,
     1198.76,       -0.50,
     1199.24,       -0.47,
     1199.72,       -0.43,
     1200.24,       -0.44,
     1200.76,       -0.42,
     1201.24,       -0.42,
     1201.76,       -0.39,
     1202.24,       -0.38,
     1202.72,       -0.37,
     1203.19,       -0.37,
     1203.63,       -0.33,
     1204.11,       -0.34,
     1204.55,       -0.34,
     1204.99,       -0.28,
     1205.43,       -0.26,
     1205.83,       -0.28,
     1206.23,       -0.24,
     1206.63,       -0.25,
     1207.03,       -0.28,
     1207.47,       -0.31,
     1207.90,       -0.31,
     1208.30,       -0.30,
     1208.74,       -0.28,
     1209.14,       -0.42,
     1209.54,       -0.49,
     1209.94,       -0.59,
     1210.30,       -0.65,
     1210.66,       -0.75,
     1210.98,       -0.80,
     1211.38,       -0.77,
     1211.74,       -0.76,
     1212.10,       -0.75,
     1212.46,       -0.74,
     1212.78,       -0.76,
     1213.09,       -0.76,
     1213.45,       -0.75,
     1213.77,       -0.70,
     1214.09,       -0.69,
     1214.41,       -0.68,
     1214.69,       -0.66,
     1214.97,       -0.65,
     1215.25,       -0.63,
     1215.49,       -0.63,
     1215.73,       -0.59,
     1215.93,       -0.55,
     1216.13,       -0.54,
     1216.29,       -0.51,
     1216.45,       -0.51,
     1216.61,       -0.53,
     1216.73,       -0.51,
     1216.85,       -0.52,
     1216.93,       -0.53,
     1217.01,       -0.50,
     1217.09,       -0.52,
     1217.13,       -0.50,
     1217.17,       -0.52,
     1217.21,       -0.53,