       -0.00,       -0.31,
        0.04,       -0.32,
        0.04,       -0.31,
        0.08,       -0.31,
        0.12,       -0.30,
        0.20,       -0.30,
        0.28,       -0.31,
        0.36,       -0.30,
        0.44,       -0.31,
        0.52,       -0.31,
        0.60,       -0.29,
        0.72,       -0.28,
        0.80,       -0.26,
        0.92,       -0.24,
        1.00,       -0.21,
        1.12,       -0.20,
        1.24,       -0.17,
        1.36,       -0.15,
        1.48,       -0.13,
        1.60,       -0.12,
        1.76,       -0.07,
        1.88,       -0.04,
        2.04,       -0.04,
        2.20,       -0.04,
        2.31,       -0.01,
        2.47,        0.02,
        2.63,        0.05,
        2.75,        0.07,
        2.95,        0.10,
        3.11,        0.11,
        3.23,        0.11,
        3.43,        0.11,
        3.59,        0.11,
        3.75,        0.16,
        3.91,        0.20,
        4.07,        0.25,
        4.23,        0.27,
        4.43,        0.27,
        4.59,        0.23,
        4.75,        0.22,
        4.95,        0.24,
        5.11,        0.23,
        5.31,        0.24,
        5.51,        0.24,
        5.67,        0.24,
        5.87,        0.26,
        6.07,        0.26,
        6.27,        0.28,
        6.47,        0.25,
        6.63,        0.27,
        6.83,        0.26,
        7.03,        0.26,
        7.23,        0.24,
        7.42,        0.25,
        7.62,        0.27,
        7.82,        0.25,
        8.02,        0.26,
        8.26,        0.28,
        8.46,        0.28,
        8.66,        0.29,
        8.90,        0.32,
        9.10,        0.33,
        9.34,        0.33,
        9.58,        0.37,
        9.78,        0.36,
       10.06,        0.41,
       10.30,        0.41,
       10.58,        0.42,
       10.82,        0.39,
       11.06,        0.38,
       11.30,        0.39,
       11.54,        0.41,
       11.82,        0.44,
       12.06,        0.42,
       12.29,        0.39,
       12.53,        0.37,
       12.81,        0.37,
       13.05,        0.39,
       13.33,        0.42,
       13.57,        0.42,
       13.85,        0.45,
       14.09,        0.45,
       14.37,        0.43,
       14.65,        0.45,
       14.89,        0.46,
       15.13,        0.49,
       15.41,        0.48,
       15.65,        0.46,
       15.93,        0.49,
       16.17,        0.47,
       16.45,        0.49,
       16.73,        0.47,
       17.01,        0.49,
       17.25,        0.50,
       17.52,        0.51,
       17.84,        0.54,
       18.12,        0.52,
       18.44,        0.56,
       18.76,        0.55,
       19.04,        0.53,
       19.32,        0.55,
       19.64,        0.52,
       19.92,        0.51,
       20.24,        0.52,
       20.52,        0.53,
       20.84,        0.53,
       21.12,        0.54,
       21.44,        0.53,
       21.72,        0.49,
       22.04,        0.48,
       22.31,        0.48,
       22.63,        0.46,
       22.95,        0.43,
       23.23,        0.42,
       23.55,        0.35,
       23.83,        0.32,
       24.15,        0.30,
       24.47,        0.26,
       24.79,        0.27,
       25.07,        0.17,
       25.39,        0.17,
       25.71,        0.14,
       26.03,        0.09,
       26.39,        0.10,
       26.71,        0.08,
       27.07,        0.10,
       27.42,        0.08,
       27.74,        0.05,
       28.06,       -0.02,
       28.38,       -0.07,
       28.70,       -0.25,
       29.02,       -0.50,
       29.38,       -0.75,
       29.70,       -1.06,
       30.02,       -1.34,
       30.38,       -1.68,
       30.74,       -1.94,
       31.06,       -2.23,
       31.42,       -2.53,
       31.74,       -2.75,
       32.10,       -3.08,
       32.41,       -3.43,
       32.77,       -3.69,
       33.09,       -3.91,
       33.41,       -4.09,
       33.77,       -4.17,
       34.13,       -4.24,
       34.53,       -4.24,
       34.89,       -4.24,
       35.29,       -4.27,
       35.65,       -4.27,
       36.01,       -4.26,
       36.37,       -4.28,
       36.73,       -4.25,
       37.09,       -4.23,
       37.44,       -4.26,
       37.80,       -4.31,
       38.16,       -4.31,
       38.56,       -4.35,
       38.92,       -4.33,
       39.28,       -4.32,
       39.64,       -4.30,
       40.00,       -4.23,
       40.36,       -4.26,
       40.72,       -4.27,
       41.08,       -4.22,
       41.44,       -4.22,
       41.84,       -4.20,
       42.24,       -4.22,
       42.63,       -4.24,
       43.03,       -4.25,
       43.43,       -4.23,
       43.83,       -4.27,
       44.23,       -4.26,
       44.59,       -4.28,
       44.95,       -4.32,
       45.35,       -4.29,
       45.71,       -4.26,
       46.11,       -4.22,
       46.51,       -4.19,
       46.91,       -4.17,
       47.27,       -4.14,
       47.66,       -4.08,
       48.02,       -4.08,
       48.42,       -4.13,
       48.78,       -4.10,
       49.18,       -4.13,
       49.54,       -4.10,
       49.94,       -4.07,
       50.34,       -4.05,
       50.74,       -4.02,
       51.18,       -3.98,
       51.58,       -3.93,
       51.98,       -3.93,
       52.37,       -3.91,
       52.73,       -3.91,
       53.13,       -3.91,
       53.53,       -3.91,
       53.93,       -3.88,
       54.37,       -3.83,
       54.77,       -3.81,
       55.17,       -3.86,
       55.57,       -3.86,
       55.97,       -3.83,
       56.33,       -3.82,
       56.73,       -3.78,
       57.13,       -3.74,
       57.52,       -3.75,
       57.92,       -3.67,
       58.36,       -3.66,
       58.80,       -3.65,
       59.24,       -3.56,
       59.68,       -3.49,
       60.08,       -3.47,
       60.48,       -3.47,
       60.88,       -3.50,
       61.28,       -3.47,
       61.72,       -3.49,
       62.12,       -3.51,
       62.51,       -3.47,
       62.95,       -3.46,
       63.35,       -3.44,
       63.75,       -3.45,
       64.15,       -3.45,
       64.55,       -3.42,
       64.95,       -3.41,
       65.39,       -3.38,
       65.79,       -3.34,
       66.23,       -3.33,
       66.67,       -3.33,
       67.11,       -3.30,
       67.54,       -3.24,
       67.98,       -3.22,
       68.38,       -3.20,
       68.78,       -3.17,
       69.18,       -3.15,
       69.62,       -3.14,
       70.02,       -3.14,
       70.46,       -3.10,
       70.90,       -3.10,
       71.30,       -3.07,
       71.70,       -3.00,
       72.14,       -2.96,
       72.53,       -2.91,
       72.93,       -2.88,
       73.37,       -2.90,
       73.77,       -2.91,
       74.21,       -2.86,
       74.69,       -2.85,
       75.09,       -2.85,
       75.57,       -2.78,
       76.01,       -2.72,
       76.41,       -2.67,
       76.85,       -2.64,
       77.25,       -2.58,
       77.68,       -2.53,
       78.12,       -2.51,
       78.56,       -2.51,
       79.00,       -2.46,
       79.40,       -2.43,
       79.84,       -2.43,
       80.24,       -2.34,
       80.68,       -2.28,
       81.12,       -2.28,
       81.52,       -2.25,
       81.96,       -2.24,
       82.39,       -2.22,
       82.83,       -2.16,
       83.31,       -2.14,
       83.75,       -2.14,
       84.19,       -2.12,
       84.63,       -2.12,
       85.07,       -2.12,
       85.47,       -2.12,
       85.91,       -2.10,
       86.39,       -2.08,
       86.83,       -2.07,
       87.23,       -2.05,
       87.66,       -2.05,
       88.06,       -2.05,
       88.50,       -2.01,
       88.94,       -2.00,
       89.34,       -2.00,
       89.78,       -1.98,
       90.26,       -1.90,
       90.70,       -1.86,
       91.18,       -1.87,
       91.66,       -1.88,
       92.10,       -1.87,
       92.49,       -1.86,
       92.93,       -1.84,
       93.37,       -1.83,
       93.81,       -1.79,
       94.25,       -1.78,
       94.69,       -1.77,
       95.13,       -1.77,
       95.57,       -1.73,
       96.01,       -1.71,
       96.41,       -1.70,
       96.85,       -1.64,
       97.29,       -1.60,
       97.72,       -1.59,
       98.20,       -1.55,
       98.68,       -1.51,
       99.12,       -1.49,
       99.60,       -1.47,
      100.04,       -1.46,
      100.48,       -1.42,
      100.92,       -1.38,
      101.36,       -1.35,
      101.80,       -1.33,
      102.24,       -1.32,
      102.67,       -1.29,
      103.15,       -1.25,
      103.59,       -1.20,
      103.99,       -1.20,
      104.43,       -1.18,
      104.87,       -1.16,
      105.31,       -1.16,
      105.79,       -1.09,
      106.23,       -1.07,
      106.75,       -1.07,
      107.19,       -1.08,
      107.66,       -1.08,
      108.10,       -1.08,
      108.54,       -1.07,
      108.98,       -1.05,
      109.42,       -1.04,
      109.90,       -1.07,
      110.34,       -1.10,
      110.82,       -1.06,
      111.26,       -1.03,
      111.70,       -1.03,
      112.14,       -1.01,
      112.57,       -0.99,
      113.01,       -0.97,
      113.45,       -0.94,
      113.93,       -0.94,
      114.41,       -0.90,
      114.85,       -0.89,
      115.33,       -0.89,
      115.81,       -0.88,
      116.29,       -0.88,
      116.73,       -0.85,
      117.17,       -0.81,
      117.60,       -0.80,
      118.08,       -0.78,
      118.52,       -0.77,
      119.00,       -0.72,
      119.44,       -0.71,
      119.88,       -0.69,
      120.32,       -0.69,
      120.80,       -0.64,
      121.20,       -0.63,
      121.68,       -0.59,
      122.12,       -0.59,
      122.63,       -0.56,
      123.11,       -0.53,
      123.59,       -0.46,
      124.07,       -0.45,
      124.51,       -0.42,
      124.99,       -0.42,
      125.43,       -0.39,
      125.87,       -0.30,
      126.35,       -0.28,
      126.83,       -0.24,
      127.31,       -0.26,
      127.74,       -0.27,
      128.14,       -0.27,
      128.62,       -0.25,
      129.06,       -0.24,
      129.54,       -0.20,
      130.06,       -0.20,
      130.54,       -0.20,
      131.02,       -0.16,
      131.54,       -0.16,
      132.02,       -0.12,
      132.45,       -0.13,
      132.89,       -0.15,
      133.37,       -0.15,
      133.81,       -0.14,
      134.29,       -0.13,
      134.77,       -0.16,
      135.21,       -0.13,
      135.65,       -0.20,
      136.13,       -0.24,
      136.57,       -0.30,
      137.01,       -0.37,
      137.48,       -0.37,
      137.96,       -0.35,
      138.48,       -0.34,
      138.96,       -0.34,
      139.44,       -0.31,
      139.92,       -0.31,
      140.36,       -0.32,
      140.84,       -0.31,
      141.28,       -0.28,
      141.76,       -0.24,
      142.20,       -0.24,
      142.67,       -0.24,
      143.15,       -0.22,
      143.59,       -0.20,
      144.03,       -0.18,
      144.51,       -0.14,
      144.95,       -0.15,
      145.43,       -0.15,
      145.91,       -0.15,
      146.39,       -0.16,
      146.87,       -0.15,
      147.38,       -0.15,
      147.86,       -0.12,
      148.34,       -0.09,
      148.78,       -0.06,
      149.22,       -0.02,
      149.66,       -0.03,
      150.14,       -0.07,
      150.62,       -0.06,
      151.10,       -0.03,
      151.58,       -0.04,
      152.02,       -0.02,
      152.45,       -0.03,
      152.93,       -0.03,
      153.41,       -0.02,
      153.85,       -0.04,
      154.37,       -0.04,
      154.85,       -0.06,
      155.37,       -0.08,
      155.85,       -0.11,
      156.29,       -0.13,
      156.73,       -0.15,
      157.21,       -0.18,
      157.72,       -0.20,
      158.16,       -0.20,
      158.68,       -0.22,
      159.16,       -0.24,
      159.60,       -0.24,
      160.04,       -0.27,
      160.52,       -0.27,
      160.96,       -0.25,
      161.44,       -0.26,
      161.96,       -0.25,
      162.51,       -0.26,
      163.03,       -0.24,
      163.51,       -0.18,
      163.99,       -0.17,
      164.47,       -0.11,
      164.91,       -0.07,
      165.39,       -0.05,
      165.83,       -0.02,
      166.31,       -0.08,
      166.79,       -0.07,
      167.27,       -0.06,
      167.74,       -0.11,
      168.18,       -0.10,
      168.62,       -0.12,
      169.10,       -0.12,
      169.58,       -0.10,
      170.06,       -0.15,
      170.54,       -0.17,
      171.02,       -0.29,
      171.54,       -0.55,
      172.02,       -0.87,
      172.49,       -1.24,
      172.93,       -1.59,
      173.41,       -1.99,
      173.89,       -2.41,
      174.41,       -2.80,
      174.89,       -3.18,
      175.37,       -3.56,
      175.81,       -3.91,
      176.29,       -4.19,
      176.73,       -4.26,
      177.21,       -4.26,
      177.64,       -4.24,
      178.16,       -4.24,
      178.64,       -4.17,
      179.12,       -4.07,
      179.68,       -4.04,
      180.16,       -4.04,
      180.64,       -3.95,
      181.08,       -3.87,
      181.56,       -3.79,
      182.08,       -3.84,
      182.55,       -3.89,
      183.03,       -3.89,
      183.51,       -3.80,
      183.95,       -3.74,
      184.43,       -3.73,
      184.87,       -3.72,
      185.35,       -3.65,
      185.79,       -3.58,
      186.31,       -3.55,
      186.79,       -3.56,
      187.31,       -3.57,
      187.78,       -3.61,
      188.26,       -3.68,
      188.74,       -3.79,
      189.22,       -3.56,
      189.66,       -3.52,
      190.14,       -3.52,
      190.62,       -3.52,
      191.14,       -3.43,
      191.58,       -3.39,
      192.02,       -3.39,
      192.49,       -3.39,
      192.97,       -3.34,
      193.41,       -3.32,
      193.89,       -3.26,
      194.41,       -3.21,
      194.89,       -3.17,
      195.41,       -3.12,
      195.89,       -3.08,
      196.37,       -3.03,
      196.85,       -2.99,
      197.29,       -2.95,
      197.76,       -2.93,
      198.24,       -2.91,
      198.72,       -2.90,
      199.20,       -2.83,
      199.64,       -2.85,
      200.12,       -2.86,
      200.60,       -2.82,
      201.04,       -2.79,
      201.52,       -2.79,
      202.00,       -2.78,
      202.51,       -2.72,
      202.99,       -2.73,
      203.51,       -2.73,
      203.99,       -2.72,
      204.47,       -2.63,
      204.95,       -2.63,
      205.39,       -2.62,
      205.87,       -2.51,
      206.35,       -2.50,
      206.83,       -2.49,
      207.31,       -2.43,
      207.74,       -2.40,
      208.22,       -2.36,
      208.70,       -2.29,
      209.18,       -2.30,
      209.62,       -2.25,
      210.14,       -2.18,
      210.62,       -2.15,
      211.14,       -2.14,
      211.62,       -2.08,
      212.14,       -2.00,
      212.61,       -1.95,
      213.05,       -1.92,
      213.49,       -1.87,
      213.97,       -1.86,
      214.45,       -1.88,
      214.97,       -1.83,
      215.41,       -1.76,
      215.89,       -1.77,
      216.33,       -1.75,
      216.81,       -1.76,
      217.29,       -1.75,
      217.76,       -1.76,
      218.28,       -1.73,
      218.76,       -1.67,
      219.24,       -1.62,
      219.76,       -1.57,
      220.24,       -1.56,
      220.72,       -1.53,
      221.16,       -1.49,
      221.64,       -1.51,
      222.12,       -1.49,
      222.59,       -1.46,
      223.11,       -1.46,
      223.55,       -1.40,
      224.03,       -1.38,
      224.51,       -1.38,
      224.99,       -1.36,
      225.47,       -1.40,
      225.95,       -1.42,
      226.47,       -1.42,
      226.95,       -1.36,
      227.42,       -1.33,
      227.90,       -1.28,
      228.42,       -1.25,
      228.86,       -1.25,
      229.34,       -1.18,
      229.82,       -1.15,
      230.30,       -1.11,
      230.78,       -1.09,
      231.26,       -1.07,
      231.74,       -1.13,
      232.22,       -1.17,
      232.65,       -1.16,
      233.13,       -1.15,
      233.61,       -1.14,
      234.13,       -1.12,
      234.61,       -1.13,
      235.09,       -1.11,
      235.61,       -1.07,
      236.09,       -1.03,
      236.57,       -1.01,
      237.05,       -1.04,
      237.52,       -1.04,
      238.00,       -1.04,
      238.48,       -1.00,
      239.00,       -0.95,
      239.44,       -0.94,
      239.92,       -0.90,
      240.40,       -0.91,
      240.84,       -0.87,
      241.32,       -0.83,
      241.80,       -0.68,
      242.28,       -0.75,
      242.79,       -0.69,
      243.31,       -0.72,
      243.79,       -0.71,
      244.31,       -0.67,
      244.75,       -0.66,
      245.23,       -0.59,
      245.71,       -0.59,
      246.23,       -0.59,
      246.71,       -0.60,
      247.19,       -0.61,
      247.66,       -0.59,
      248.10,       -0.59,
      248.58,       -0.55,
      249.02,       -0.54,
      249.50,       -0.52,
      250.02,       -0.53,
      250.50,       -0.50,
      251.02,       -0.52,
      251.54,       -0.48,
      252.02,       -0.47,
      252.49,       -0.46,
      252.97,       -0.44,
      253.45,       -0.42,
      253.89,       -0.43,
      254.41,       -0.44,
      254.89,       -0.43,
      255.37,       -0.45,
      255.85,       -0.47,
      256.29,       -0.46,
      256.77,       -0.46,
      257.25,       -0.45,
      257.72,       -0.44,
      258.24,       -0.45,
      258.72,       -0.50,
      259.24,       -0.53,
      259.72,       -0.55,
      260.24,       -0.63,
      260.72,       -0.65,
      261.16,       -0.68,
      261.64,       -0.91,
      262.12,       -1.18,
      262.63,       -1.32,
      263.11,       -1.65,
      263.55,       -1.85,
      264.03,       -1.94,
      264.51,       -2.05,
      264.99,       -2.08,
      265.47,       -2.06,
      265.95,       -2.10,
      266.47,       -2.10,
      266.95,       -2.08,
      267.46,       -2.08,
      267.98,       -2.13,
      268.46,       -2.16,
      268.94,       -2.17,
      269.38,       -2.16,
      269.86,       -2.20,
      270.38,       -2.15,
      270.82,       -2.14,
      271.30,       -2.14,
      271.78,       -2.16,
      272.26,       -2.15,
      272.73,       -2.15,
      273.17,       -2.15,
      273.69,       -2.17,
      274.17,       -2.15,
      274.69,       -2.16,
      275.21,       -2.12,
      275.69,       -2.14,
      276.21,       -2.15,
      276.69,       -2.12,
      277.13,       -2.11,
      277.60,       -2.08,
      278.08,       -2.09,
      278.56,       -2.12,
      279.04,       -2.05,
      279.52,       -2.04,
      280.00,       -2.05,
      280.48,       -2.04,
      280.96,       -2.04,
      281.44,       -2.00,
      281.92,       -1.98,
      282.43,       -1.97,
      282.91,       -1.99,
      283.43,       -1.99,
      283.95,       -1.96,
      284.43,       -1.95,
      284.91,       -1.95,
      285.35,       -1.93,
      285.83,       -1.90,
      286.35,       -1.90,
      286.83,       -1.86,
      287.31,       -1.85,
      287.78,       -1.82,
      288.26,       -1.76,
      288.74,       -1.71,
      289.18,       -1.67,
      289.70,       -1.64,
      290.18,       -1.60,
      290.74,       -1.56,
      291.22,       -1.56,
      291.74,       -1.55,
      292.22,       -1.51,
      292.69,       -1.50,
      293.13,       -1.44,
      293.61,       -1.38,
      294.13,       -1.36,
      294.61,       -1.33,
      295.09,       -1.27,
      295.57,       -1.21,
      296.05,       -1.18,
      296.53,       -1.17,
      297.01,       -1.11,
      297.48,       -1.05,
      297.96,       -1.03,
      298.48,       -0.98,
      299.00,       -0.92,
      299.48,       -0.88,
      299.96,       -0.83,
      300.48,       -0.81,
      300.96,       -0.80,
      301.40,       -0.74,
      301.88,       -0.71,
      302.40,       -0.66,
      302.87,       -0.63,
      303.35,       -0.63,
      303.83,       -0.60,
      304.31,       -0.59,
      304.79,       -0.56,
      305.27,       -0.56,
      305.75,       -0.56,
      306.27,       -0.55,
      306.75,       -0.50,
      307.27,       -0.49,
      307.74,       -0.48,
      308.26,       -0.42,
      308.74,       -0.36,
      309.22,       -0.33,
      309.66,       -0.26,
      310.14,       -0.20,
      310.66,       -0.16,
      311.14,       -0.12,
      311.66,       -0.07,
      312.10,       -0.03,
      312.57,       -0.01,
      313.05,        0.02,
      313.53,        0.08,
      314.05,        0.10,
      314.53,        0.11,
      315.05,        0.15,
      315.57,        0.15,
      316.05,        0.20,
      316.57,        0.24,
      317.01,        0.27,
      317.48,        0.28,
      317.96,        0.36,
      318.48,        0.40,
      318.96,        0.44,
      319.44,        0.50,
      319.92,        0.54,
      320.40,        0.55,
      320.88,        0.58,
      321.32,        0.60,
      321.84,        0.64,
      322.36,        0.66,
      322.87,        0.72,
      323.35,        0.70,
      323.87,        0.69,
      324.39,        0.72,
      324.87,        0.76,
      325.35,        0.78,
      325.83,        0.81,
      326.31,        0.81,
      326.79,        0.82,
      327.31,        0.84,
      327.78,        0.86,
      328.26,        0.91,
      328.70,        0.91,
      329.18,        0.96,
      329.66,        0.98,
      330.18,        1.01,
      330.74,        1.01,
      331.22,        1.03,
      331.74,        1.07,
      332.26,        1.09,
      332.73,        1.13,
      333.25,        1.17,
      333.69,        1.16,
      334.17,        1.15,
      334.69,        1.15,
      335.17,        1.14,
      335.65,        1.10,
      336.13,        1.10,
      336.61,        1.08,
      337.05,        1.03,
      337.52,        1.04,
      338.04,        0.93,
      338.56,        0.88,
      339.04,        0.85,
      339.56,        0.84,
      340.08,        0.84,
      340.56,        0.84,
      341.08,        0.80,
      341.56,        0.86,
      342.04,        0.81,
      342.51,        0.81,
      343.03,        0.85,
      343.47,        0.84,
      343.95,        0.85,
      344.43,        0.90,
      344.91,        0.94,
      345.39,        0.93,
      345.91,        0.92,
      346.39,        0.93,
      346.91,        0.93,
      347.43,        0.96,
      347.90,        1.00,
      348.42,        1.02,
      348.94,        1.03,
      349.42,        1.02,
      349.90,        1.03,
      350.38,        1.03,
      350.86,        1.03,
      351.34,        1.05,
      351.82,        1.07,
      352.30,        1.11,
      352.77,        1.12,
      353.25,        1.14,
      353.73,        1.14,
      354.25,        1.17,
      354.77,        1.20,
      355.29,        1.17,
      355.77,        1.21,
      356.29,        1.20,
      356.77,        1.20,
      357.29,        1.23,
      357.76,        1.20,
      358.20,        1.19,
      358.72,        1.13,
      359.20,        1.12,
      359.68,        1.10,
      360.16,        1.07,
      360.64,        1.04,
      361.12,        1.00,
      361.60,        0.94,
      362.08,        0.88,
      362.59,        0.71,
      363.11,        0.52,
      363.63,        0.37,
      364.11,        0.24,
      364.63,        0.20,
      365.11,        0.18,
      365.59,        0.14,
      366.07,        0.09,
      366.55,        0.07,
      367.03,        0.05,
      367.54,        0.05,
      368.02,       -0.02,
      368.50,       -0.03,
      368.94,       -0.08,
      369.42,       -0.12,
      369.94,       -0.15,
      370.46,       -0.24,
      370.94,       -0.26,
      371.46,       -0.26,
      371.98,       -0.33,
      372.45,       -0.40,
      372.93,       -0.48,
      373.41,       -0.36,
      373.89,       -0.67,
      374.37,       -0.85,
      374.85,       -1.04,
      375.37,       -1.35,
      375.85,       -1.64,
      376.33,       -1.80,
      376.81,       -2.03,
      377.25,       -2.01,
      377.76,       -2.06,
      378.28,       -2.11,
      378.80,       -2.10,
      379.28,       -2.12,
      379.80,       -2.12,
      380.28,       -2.10,
      380.76,       -2.12,
      381.24,       -2.14,
      381.72,       -2.12,
      382.20,       -2.08,
      382.71,       -2.06,
      383.19,       -2.10,
      383.67,       -2.09,
      384.15,       -2.12,
      384.63,       -2.13,
      385.11,       -2.10,
      385.59,       -2.07,
      386.11,       -2.03,
      386.63,       -1.96,
      387.11,       -1.87,
      387.62,       -1.92,
      388.10,       -1.91,
      388.58,       -1.94,
      389.06,       -1.94,
      389.54,       -1.93,
      390.02,       -1.93,
      390.50,       -1.87,
      391.02,       -1.86,
      391.50,       -1.88,
      391.98,       -1.88,
      392.42,       -1.88,
      392.89,       -1.86,
      393.37,       -1.86,
      393.89,       -1.85,
      394.41,       -1.80,
      394.89,       -1.76,
      395.41,       -1.77,
      395.89,       -1.78,
      396.37,       -1.73,
      396.85,       -1.68,
      397.33,       -1.68,
      397.80,       -1.72,
      398.32,       -1.70,
      398.80,       -1.67,
      399.28,       -1.64,
      399.76,       -1.60,
      400.24,       -1.57,
      400.68,       -1.57,
      401.16,       -1.59,
      401.68,       -1.57,
      402.20,       -1.57,
      402.71,       -1.55,
      403.23,       -1.55,
      403.71,       -1.54,
      404.23,       -1.55,
      404.71,       -1.51,
      405.15,       -1.51,
      405.63,       -1.51,
      406.15,       -1.48,
      406.63,       -1.47,
      407.15,       -1.46,
      407.62,       -1.42,
      408.06,       -1.40,
      408.54,       -1.38,
      408.98,       -1.37,
      409.50,       -1.35,
      410.02,       -1.30,
      410.50,       -1.29,
      411.02,       -1.31,
      411.54,       -1.31,
      412.02,       -1.29,
      412.53,       -1.29,
      412.97,       -1.30,
      413.45,       -1.31,
      413.97,       -1.30,
      414.45,       -1.28,
      414.93,       -1.27,
      415.45,       -1.26,
      415.93,       -1.24,
      416.37,       -1.26,
      416.85,       -1.36,
      417.29,       -1.34,
      417.80,       -1.29,
      418.32,       -1.28,
      418.84,       -1.29,
      419.36,       -1.30,
      419.84,       -1.31,
      420.36,       -1.30,
      420.88,       -1.28,
      421.36,       -1.22,
      421.84,       -1.17,
      422.32,       -1.11,
      422.79,       -1.07,
      423.31,       -1.07,
      423.75,       -1.09,
      424.23,       -1.07,
      424.71,       -1.01,
      425.19,       -0.98,
      425.67,       -0.98,
      426.19,       -0.96,
      426.71,       -0.97,
      427.19,       -0.90,
      427.70,       -0.89,
      428.22,       -0.88,
      428.74,       -0.86,
      429.22,       -0.89,
      429.70,       -0.90,
      430.18,       -0.91,
      430.66,       -0.90,
      431.14,       -0.86,
      431.66,       -0.83,
      432.10,       -0.80,
      432.57,       -0.79,
      433.05,       -0.84,
      433.53,       -0.86,
      434.05,       -0.83,
      434.57,       -0.82,
      435.09,       -0.79,
      435.57,       -0.76,
      436.09,       -0.75,
      436.61,       -0.73,
      437.09,       -0.74,
      437.56,       -0.78,
      438.04,       -0.85,
      438.52,       -0.90,
      439.00,       -0.93,
      439.48,       -0.94,
      439.96,       -0.94,
      440.44,       -0.99,
      440.88,       -1.03,
      441.44,       -1.03,
      441.92,       -1.07,
      442.44,       -1.09,
      442.95,       -1.14,
      443.47,       -1.17,
      443.95,       -1.14,
      444.47,       -1.12,
      444.95,       -1.09,
      445.39,       -1.10,
      445.87,       -1.09,
      446.35,       -1.07,
      446.87,       -1.05,
      447.35,       -1.03,
      447.82,       -1.00,
      448.30,       -0.98,
      448.74,       -0.99,
      449.22,       -0.99,
      449.74,       -1.00,
      450.26,       -0.99,
      450.74,       -0.94,
      451.26,       -0.96,
      451.78,       -0.95,
      452.26,       -0.94,
      452.73,       -0.96,
      453.17,       -1.00,
      453.65,       -1.12,
      454.17,       -1.27,
      454.65,       -1.60,
      455.13,       -2.00,
      455.61,       -2.29,
      456.09,       -2.56,
      456.57,       -2.60,
      457.05,       -2.55,
      457.52,       -2.51,
      458.04,       -2.50,
      458.56,       -2.50,
      459.08,       -2.52,
      459.60,       -2.51,
      460.12,       -2.51,
      460.56,       -2.51,
      461.04,       -2.53,
      461.52,       -2.58,
      462.00,       -2.59,
      462.51,       -2.56,
      462.99,       -2.63,
      463.47,       -2.64,
      463.95,       -2.69,
      464.43,       -2.71,
      464.91,       -2.69,
      465.39,       -2.69,
      465.91,       -2.70,
      466.39,       -2.66,
      466.95,       -2.64,
      467.47,       -2.59,
      467.94,       -2.55,
      468.42,       -2.54,
      468.90,       -2.56,
      469.38,       -2.56,
      469.90,       -2.60,
      470.42,       -2.56,
      470.90,       -2.58,
      471.38,       -2.59,
      471.86,       -2.55,
      472.34,       -2.63,
      472.81,       -2.60,
      473.29,       -2.60,
      473.77,       -2.63,
      474.29,       -2.60,
      474.81,       -2.59,
      475.29,       -2.59,
      475.81,       -2.55,
      476.29,       -2.54,
      476.77,       -2.51,
      477.25,       -2.47,
      477.72,       -2.47,
      478.24,       -2.42,
      478.72,       -2.37,
      479.20,       -2.35,
      479.68,       -2.30,
      480.16,       -2.23,
      480.64,       -2.22,
      481.12,       -2.20,
      481.64,       -2.21,
      482.16,       -2.21,
      482.63,       -2.20,
      483.15,       -2.20,
      483.67,       -2.16,
      484.15,       -2.13,
      484.63,       -2.11,
      485.11,       -2.08,
      485.59,       -2.11,
      486.07,       -2.06,
      486.59,       -2.02,
      487.07,       -1.94,
      487.54,       -1.88,
      488.02,       -1.87,
      488.50,       -1.92,
      488.98,       -1.88,
      489.46,       -1.87,
      489.98,       -1.85,
      490.46,       -1.80,
      490.98,       -1.83,
      491.50,       -1.81,
      491.98,       -1.79,
      492.50,       -1.76,
      492.93,       -1.74,
      493.41,       -1.74,
      493.93,       -1.69,
      494.41,       -1.65,
      494.89,       -1.60,
      495.41,       -1.58,
      495.89,       -1.57,
      496.33,       -1.50,
      496.81,       -1.47,
      497.29,       -1.46,
      497.80,       -1.43,
      498.32,       -1.39,
      498.84,       -1.38,
      499.36,       -1.34,
      499.84,       -1.29,
      500.36,       -1.21,
      500.84,       -1.12,
      501.28,       -1.14,
      501.76,       -1.17,
      502.28,       -1.15,
      502.79,       -1.14,
      503.27,       -1.11,
      503.75,       -1.11,
      504.23,       -1.06,
      504.67,       -1.04,
      505.15,       -0.99,
      505.67,       -0.98,
      506.15,       -0.94,
      506.67,       -0.87,
      507.23,       -0.86,
      507.74,       -0.89,
      508.22,       -0.87,
      508.74,       -0.85,
      509.18,       -0.86,
      509.66,       -0.76,
      510.14,       -0.72,
      510.66,       -0.69,
      511.14,       -0.62,
      511.62,       -0.62,
      512.10,       -0.58,
      512.57,       -0.52,
      513.05,       -0.50,
      513.53,       -0.46,
      514.05,       -0.41,
      514.53,       -0.36,
      515.05,       -0.30,
      515.57,       -0.30,
      516.09,       -0.29,
      516.57,       -0.24,
      517.05,       -0.22,
      517.53,       -0.15,
      518.04,       -0.14,
      518.52,       -0.18,
      519.00,       -0.10,
      519.48,       -0.15,
      519.96,       -0.10,
      520.44,       -0.08,
      520.92,       -0.06,
      521.40,        0.02,
      521.88,       -0.11,
      522.40,       -0.13,
      522.95,       -0.07,
      523.47,       -0.08,
      523.95,       -0.07,
      524.47,       -0.08,
      524.95,       -0.07,
      525.39,       -0.02,
      525.87,       -0.03,
      526.31,        0.00,
      526.83,        0.02,
      527.31,        0.05,
      527.78,        0.05,
      528.26,        0.05,
      528.74,        0.06,
      529.22,        0.11,
      529.74,        0.12,
      530.22,        0.17,
      530.74,        0.20,
      531.30,        0.21,
      531.78,        0.24,
      532.34,        0.26,
      532.81,        0.27,
      533.29,        0.29,
      533.77,        0.39,
      534.25,        0.42,
      534.73,        0.46,
      535.25,        0.46,
      535.73,        0.52,
      536.21,        0.49,
      536.69,        0.55,
      537.17,        0.58,
      537.64,        0.58,
      538.16,        0.56,
      538.68,        0.55,
      539.16,        0.54,
      539.68,        0.54,
      540.20,        0.55,
      540.72,        0.60,
      541.16,        0.57,
      541.64,        0.59,
      542.16,        0.61,
      542.63,        0.59,
      543.11,        0.58,
      543.59,        0.58,
      544.07,        0.55,
      544.59,        0.42,
      545.03,        0.25,
      545.51,        0.16,
      546.07,        0.11,
      546.59,        0.11,
      547.11,        0.11,
      547.62,        0.10,
      548.10,        0.11,
      548.58,        0.11,
      549.06,        0.11,
      549.54,        0.11,
      550.06,        0.14,
      550.54,        0.15,
      551.02,        0.13,
      551.50,        0.11,
      552.02,        0.09,
      552.46,        0.10,
      552.93,        0.09,
      553.41,        0.11,
      553.93,        0.12,
      554.45,        0.15,
      554.97,        0.14,
      555.45,        0.15,
      555.93,        0.14,
      556.45,        0.15,
      556.93,        0.14,
      557.41,        0.11,
      557.88,        0.12,
      558.36,        0.15,
      558.88,        0.10,
      559.36,        0.10,
      559.84,        0.08,
      560.32,        0.11,
      560.76,        0.11,
      561.24,        0.11,
      561.76,        0.12,
      562.28,        0.11,
      562.79,        0.13,
      563.27,        0.09,
      563.75,        0.02,
      564.27,       -0.05,
      564.75,       -0.19,
      565.23,       -0.52,
      565.71,       -0.89,
      566.19,       -1.29,
      566.71,       -1.68,
      567.19,       -2.03,
      567.66,       -2.21,
      568.14,       -2.22,
      568.62,       -2.22,
      569.06,       -2.23,
      569.58,       -2.21,
      570.10,       -2.21,
      570.58,       -2.24,
      571.06,       -2.16,
      571.58,       -2.12,
      572.06,       -2.09,
      572.54,       -2.08,
      573.01,       -2.12,
      573.49,       -2.11,
      573.97,       -2.04,
      574.49,       -2.07,
      574.97,       -2.08,
      575.45,       -2.08,
      575.93,       -2.14,
      576.41,       -2.13,
      576.85,       -2.15,
      577.33,       -2.19,
      577.88,       -2.19,
      578.36,       -2.20,
      578.88,       -2.17,
      579.40,       -2.15,
      579.88,       -2.12,
      580.40,       -2.12,
      580.84,       -2.13,
      581.32,       -2.09,
      581.80,       -2.03,
      582.32,       -1.97,
      582.79,       -1.94,
      583.27,       -1.96,
      583.79,       -1.95,
      584.23,       -1.93,
      584.71,       -1.95,
      585.19,       -1.99,
      585.67,       -2.00,
      586.19,       -1.98,
      586.71,       -1.94,
      587.23,       -1.86,
      587.70,       -1.86,
      588.18,       -1.86,
      588.70,       -1.83,
      589.14,       -1.81,
      589.62,       -1.81,
      590.10,       -1.76,
      590.62,       -1.73,
      591.10,       -1.72,
      591.58,       -1.70,
      592.06,       -1.70,
      592.50,       -1.73,
      592.97,       -1.70,
      593.45,       -1.70,
      594.01,       -1.71,
      594.49,       -1.71,
      595.01,       -1.69,
      595.53,       -1.70,
      596.05,       -1.68,
      596.53,       -1.70,
      596.97,       -1.72,
      597.45,       -1.68,
      597.92,       -1.67,
      598.44,       -1.68,
      598.92,       -1.68,
      599.40,       -1.68,
      599.88,       -1.68,
      600.32,       -1.68,
      600.80,       -1.67,
      601.28,       -1.64,
      601.80,       -1.62,
      602.32,       -1.58,
      602.79,       -1.58,
      603.31,       -1.58,
      603.83,       -1.56,
      604.31,       -1.60,
      604.79,       -1.59,
      605.27,       -1.59,
      605.75,       -1.56,
      606.23,       -1.55,
      606.75,       -1.56,
      607.19,       -1.53,
      607.66,       -1.52,
      608.14,       -1.52,
      608.62,       -1.54,
      609.10,       -1.60,
      609.58,       -1.57,
      610.10,       -1.55,
      610.66,       -1.45,
      611.18,       -1.44,
      611.66,       -1.42,
      612.18,       -1.41,
      612.65,       -1.41,
      613.13,       -1.38,
      613.61,       -1.35,
      614.05,       -1.36,
      614.53,       -1.33,
      615.05,       -1.29,
      615.53,       -1.29,
      616.01,       -1.26,
      616.49,       -1.31,
      616.97,       -1.26,
      617.45,       -1.25,
      617.96,       -1.20,
      618.44,       -1.18,
      618.96,       -1.20,
      619.48,       -1.19,
      619.96,       -1.15,
      620.48,       -1.13,
      620.92,       -1.12,
      621.36,       -1.11,
      621.84,       -1.15,
      622.36,       -1.08,
      622.83,       -1.08,
      623.31,       -1.08,
      623.79,       -1.03,
      624.27,       -1.03,
      624.75,       -1.03,
      625.23,       -1.00,
      625.71,       -1.01,
      626.23,       -0.94,
      626.75,       -0.93,
      627.27,       -0.89,
      627.78,       -0.84,
      628.26,       -0.83,
      628.70,       -0.78,
      629.18,       -0.76,
      629.66,       -0.75,
      630.14,       -0.68,
      630.66,       -0.77,
      631.14,       -0.73,
      631.62,       -0.68,
      632.10,       -0.70,
      632.58,       -0.68,
      633.05,       -0.68,
      633.57,       -0.72,
      634.09,       -0.68,
      634.61,       -0.72,
      635.13,       -0.71,
      635.61,       -0.71,
      636.09,       -0.74,
      636.61,       -0.74,
      637.09,       -0.74,
      637.57,       -0.74,
      638.00,       -0.72,
      638.52,       -0.84,
      639.00,       -0.84,
      639.52,       -0.83,
      640.00,       -0.88,
      640.44,       -0.86,
      640.92,       -0.92,
      641.40,       -0.92,
      641.92,       -0.88,
      642.44,       -0.91,
      642.95,       -0.88,
      643.43,       -0.90,
      643.91,       -0.94,
      644.43,       -0.89,
      644.91,       -0.89,
      645.39,       -0.85,
      645.87,       -0.78,
      646.35,       -0.76,
      646.83,       -0.72,
      647.35,       -0.69,
      647.82,       -0.64,
      648.30,       -0.64,
      648.78,       -0.62,
      649.26,       -0.56,
      649.78,       -0.50,
      650.30,       -0.48,
      650.78,       -0.46,
      651.30,       -0.43,
      651.82,       -0.41,
      652.34,       -0.34,
      652.81,       -0.32,
      653.29,       -0.31,
      653.77,       -0.28,
      654.25,       -0.24,
      654.73,       -0.21,
      655.25,       -0.20,
      655.73,       -0.16,
      656.21,       -0.15,
      656.69,       -0.11,
      657.17,       -0.09,
      657.64,       -0.05,
      658.12,       -0.03,
      658.64,       -0.02,
      659.16,       -0.02,
      659.68,       -0.01,
      660.16,        0.05,
      660.68,        0.08,
      661.16,        0.09,
      661.64,        0.12,
      662.12,        0.12,
      662.60,        0.16,
      663.07,        0.20,
      663.59,        0.21,
      664.07,        0.19,
      664.55,        0.19,
      665.03,        0.20,
      665.47,        0.21,
      665.99,        0.27,
      666.47,        0.28,
      667.03,        0.21,
      667.51,        0.19,
      668.02,        0.18,
      668.54,        0.15,
      669.02,        0.16,
      669.50,        0.19,
      669.98,        0.20,
      670.46,        0.20,
      670.94,        0.12,
      671.46,        0.14,
      671.94,        0.02,
      672.42,       -0.03,
      672.85,       -0.16,
      673.33,       -0.54,
      673.85,       -0.76,
      674.37,       -1.08,
      674.85,       -1.39,
      675.37,       -1.60,
      675.89,       -1.99,
      676.41,       -2.36,
      676.89,       -2.60,
      677.37,       -2.70,
      677.84,       -2.71,
      678.32,       -2.77,
      678.80,       -2.82,
      679.32,       -2.83,
      679.80,       -2.85,
      680.24,       -2.79,
      680.72,       -2.72,
      681.20,       -2.69,
      681.68,       -2.67,
      682.20,       -2.63,
      682.71,       -2.55,
      683.23,       -2.52,
      683.71,       -2.47,
      684.23,       -2.34,
      684.75,       -2.26,
      685.23,       -2.16,
      685.71,       -2.14,
      686.19,       -2.16,
      686.71,       -2.13,
      687.19,       -2.12,
      687.63,       -2.15,
      688.10,       -2.11,
      688.58,       -2.11,
      689.06,       -2.11,
      689.54,       -2.15,
      690.06,       -2.12,
      690.58,       -2.12,
      691.06,       -2.21,
      691.58,       -2.21,
      692.10,       -2.36,
      692.61,       -2.38,
      693.09,       -2.38,
      693.61,       -2.43,
      694.09,       -2.40,
      694.57,       -2.41,
      695.01,       -2.41,
      695.53,       -2.34,
      696.01,       -2.38,
      696.49,       -2.50,
      696.97,       -2.47,
      697.45,       -2.60,
      697.92,       -2.59,
      698.44,       -2.55,
      698.96,       -2.65,
      699.44,       -2.60,
      699.96,       -1.93,
      700.48,       -2.64,
      701.00,       -2.60,
      701.48,       -2.64,
      701.96,       -2.70,
      702.44,       -2.69,
      702.91,       -2.73,
      703.39,       -2.70,
      703.91,       -2.64,
      704.39,       -2.69,
      704.87,       -2.63,
      705.31,       -2.67,
      705.83,       -2.73,
      706.35,       -2.69,
      706.83,       -2.64,
      707.35,       -2.62,
      707.86,       -2.57,
      708.34,       -2.54,
      708.86,       -2.53,
      709.38,       -2.51,
      709.82,       -2.51,
      710.30,       -2.49,
      710.78,       -2.48,
      711.30,       -2.51,
      711.74,       -2.51,
      712.22,       -2.51,
      712.69,       -2.47,
      713.13,       -2.44,
      713.65,       -2.47,
      714.17,       -2.44,
      714.69,       -2.43,
      715.17,       -2.44,
      715.69,       -2.44,
      716.21,       -2.41,
      716.69,       -2.34,
      717.17,       -2.37,
      717.64,       -2.39,
      718.12,       -2.37,
      718.64,       -2.33,
      719.12,       -2.29,
      719.60,       -2.29,
      720.08,       -2.31,
      720.56,       -2.27,
      721.04,       -2.27,
      721.52,       -2.26,
      722.04,       -2.25,
      722.52,       -2.23,
      723.03,       -2.23,
      723.55,       -2.22,
      724.03,       -2.20,
      724.55,       -2.20,
      724.99,       -2.20,
      725.47,       -2.20,
      725.99,       -2.19,
      726.47,       -2.18,
      726.95,       -2.15,
      727.47,       -2.05,
      727.90,       -2.02,
      728.38,       -2.07,
      728.86,       -2.03,
      729.34,       -2.00,
      729.86,       -2.01,
      730.38,       -1.97,
      730.90,       -1.94,
      731.38,       -1.94,
      731.86,       -1.89,
      732.38,       -1.86,
      732.85,       -1.82,
      733.33,       -1.78,
      733.81,       -1.73,
      734.29,       -1.70,
      734.77,       -1.71,
      735.29,       -1.70,
      735.77,       -1.71,
      736.21,       -1.67,
      736.69,       -1.64,
      737.17,       -1.63,
      737.68,       -1.63,
      738.20,       -1.65,
      738.68,       -1.61,
      739.16,       -1.56,
      739.68,       -1.66,
      740.20,       -1.66,
      740.68,       -1.67,
      741.12,       -1.68,
      741.60,       -1.69,
      742.12,       -1.68,
      742.64,       -1.68,
      743.11,       -1.65,
      743.59,       -1.61,
      744.07,       -1.62,
      744.55,       -1.58,
      745.03,       -1.56,
      745.51,       -1.56,
      745.99,       -1.56,
      746.51,       -1.53,
      747.03,       -1.47,
      747.51,       -1.45,
      748.02,       -1.46,
      748.50,       -1.44,
      748.98,       -1.42,
      749.46,       -1.42,
      749.94,       -1.41,
      750.46,       -1.38,
      750.94,       -1.38,
      751.42,       -1.39,
      751.90,       -1.42,
      752.38,       -1.43,
      752.85,       -1.42,
      753.29,       -1.42,
      753.81,       -1.41,
      754.29,       -1.42,
      754.81,       -1.44,
      755.33,       -1.43,
      755.81,       -1.42,
      756.33,       -1.37,
      756.81,       -1.29,
      757.25,       -1.33,
      757.76,       -1.29,
      758.24,       -1.27,
      758.76,       -1.25,
      759.24,       -1.18,
      759.72,       -1.19,
      760.20,       -1.16,
      760.64,       -1.16,
      761.12,       -1.12,
      761.60,       -1.10,
      762.12,       -1.09,
      762.64,       -1.05,
      763.11,       -0.96,
      763.63,       -0.92,
      764.15,       -0.90,
      764.63,       -0.89,
      765.11,       -0.86,
      765.59,       -0.84,
      766.07,       -0.90,
      766.55,       -0.86,
      767.07,       -0.91,
      767.55,       -0.98,
      767.98,       -0.97,
      768.46,       -0.97,
      768.90,       -0.94,
      769.42,       -0.98,
      769.94,       -1.11,
      770.42,       -1.14,
      770.94,       -1.27,
      771.46,       -1.40,
      771.98,       -1.55,
      772.46,       -1.73,
      772.93,       -2.04,
      773.37,       -2.41,
      773.89,       -2.76,
      774.37,       -3.07,
      774.89,       -3.15,
      775.33,       -3.17,
      775.81,       -3.15,
      776.29,       -3.17,
      776.77,       -3.17,
      777.25,       -3.15,
      777.72,       -3.16,
      778.24,       -3.14,
      778.76,       -3.17,
      779.28,       -3.17,
      779.80,       -3.15,
      780.28,       -3.15,
      780.76,       -3.13,
      781.24,       -3.11,
      781.72,       -3.14,
      782.20,       -3.11,
      782.67,       -3.08,
      783.15,       -3.09,
      783.63,       -3.11,
      784.11,       -3.11,
      784.59,       -3.13,
      785.07,       -3.14,
      785.55,       -3.13,
      786.07,       -3.10,
      786.59,       -3.12,
      787.11,       -3.10,
      787.59,       -3.09,
      788.10,       -3.08,
      788.58,       -3.08,
      789.06,       -3.12,
      789.54,       -3.12,
      789.98,       -3.07,
      790.50,       -3.06,
      790.98,       -3.07,
      791.46,       -3.04,
      791.94,       -3.01,
      792.42,       -3.00,
      792.89,       -2.99,
      793.37,       -3.01,
      793.89,       -2.99,
      794.41,       -2.95,
      794.93,       -2.95,
      795.41,       -2.89,
      795.93,       -2.82,
      796.41,       -2.81,
      796.89,       -2.83,
      797.33,       -2.81,
      797.80,       -2.79,
      798.32,       -2.77,
      798.80,       -2.76,
      799.32,       -2.76,
      799.76,       -2.72,
      800.24,       -2.69,
      800.72,       -2.69,
      801.20,       -2.70,
      801.72,       -2.69,
      802.20,       -2.64,
      802.71,       -2.61,
      803.23,       -2.53,
      803.75,       -2.55,
      804.23,       -2.54,
      804.71,       -2.54,
      805.15,       -2.49,
      805.63,       -2.47,
      806.11,       -2.46,
      806.63,       -2.45,
      807.11,       -2.41,
      807.59,       -2.37,
      808.06,       -2.35,
      808.54,       -2.34,
      809.02,       -2.29,
      809.50,       -2.25,
      810.02,       -2.21,
      810.54,       -2.15,
      811.06,       -2.12,
      811.58,       -2.12,
      812.02,       -2.08,
      812.50,       -2.03,
      812.97,       -2.03,
      813.45,       -2.07,
      813.93,       -2.09,
      814.41,       -2.08,
      814.89,       -2.04,
      815.41,       -1.98,
      815.85,       -1.90,
      816.33,       -1.83,
      816.81,       -1.83,
      817.29,       -1.80,
      817.80,       -1.76,
      818.32,       -1.75,
      818.80,       -1.74,
      819.28,       -1.70,
      819.80,       -1.67,
      820.28,       -1.61,
      820.76,       -1.61,
      821.20,       -1.60,
      821.68,       -1.59,
      822.16,       -1.53,
      822.67,       -1.46,
      823.15,       -1.40,
      823.63,       -1.38,
      824.11,       -1.37,
      824.59,       -1.33,
      825.07,       -1.31,
      825.55,       -1.29,
      826.07,       -1.26,
      826.55,       -1.21,
      827.07,       -1.18,
      827.59,       -1.16,
      828.06,       -1.15,
      828.54,       -1.14,
      828.98,       -1.16,
      829.46,       -1.11,
      829.94,       -1.05,
      830.42,       -1.08,
      830.94,       -1.07,
      831.42,       -1.06,
      831.90,       -1.06,
      832.34,       -1.02,
      832.81,       -1.00,
      833.29,       -1.06,
      833.81,       -1.05,
      834.29,       -1.05,
      834.81,       -0.96,
      835.33,       -1.06,
      835.81,       -1.07,
      836.29,       -1.06,
      836.77,       -1.03,
      837.21,       -1.05,
      837.72,       -1.10,
      838.20,       -1.11,
      838.68,       -1.09,
      839.16,       -1.08,
      839.64,       -1.04,
      840.12,       -1.07,
      840.60,       -1.10,
      841.04,       -1.03,
      841.56,       -1.03,
      842.08,       -0.98,
      842.56,       -0.98,
      843.07,       -1.02,
      843.59,       -1.02,
      844.07,       -1.02,
      844.51,       -1.03,
      844.99,       -1.03,
      845.47,       -1.05,
      845.95,       -1.13,
      846.47,       -1.13,
      846.95,       -1.12,
      847.43,       -1.15,
      847.86,       -1.17,
      848.34,       -1.17,
      848.82,       -1.20,
      849.30,       -1.25,
      849.82,       -1.26,
      850.34,       -1.25,
      850.82,       -1.29,
      851.34,       -1.33,
      851.86,       -1.42,
      852.30,       -1.60,
      852.77,       -1.62,
      853.25,       -1.90,
      853.73,       -2.17,
      854.21,       -2.27,
      854.73,       -2.64,
      855.17,       -2.77,
      855.65,       -2.87,
      856.13,       -3.24,
      856.61,       -3.29,
      857.09,       -3.54,
      857.61,       -3.86,
      858.08,       -3.89,
      858.60,       -3.97,
      859.12,       -3.98,
      859.60,       -3.94,
      860.12,       -4.02,
      860.56,       -3.97,
      861.04,       -3.97,
      861.52,       -4.04,
      862.00,       -4.03,
      862.48,       -4.02,
      862.95,       -4.10,
      863.43,       -4.05,
      863.91,       -4.11,
      864.39,       -4.21,
      864.87,       -4.16,
      865.35,       -4.14,
      865.87,       -4.15,
      866.39,       -4.14,
      866.91,       -4.22,
      867.39,       -4.27,
      867.90,       -4.26,
      868.34,       -4.35,
      868.82,       -4.35,
      869.30,       -4.29,
      869.78,       -4.35,
      870.26,       -4.39,
      870.74,       -4.40,
      871.22,       -4.49,
      871.70,       -4.46,
      872.18,       -4.46,
      872.66,       -4.54,
      873.13,       -4.49,
      873.65,       -4.50,
      874.17,       -4.54,
      874.69,       -4.52,
      875.17,       -4.52,
      875.69,       -4.54,
      876.17,       -4.54,
      876.65,       -4.52,
      877.09,       -4.55,
      877.57,       -4.55,
      878.04,       -4.55,
      878.56,       -4.59,
      879.04,       -4.58,
      879.52,       -4.59,
      880.00,       -4.58,
      880.48,       -4.60,
      880.96,       -4.61,
      881.44,       -4.60,
      881.96,       -4.58,
      882.48,       -4.59,
      882.99,       -4.57,
      883.51,       -4.39,
      883.99,       -4.57,
      884.43,       -4.57,
      884.91,       -4.61,
      885.39,       -4.64,
      885.87,       -4.63,
      886.39,       -4.62,
      886.87,       -4.60,
      887.35,       -4.60,
      887.82,       -4.60,
      888.30,       -4.63,
      888.78,       -4.63,
      889.26,       -4.68,
      889.78,       -4.70,
      890.30,       -4.71,
      890.82,       -4.73,
      891.30,       -4.74,
      891.78,       -4.75,
      892.22,       -4.76,
      892.70,       -4.76,
      893.17,       -4.77,
      893.65,       -4.74,
      894.17,       -4.76,
      894.65,       -4.79,
      895.13,       -4.79,
      895.61,       -4.83,
      896.09,       -4.83,
      896.57,       -4.76,
      897.05,       -4.77,
      897.57,       -4.79,
      898.08,       -4.78,
      898.56,       -4.76,
      899.08,       -4.73,
      899.56,       -4.77,
      900.04,       -4.83,
      900.52,       -4.86,
      901.00,       -4.86,
      901.48,       -4.92,
      902.00,       -4.92,
      902.48,       -4.90,
      902.99,       -4.91,
      903.43,       -4.89,
      903.91,       -4.87,
      904.39,       -4.93,
      904.87,       -4.98,
      905.39,       -4.96,
      905.91,       -5.00,
      906.39,       -5.01,
      906.91,       -5.00,
      907.39,       -5.07,
      907.90,       -5.08,
      908.38,       -5.09,
      908.86,       -5.12,
      909.34,       -5.09,
      909.82,       -5.09,
      910.30,       -5.07,
      910.82,       -5.00,
      911.30,       -4.98,
      911.78,       -4.98,
      912.26,       -4.96,
      912.73,       -4.90,
      913.21,       -4.85,
      913.73,       -4.81,
      914.21,       -4.81,
      914.73,       -4.79,
      915.25,       -4.81,
      915.77,       -4.81,
      916.25,       -4.81,
      916.73,       -4.80,
      917.17,       -4.79,
      917.65,       -4.79,
      918.12,       -4.77,
      918.64,       -4.74,
      919.12,       -4.74,
      919.60,       -4.72,
      920.08,       -4.71,
      920.52,       -4.67,
      921.00,       -4.64,
      921.52,       -4.57,
      922.04,       -4.51,
      922.56,       -4.44,
      923.07,       -4.35,
      923.55,       -4.27,
      924.03,       -4.18,
      924.51,       -4.14,
      924.95,       -4.10,
      925.43,       -4.07,
      925.95,       -4.00,
      926.43,       -3.96,
      926.91,       -3.86,
      927.39,       -3.80,
      927.86,       -3.74,
      928.34,       -3.71,
      928.82,       -3.74,
      929.30,       -3.69,
      929.82,       -3.68,
      930.34,       -3.65,
      930.86,       -3.61,
      931.34,       -3.61,
      931.86,       -3.55,
      932.34,       -3.50,
      932.77,       -3.47,
      933.25,       -3.45,
      933.73,       -3.39,
      934.25,       -3.37,
      934.73,       -3.32,
      935.17,       -3.31,
      935.65,       -3.29,
      936.13,       -3.19,
      936.61,       -3.13,
      937.13,       -3.08,
      937.61,       -3.04,
      938.12,       -2.99,
      938.64,       -2.95,
      939.12,       -2.92,
      939.64,       -2.88,
      940.12,       -2.84,
      940.60,       -2.78,
      941.04,       -2.75,
      941.56,       -2.69,
      942.04,       -2.65,
      942.52,       -2.64,
      943.03,       -2.57,
      943.47,       -2.55,
      943.95,       -2.52,
      944.43,       -2.43,
      944.91,       -2.38,
      945.43,       -2.32,
      945.95,       -2.28,
      946.43,       -2.26,
      946.95,       -2.23,
      947.47,       -2.21,
      947.94,       -2.15,
      948.42,       -2.15,
      948.90,       -2.16,
      949.38,       -2.11,
      949.86,       -2.06,
      950.34,       -2.03,
      950.86,       -2.01,
      951.34,       -2.01,
      951.82,       -1.95,
      952.26,       -1.95,
      952.74,       -1.94,
      953.25,       -1.90,
      953.77,       -1.86,
      954.29,       -1.81,
      954.77,       -1.77,
      955.29,       -1.73,
      955.81,       -1.73,
      956.29,       -1.72,
      956.73,       -1.67,
      957.21,       -1.59,
      957.69,       -1.56,
      958.20,       -1.53,
      958.68,       -1.55,
      959.16,       -1.55,
      959.64,       -1.54,
      960.12,       -1.55,
      960.60,       -1.53,
      961.08,       -1.54,
      961.60,       -1.54,
      962.12,       -1.53,
      962.64,       -1.54,
      963.11,       -1.51,
      963.63,       -1.46,
      964.15,       -1.44,
      964.59,       -1.43,
      965.07,       -1.43,
      965.55,       -1.42,
      966.07,       -1.39,
      966.55,       -1.38,
      967.07,       -1.38,
      967.55,       -1.35,
      968.02,       -1.30,
      968.46,       -1.27,
      968.94,       -1.24,
      969.46,       -1.15,
      969.98,       -1.09,
      970.50,       -1.07,
      971.02,       -1.07,
      971.50,       -1.07,
      972.02,       -1.03,
      972.50,       -0.99,
      973.01,       -1.02,
      973.49,       -0.98,
      973.97,       -0.94,
      974.45,       -0.90,
      974.97,       -0.88,
      975.45,       -0.88,
      975.93,       -0.88,
      976.41,       -0.85,
      976.89,       -0.79,
      977.41,       -0.82,
      977.88,       -0.83,
      978.40,       -0.83,
      978.92,       -0.84,
      979.40,       -0.86,
      979.92,       -0.84,
      980.44,       -0.82,
      980.92,       -0.80,
      981.40,       -0.75,
      981.92,       -0.72,
      982.40,       -0.70,
      982.87,       -0.64,
      983.39,       -0.64,
      983.87,       -0.60,
      984.35,       -0.59,
      984.83,       -0.57,
      985.31,       -0.53,
      985.83,       -0.46,
      986.31,       -0.38,
      986.83,       -0.36,
      987.35,       -0.29,
      987.82,       -0.24,
      988.34,       -0.17,
      988.82,       -0.11,
      989.34,       -0.12,
      989.82,       -0.07,
      990.34,       -0.02,
      990.82,       -0.02,
      991.30,        0.03,
      991.78,        0.11,
      992.30,        0.15,
      992.74,        0.20,
      993.25,        0.26,
      993.73,        0.33,
      994.21,        0.36,
      994.73,        0.34,
      995.25,        0.39,
      995.77,        0.42,
      996.29,        0.40,
      996.77,        0.42,
      997.29,        0.44,
      997.77,        0.42,
      998.24,        0.41,
      998.76,        0.39,
      999.24,        0.28,
      999.72,        0.08,
     1000.20,       -0.11,
     1000.68,       -0.25,
     1001.16,       -0.26,
     1001.64,       -0.34,
     1002.16,       -0.33,
     1002.68,       -0.34,
     1003.15,       -0.33,
     1003.67,       -0.34,
     1004.19,       -0.34,
     1004.71,       -0.32,
     1005.19,       -0.28,
     1005.71,       -0.20,
     1006.19,       -0.15,
     1006.67,       -0.24,
     1007.19,       -0.26,
     1007.63,       -0.27,
     1008.10,       -0.28,
     1008.58,       -0.24,
     1009.06,       -0.26,
     1009.58,       -0.22,
     1010.06,       -0.19,
     1010.58,       -0.19,
     1011.10,       -0.20,
     1011.58,       -0.20,
     1012.14,       -0.15,
     1012.62,       -0.15,
     1013.09,       -0.14,
     1013.61,       -0.15,
     1014.09,       -0.15,
     1014.57,       -0.14,
     1015.05,       -0.16,
     1015.53,       -0.15,
     1016.05,       -0.14,
     1016.49,       -0.15,
     1016.97,       -0.14,
     1017.49,       -0.15,
     1017.96,       -0.15,
     1018.48,       -0.14,
     1019.00,       -0.24,
     1019.52,       -0.20,
     1020.00,       -0.21,
     1020.52,       -0.29,
     1021.00,       -0.39,
     1021.52,       -0.44,
     1022.00,       -0.42,
     1022.48,       -0.45,
     1022.95,       -0.49,
     1023.43,       -0.48,
     1023.91,       -0.50,
     1024.39,       -0.50,
     1024.87,       -0.45,
     1025.39,       -0.44,
     1025.87,       -0.43,
     1026.39,       -0.45,
     1026.91,       -0.46,
     1027.43,       -0.41,
     1027.90,       -0.40,
     1028.42,       -0.37,
     1028.94,       -0.38,
     1029.42,       -0.43,
     1029.90,       -0.42,
     1030.42,       -0.43,
     1030.86,       -0.53,
     1031.34,       -0.48,
     1031.86,       -0.55,
     1032.30,       -0.55,
     1032.78,       -0.65,
     1033.29,       -0.84,
     1033.77,       -1.18,
     1034.33,       -1.55,
     1034.81,       -1.87,
     1035.33,       -2.01,
     1035.85,       -2.04,
     1036.33,       -2.25,
     1036.85,       -2.32,
     1037.33,       -2.43,
     1037.80,       -2.59,
     1038.28,       -2.64,
     1038.76,       -2.88,
     1039.28,       -3.16,
     1039.76,       -3.27,
     1040.24,       -3.59,
     1040.72,       -3.84,
     1041.20,       -3.94,
     1041.72,       -4.22,
     1042.20,       -4.44,
     1042.72,       -4.61,
     1043.23,       -4.97,
     1043.75,       -5.26,
     1044.27,       -5.43,
     1044.75,       -5.79,
     1045.23,       -6.09,
     1045.71,       -6.29,
     1046.19,       -6.44,
     1046.71,       -6.45,
     1047.19,       -6.45,
     1047.67,       -6.42,
     1048.14,       -6.36,
     1048.62,       -6.36,
     1049.10,       -6.30,
     1049.62,       -6.27,
     1050.10,       -6.22,
     1050.62,       -6.16,
     1051.14,       -6.15,
     1051.66,       -6.10,
     1052.18,       -6.10,
     1052.66,       -6.10,
     1053.13,       -6.10,
     1053.61,       -6.10,
     1054.13,       -6.05,
     1054.61,       -6.19,
     1055.09,       -6.04,
     1055.57,       -6.01,
     1056.05,       -6.00,
     1056.53,       -6.01,
     1057.01,       -6.01,
     1057.53,       -6.05,
     1058.04,       -6.00,
     1058.52,       -5.99,
     1059.04,       -6.01,
     1059.56,       -5.99,
     1060.08,       -5.95,
     1060.56,       -5.93,
     1061.04,       -5.92,
     1061.52,       -5.94,
     1062.04,       -5.93,
     1062.52,       -5.88,
     1062.99,       -5.86,
     1063.47,       -5.79,
     1063.99,       -5.75,
     1064.47,       -5.73,
     1064.95,       -5.66,
     1065.43,       -5.59,
     1065.95,       -5.57,
     1066.47,       -5.51,
     1066.95,       -5.52,
     1067.47,       -5.47,
     1067.98,       -5.44,
     1068.46,       -5.40,
     1068.98,       -5.38,
     1069.46,       -5.34,
     1069.94,       -5.33,
     1070.42,       -5.27,
     1070.94,       -5.25,
     1071.42,       -5.25,
     1071.90,       -5.19,
     1072.38,       -5.14,
     1072.85,       -5.14,
     1073.37,       -5.10,
     1073.89,       -5.09,
     1074.37,       -5.06,
     1074.89,       -5.03,
     1075.37,       -4.95,
     1075.89,       -4.95,
     1076.41,       -4.91,
     1076.89,       -4.83,
     1077.37,       -4.80,
     1077.88,       -4.74,
     1078.36,       -4.73,
     1078.88,       -4.69,
     1079.36,       -4.69,
     1079.84,       -4.64,
     1080.32,       -4.57,
     1080.80,       -4.55,
     1081.28,       -4.52,
     1081.80,       -4.48,
     1082.32,       -4.44,
     1082.80,       -4.43,
     1083.27,       -4.38,
     1083.79,       -4.31,
     1084.31,       -4.30,
     1084.79,       -4.25,
     1085.27,       -4.17,
     1085.75,       -4.13,
     1086.27,       -4.09,
     1086.75,       -4.06,
     1087.27,       -4.03,
     1087.75,       -3.97,
     1088.22,       -3.94,
     1088.70,       -3.91,
     1089.18,       -3.90,
     1089.70,       -3.85,
     1090.18,       -3.83,
     1090.70,       -3.78,
     1091.22,       -3.72,
     1091.70,       -3.67,
     1092.22,       -3.64,
     1092.74,       -3.64,
     1093.21,       -3.64,
     1093.73,       -3.64,
     1094.21,       -3.61,
     1094.69,       -3.57,
     1095.17,       -3.55,
     1095.65,       -3.49,
     1096.17,       -3.44,
     1096.61,       -3.41,
     1097.13,       -3.39,
     1097.61,       -3.35,
     1098.08,       -3.30,
     1098.60,       -3.20,
     1099.12,       -3.11,
     1099.64,       -3.08,
     1100.16,       -3.01,
     1100.64,       -2.99,
     1101.16,       -2.90,
     1101.64,       -2.85,
     1102.12,       -2.82,
     1102.60,       -2.80,
     1103.11,       -2.80,
     1103.59,       -2.78,
     1104.07,       -2.74,
     1104.55,       -2.70,
     1104.99,       -2.64,
     1105.51,       -2.63,
     1106.03,       -2.60,
     1106.51,       -2.59,
     1107.03,       -2.60,
     1107.55,       -2.56,
     1108.06,       -2.51,
     1108.54,       -2.48,
     1109.06,       -2.43,
     1109.54,       -2.42,
     1110.06,       -2.47,
     1110.54,       -2.50,
     1111.02,       -2.48,
     1111.50,       -2.51,
     1111.98,       -2.55,
     1112.42,       -2.57,
     1112.93,       -2.62,
     1113.41,       -2.69,
     1113.93,       -2.70,
     1114.45,       -2.77,
     1114.93,       -2.86,
     1115.45,       -2.86,
     1115.97,       -3.00,
     1116.45,       -3.06,
     1116.97,       -3.03,
     1117.45,       -3.17,
     1117.92,       -3.24,
     1118.44,       -3.25,
     1118.92,       -3.43,
     1119.40,       -3.52,
     1119.88,       -3.57,
     1120.36,       -3.80,
     1120.84,       -3.97,
     1121.32,       -4.14,
     1121.84,       -4.43,
     1122.36,       -4.57,
     1122.83,       -4.75,
     1123.35,       -5.05,
     1123.87,       -5.20,
     1124.39,       -5.31,
     1124.87,       -5.43,
     1125.35,       -5.49,
     1125.83,       -5.57,
     1126.31,       -5.59,
     1126.79,       -5.60,
     1127.27,       -5.58,
     1127.75,       -5.62,
     1128.22,       -5.62,
     1128.70,       -5.62,
     1129.22,       -5.62,
     1129.70,       -5.61,
     1130.22,       -5.56,
     1130.74,       -5.54,
     1131.26,       -5.53,
     1131.74,       -5.53,
     1132.26,       -5.54,
     1132.74,       -5.53,
     1133.21,       -5.49,
     1133.69,       -5.41,
     1134.17,       -5.44,
     1134.65,       -5.39,
     1135.13,       -5.42,
     1135.61,       -5.44,
     1136.09,       -5.36,
     1136.57,       -5.33,
     1137.09,       -5.29,
     1137.57,       -5.24,
     1138.08,       -5.22,
     1138.60,       -5.24,
     1139.12,       -5.18,
     1139.60,       -5.17,
     1140.12,       -5.14,
     1140.64,       -5.08,
     1141.12,       -5.08,
     1141.60,       -5.06,
     1142.08,       -5.00,
     1142.56,       -5.00,
     1143.07,       -4.96,
     1143.55,       -4.86,
     1143.99,       -4.90,
     1144.47,       -4.86,
     1144.99,       -4.76,
     1145.51,       -4.81,
     1145.99,       -4.73,
     1146.51,       -4.69,
     1147.03,       -4.74,
     1147.51,       -4.69,
     1148.02,       -4.66,
     1148.50,       -4.74,
     1148.98,       -4.63,
     1149.46,       -4.61,
     1149.94,       -4.65,
     1150.46,       -4.54,
     1150.94,       -4.52,
     1151.42,       -4.52,
     1151.90,       -4.43,
     1152.34,       -4.50,
     1152.85,       -4.44,
     1153.33,       -4.31,
     1153.85,       -4.35,
     1154.37,       -4.31,
     1154.89,       -4.25,
     1155.41,       -4.33,
     1155.89,       -4.24,
     1156.37,       -4.18,
     1156.85,       -4.26,
     1157.33,       -4.18,
     1157.81,       -4.14,
     1158.32,       -4.25,
     1158.80,       -4.12,
     1159.28,       -4.09,
     1159.76,       -4.14,
     1160.20,       -4.02,
     1160.68,       -4.04,
     1161.20,       -4.09,
     1161.72,       -3.97,
     1162.24,       -4.04,
     1162.76,       -4.02,
     1163.23,       -3.94,
     1163.71,       -3.99,
     1164.23,       -3.96,
     1164.71,       -3.85,
     1165.19,       -3.92,
     1165.67,       -3.80,
     1166.15,       -3.78,
     1166.67,       -3.89,
     1167.15,       -3.82,
     1167.63,       -3.79,
     1168.06,       -3.84,
     1168.54,       -3.74,
     1169.06,       -3.82,
     1169.58,       -3.86,
     1170.10,       -3.76,
     1170.58,       -3.84,
     1171.10,       -3.84,
     1171.58,       -3.72,
     1172.10,       -3.79,
     1172.58,       -3.78,
     1173.05,       -3.72,
     1173.53,       -3.81,
     1174.05,       -3.76,
     1174.53,       -3.75,
     1175.01,       -3.82,
     1175.49,       -3.73,
     1175.97,       -3.75,
     1176.45,       -3.74,
     1176.97,       -3.68,
     1177.45,       -3.69,
     1177.96,       -3.68,
     1178.44,       -3.63,
     1178.96,       -3.65,
     1179.48,       -3.60,
     1180.00,       -3.55,
     1180.48,       -3.58,
     1180.96,       -3.52,
     1181.44,       -3.48,
     1181.92,       -3.48,
     1182.44,       -3.40,
     1182.91,       -3.39,
     1183.39,       -3.39,
     1183.83,       -3.30,
     1184.31,       -3.28,
     1184.83,       -3.28,
     1185.31,       -3.21,
     1185.79,       -3.27,
     1186.31,       -3.23,
     1186.83,       -3.18,
     1187.35,       -3.23,
     1187.86,       -3.23,
     1188.34,       -3.19,
     1188.82,       -3.20,
     1189.30,       -3.15,
     1189.78,       -3.16,
     1190.26,       -3.20,
     1190.78,       -3.16,
     1191.26,       -3.14,
     1191.74,       -3.13,
     1192.18,       -3.11,
     1192.66,       -3.08,
     1193.13,       -3.04,
     1193.65,       -2.99,
     1194.17,       -3.02,
     1194.69,       -3.00,
     1195.17,       -3.00,
     1195.69,       -2.99,
     1196.17,       -2.90,
     1196.65,       -2.87,
     1197.09,       -2.91,
     1197.57,       -2.83,
     1198.04,       -2.80,
     1198.52,       -2.73,
     1198.96,       -2.69,
     1199.40,       -2.68,
     1199.84,       -2.64,
     1200.24,       -2.59,
     1200.68,       -2.56,
     1201.16,       -2.52,
     1201.60,       -2.49,
     1202.04,       -2.49,
     1202.48,       -2.43,
     1202.91,       -2.44,
     1203.35,       -2.44,
     1203.79,       -2.38,
     1204.19,       -2.35,
     1204.59,       -2.27,
     1204.99,       -2.26,
     1205.39,       -2.28,
     1205.79,       -2.28,
     1206.15,       -2.24,
     1206.51,       -2.21,
     1206.87,       -2.16,
     1207.23,       -2.12,
     1207.59,       -2.09,
     1207.94,       -2.08,
     1208.26,       -2.08,
     1208.66,       -2.02,
     1209.02,       -2.03,
     1209.38,       -1.99,
     1209.74,       -2.00,
     1210.10,       -1.95,
     1210.46,       -1.94,
     1210.78,       -1.92,
     1211.10,       -1.90,
     1211.42,       -1.90,
     1211.74,       -1.87,
     1212.02,       -1.83,
     1212.34,       -1.82,
     1212.66,       -1.81,
     1212.93,       -1.83,
     1213.21,       -1.84,
     1213.49,       -1.82,
     1213.69,       -1.81,
     1213.89,       -1.85,
     1214.09,       -1.92,
     1214.25,       -1.97,
     1214.41,       -1.99,
     1214.53,       -2.07,
     1214.65,       -2.09,
     1214.73,       -2.15,
     1214.81,       -2.19,
     1214.85,       -2.20,
     1214.89,       -2.24,
