       -0.00,       -0.11,
        0.04,       -0.08,
        0.12,       -0.09,
        0.16,       -0.14,
        0.24,       -0.13,
        0.28,       -0.13,
        0.32,       -0.16,
        0.40,       -0.15,
        0.48,       -0.20,
        0.60,       -0.19,
        0.68,       -0.21,
        0.72,       -0.24,
        0.84,       -0.24,
        0.92,       -0.30,
        1.00,       -0.31,
        1.08,       -0.36,
        1.16,       -0.42,
        1.28,       -0.45,
        1.36,       -0.54,
        1.48,       -0.58,
        1.56,       -0.68,
        1.64,       -0.72,
        1.72,       -0.82,
        1.84,       -0.90,
        1.96,       -0.95,
        2.04,       -1.05,
        2.16,       -1.15,
        2.24,       -1.23,
        2.35,       -1.31,
        2.43,       -1.42,
        2.55,       -1.45,
        2.67,       -1.55,
        2.79,       -1.60,
        2.91,       -1.62,
        3.03,       -1.65,
        3.15,       -1.68,
        3.27,       -1.68,
        3.43,       -1.68,
        3.59,       -1.70,
        3.75,       -1.67,
        3.87,       -1.66,
        4.03,       -1.70,
        4.19,       -1.66,
        4.39,       -1.69,
        4.55,       -1.71,
        4.75,       -1.67,
        4.91,       -1.71,
        5.11,       -1.64,
        5.31,       -1.67,
        5.51,       -1.72,
        5.67,       -1.68,
        5.91,       -1.70,
        6.11,       -1.71,
        6.31,       -1.70,
        6.51,       -1.77,
        6.71,       -1.71,
        6.95,       -1.71,
        7.15,       -1.73,
        7.38,       -1.68,
        7.58,       -1.71,
        7.82,       -1.72,
        8.06,       -1.69,
        8.30,       -1.70,
        8.58,       -1.68,
        8.82,       -1.73,
        9.06,       -1.76,
        9.34,       -1.73,
        9.58,       -1.75,
        9.86,       -1.73,
       10.10,       -1.73,
       10.34,       -1.76,
       10.58,       -1.74,
       10.78,       -1.71,
       11.06,       -1.74,
       11.30,       -1.71,
       11.54,       -1.75,
       11.82,       -1.75,
       12.06,       -1.73,
       12.29,       -1.77,
       12.57,       -1.72,
       12.85,       -1.73,
       13.13,       -1.75,
       13.37,       -1.68,
       13.65,       -1.70,
       13.93,       -1.67,
       14.17,       -1.98,
       14.45,       -1.68,
       14.73,       -1.64,
       14.97,       -1.63,
       15.25,       -1.68,
       15.53,       -1.64,
       15.81,       -1.64,
       16.13,       -1.66,
       16.41,       -1.62,
       16.73,       -1.65,
       17.05,       -1.65,
       17.36,       -1.61,
       17.68,       -1.64,
       17.96,       -1.61,
       18.28,       -1.59,
       18.56,       -1.62,
       18.88,       -1.60,
       19.20,       -1.59,
       19.52,       -1.60,
       19.84,       -1.58,
       20.16,       -1.60,
       20.44,       -1.60,
       20.76,       -1.60,
       21.08,       -1.60,
       21.44,       -1.61,
       21.72,       -1.60,
       22.04,       -1.61,
       22.35,       -1.60,
       22.67,       -1.60,
       22.99,       -1.61,
       23.31,       -1.59,
       23.63,       -1.57,
       23.99,       -1.58,
       24.31,       -1.57,
       24.71,       -1.56,
       25.03,       -1.51,
       25.39,       -1.50,
       25.79,       -1.51,
       26.11,       -1.44,
       26.47,       -1.46,
       26.83,       -1.43,
       27.15,       -1.42,
       27.50,       -1.42,
       27.86,       -1.42,
       28.22,       -1.38,
       28.58,       -1.42,
       28.94,       -1.33,
       29.30,       -1.34,
       29.62,       -1.37,
       29.98,       -1.30,
       30.34,       -1.30,
       30.66,       -1.27,
       31.02,       -1.20,
       31.38,       -1.29,
       31.74,       -1.25,
       32.10,       -1.20,
       32.45,       -1.31,
       32.81,       -1.23,
       33.21,       -1.24,
       33.57,       -1.25,
       33.97,       -1.19,
       34.33,       -1.16,
       34.65,       -1.15,
       35.01,       -1.13,
       35.41,       -1.11,
       35.77,       -1.10,
       36.13,       -1.06,
       36.49,       -1.08,
       36.89,       -1.04,
       37.25,       -1.02,
       37.60,       -1.02,
       37.96,       -1.03,
       38.32,       -1.03,
       38.68,       -1.03,
       39.04,       -1.03,
       39.40,       -1.06,
       39.76,       -1.01,
       40.12,       -0.99,
       40.52,       -0.98,
       40.92,       -1.01,
       41.32,       -1.02,
       41.72,       -1.03,
       42.12,       -1.03,
       42.51,       -1.03,
       42.87,       -1.03,
       43.27,       -1.03,
       43.67,       -1.04,
       44.03,       -1.03,
       44.43,       -0.98,
       44.87,       -0.99,
       45.23,       -0.97,
       45.63,       -0.91,
       46.03,       -0.90,
       46.39,       -0.90,
       46.79,       -0.89,
       47.19,       -0.90,
       47.54,       -0.91,
       47.94,       -0.90,
       48.34,       -0.88,
       48.78,       -0.85,
       49.18,       -0.85,
       49.62,       -0.86,
       50.02,       -0.85,
       50.42,       -0.85,
       50.82,       -0.83,
       51.22,       -0.83,
       51.62,       -0.80,
       52.02,       -0.78,
       52.41,       -0.75,
       52.81,       -0.76,
       53.25,       -0.72,
       53.65,       -0.71,
       54.05,       -0.71,
       54.45,       -0.68,
       54.85,       -0.67,
       55.29,       -0.68,
       55.69,       -0.70,
       56.09,       -0.68,
       56.53,       -0.66,
       56.93,       -0.63,
       57.36,       -0.63,
       57.80,       -0.63,
       58.24,       -0.63,
       58.64,       -0.62,
       59.04,       -0.63,
       59.44,       -0.63,
       59.88,       -0.59,
       60.28,       -0.60,
       60.72,       -0.59,
       61.16,       -0.59,
       61.56,       -0.59,
       62.00,       -0.59,
       62.39,       -0.54,
       62.79,       -0.54,
       63.19,       -0.50,
       63.59,       -0.48,
       64.03,       -0.46,
       64.47,       -0.42,
       64.91,       -0.40,
       65.35,       -0.35,
       65.79,       -0.33,
       66.23,       -0.32,
       66.63,       -0.30,
       67.07,       -0.28,
       67.46,       -0.24,
       67.90,       -0.24,
       68.34,       -0.24,
       68.78,       -0.24,
       69.18,       -0.22,
       69.62,       -0.20,
       70.02,       -0.17,
       70.46,       -0.14,
       70.86,       -0.12,
       71.30,       -0.12,
       71.70,       -0.07,
       72.14,       -0.05,
       72.61,       -0.01,
       73.05,       -0.02,
       73.49,       -0.02,
       73.97,        0.02,
       74.41,        0.04,
       74.81,        0.06,
       75.25,        0.06,
       75.69,        0.08,
       76.13,        0.10,
       76.57,        0.12,
       77.01,        0.13,
       77.44,        0.12,
       77.88,        0.16,
       78.32,        0.16,
       78.72,        0.20,
       79.20,        0.20,
       79.64,        0.20,
       80.08,        0.24,
       80.52,        0.24,
       81.00,        0.25,
       81.44,        0.28,
       81.92,        0.31,
       82.39,        0.29,
       82.79,        0.32,
       83.23,        0.31,
       83.67,        0.33,
       84.15,        0.34,
       84.59,        0.34,
       85.07,        0.40,
       85.51,        0.44,
       85.95,        0.44,
       86.39,        0.46,
       86.83,        0.49,
       87.27,        0.50,
       87.70,        0.52,
       88.14,        0.57,
       88.62,        0.63,
       89.06,        0.63,
       89.54,        0.65,
       90.02,        0.68,
       90.46,        0.71,
       90.90,        0.72,
       91.34,        0.72,
       91.78,        0.73,
       92.26,        0.73,
       92.69,        0.75,
       93.17,        0.77,
       93.61,        0.79,
       94.05,        0.83,
       94.49,        0.83,
       94.93,        0.86,
       95.37,        0.90,
       95.81,        0.91,
       96.29,        0.90,
       96.73,        0.91,
       97.21,        0.94,
       97.68,        1.03,
       98.16,        1.05,
       98.60,        1.05,
       99.08,        1.04,
       99.52,        1.03,
      100.00,        1.07,
      100.44,        1.15,
      100.92,        1.20,
      101.40,        1.22,
      101.84,        1.20,
      102.28,        1.20,
      102.71,        1.22,
      103.15,        1.25,
      103.63,        1.29,
      104.07,        1.32,
      104.55,        1.36,
      105.03,        1.44,
      105.51,        1.40,
      105.99,        1.42,
      106.47,        1.46,
      106.91,        1.45,
      107.38,        1.47,
      107.86,        1.49,
      108.30,        1.48,
      108.78,        1.52,
      109.26,        1.54,
      109.70,        1.60,
      110.14,        1.60,
      110.58,        1.57,
      111.06,        1.61,
      111.54,        1.60,
      111.98,        1.62,
      112.45,        1.63,
      112.93,        1.63,
      113.41,        1.66,
      113.93,        1.68,
      114.41,        1.71,
      114.85,        1.71,
      115.33,        1.75,
      115.77,        1.80,
      116.25,        1.77,
      116.73,        1.79,
      117.21,        1.71,
      117.64,        1.57,
      118.12,        1.40,
      118.56,        1.25,
      119.04,        0.89,
      119.52,        0.65,
      119.96,        0.37,
      120.44,        0.01,
      120.92,       -0.28,
      121.44,       -0.63,
      121.92,       -0.93,
      122.39,       -1.21,
      122.87,       -1.51,
      123.31,       -1.79,
      123.79,       -2.10,
      124.23,       -2.36,
      124.71,       -2.44,
      125.23,       -2.49,
      125.67,       -2.46,
      126.15,       -2.40,
      126.59,       -2.37,
      127.07,       -2.43,
      127.54,       -2.44,
      127.98,       -2.43,
      128.50,       -2.43,
      128.98,       -2.43,
      129.46,       -2.42,
      129.98,       -2.39,
      130.46,       -2.34,
      130.94,       -2.32,
      131.38,       -2.29,
      131.82,       -2.29,
      132.30,       -2.27,
      132.81,       -2.26,
      133.29,       -2.25,
      133.77,       -2.27,
      134.21,       -2.25,
      134.65,       -2.23,
      135.13,       -2.29,
      135.61,       -2.29,
      136.09,       -2.29,
      136.61,       -2.25,
      137.09,       -2.25,
      137.56,       -2.21,
      138.08,       -2.14,
      138.52,       -2.07,
      139.00,       -2.08,
      139.48,       -2.12,
      139.96,       -2.14,
      140.44,       -2.14,
      140.92,       -2.15,
      141.40,       -2.15,
      141.88,       -2.12,
      142.35,       -2.12,
      142.79,       -2.13,
      143.27,       -2.15,
      143.75,       -2.16,
      144.23,       -2.16,
      144.75,       -2.16,
      145.23,       -2.16,
      145.75,       -2.16,
      146.23,       -2.12,
      146.71,       -2.08,
      147.19,       -2.06,
      147.66,       -2.05,
      148.14,       -2.00,
      148.62,       -1.97,
      149.14,       -1.96,
      149.62,       -1.95,
      150.10,       -1.88,
      150.54,       -1.84,
      151.02,       -1.86,
      151.50,       -1.81,
      151.98,       -1.78,
      152.45,       -1.78,
      152.97,       -1.76,
      153.45,       -1.74,
      153.97,       -1.76,
      154.45,       -1.75,
      154.93,       -1.75,
      155.41,       -1.70,
      155.89,       -1.66,
      156.37,       -1.65,
      156.89,       -1.64,
      157.36,       -1.64,
      157.84,       -1.64,
      158.32,       -1.60,
      158.80,       -1.60,
      159.28,       -1.64,
      159.72,       -1.63,
      160.24,       -1.64,
      160.76,       -1.61,
      161.24,       -1.61,
      161.76,       -1.60,
      162.28,       -1.55,
      162.75,       -1.53,
      163.23,       -1.49,
      163.67,       -1.42,
      164.19,       -1.39,
      164.67,       -1.37,
      165.19,       -1.38,
      165.67,       -1.41,
      166.15,       -1.38,
      166.59,       -1.36,
      167.07,       -1.32,
      167.54,       -1.30,
      168.02,       -1.28,
      168.54,       -1.26,
      169.06,       -1.22,
      169.54,       -1.08,
      170.06,       -1.18,
      170.54,       -1.17,
      171.02,       -1.16,
      171.50,       -1.12,
      171.98,       -1.07,
      172.49,       -1.04,
      172.97,       -1.03,
      173.45,       -1.01,
      173.93,       -0.98,
      174.41,       -0.91,
      174.89,       -0.90,
      175.37,       -0.89,
      175.85,       -0.87,
      176.33,       -0.85,
      176.85,       -0.81,
      177.36,       -0.80,
      177.88,       -0.81,
      178.36,       -0.78,
      178.84,       -0.76,
      179.32,       -0.75,
      179.80,       -0.72,
      180.32,       -0.74,
      180.80,       -0.74,
      181.32,       -0.76,
      181.80,       -0.76,
      182.28,       -0.76,
      182.75,       -0.73,
      183.23,       -0.72,
      183.71,       -0.73,
      184.19,       -0.73,
      184.75,       -0.74,
      185.23,       -0.75,
      185.75,       -0.73,
      186.27,       -0.72,
      186.75,       -0.71,
      187.23,       -0.68,
      187.66,       -0.68,
      188.18,       -0.70,
      188.66,       -0.68,
      189.14,       -0.68,
      189.66,       -0.65,
      190.14,       -0.61,
      190.58,       -0.55,
      191.10,       -0.55,
      191.58,       -0.56,
      192.06,       -0.55,
      192.57,       -0.50,
      193.09,       -0.48,
      193.61,       -0.48,
      194.09,       -0.50,
      194.61,       -0.50,
      195.09,       -0.48,
      195.57,       -0.40,
      196.05,       -0.38,
      196.53,       -0.40,
      197.05,       -0.41,
      197.52,       -0.38,
      198.00,       -0.37,
      198.48,       -0.32,
      199.00,       -0.29,
      199.48,       -0.28,
      199.96,       -0.27,
      200.48,       -0.24,
      201.00,       -0.21,
      201.52,       -0.20,
      202.04,       -0.18,
      202.51,       -0.14,
      202.99,       -0.15,
      203.47,       -0.11,
      203.95,       -0.08,
      204.47,       -0.02,
      204.95,       -0.02,
      205.47,        0.04,
      205.95,        0.06,
      206.43,        0.07,
      206.91,        0.09,
      207.38,        0.12,
      207.90,        0.14,
      208.38,        0.15,
      208.90,        0.15,
      209.42,        0.22,
      209.94,        0.26,
      210.42,        0.27,
      210.90,        0.25,
      211.38,        0.26,
      211.86,        0.25,
      212.38,        0.26,
      212.85,        0.28,
      213.37,        0.33,
      213.85,        0.33,
      214.33,        0.34,
      214.81,        0.35,
      215.29,        0.36,
      215.81,        0.34,
      216.33,        0.34,
      216.81,        0.37,
      217.33,        0.38,
      217.84,        0.44,
      218.36,        0.45,
      218.84,        0.44,
      219.32,        0.44,
      219.80,        0.44,
      220.32,        0.46,
      220.80,        0.51,
      221.32,        0.54,
      221.80,        0.58,
      222.28,        0.59,
      222.75,        0.59,
      223.27,        0.56,
      223.75,        0.55,
      224.27,        0.54,
      224.75,        0.56,
      225.27,        0.54,
      225.79,        0.56,
      226.27,        0.55,
      226.79,        0.50,
      227.27,        0.46,
      227.74,        0.43,
      228.26,        0.42,
      228.74,        0.42,
      229.26,        0.43,
      229.78,        0.42,
      230.22,        0.42,
      230.74,        0.43,
      231.22,        0.40,
      231.74,        0.44,
      232.22,        0.47,
      232.73,        0.51,
      233.25,        0.55,
      233.73,        0.54,
      234.25,        0.55,
      234.77,        0.56,
      235.25,        0.53,
      235.73,        0.37,
      236.21,        0.11,
      236.73,       -0.20,
      237.25,       -0.57,
      237.72,       -0.98,
      238.20,       -1.34,
      238.68,       -1.61,
      239.16,       -1.64,
      239.68,       -1.69,
      240.16,       -1.66,
      240.72,       -1.63,
      241.20,       -1.60,
      241.72,       -1.58,
      242.24,       -1.53,
      242.71,       -1.51,
      243.19,       -1.51,
      243.67,       -1.52,
      244.19,       -1.51,
      244.71,       -1.48,
      245.19,       -1.46,
      245.71,       -1.44,
      246.19,       -1.39,
      246.67,       -1.37,
      247.15,       -1.39,
      247.66,       -1.39,
      248.14,       -1.40,
      248.66,       -1.40,
      249.18,       -1.38,
      249.70,       -1.37,
      250.22,       -1.24,
      250.74,       -1.35,
      251.22,       -1.33,
      251.70,       -1.28,
      252.18,       -1.27,
      252.69,       -1.28,
      253.21,       -1.26,
      253.69,       -1.26,
      254.17,       -1.24,
      254.65,       -1.19,
      255.17,       -1.17,
      255.65,       -1.17,
      256.13,       -1.17,
      256.65,       -1.17,
      257.21,       -1.17,
      257.72,       -1.17,
      258.20,       -1.14,
      258.72,       -1.14,
      259.20,       -1.14,
      259.68,       -1.13,
      260.20,       -1.10,
      260.72,       -1.08,
      261.20,       -1.08,
      261.72,       -1.03,
      262.20,       -0.98,
      262.67,       -0.98,
      263.15,       -0.96,
      263.63,       -0.93,
      264.15,       -0.87,
      264.67,       -0.87,
      265.19,       -0.90,
      265.71,       -0.88,
      266.23,       -0.85,
      266.75,       -0.84,
      267.23,       -0.83,
      267.70,       -0.86,
      268.18,       -0.85,
      268.70,       -0.86,
      269.22,       -0.87,
      269.70,       -0.89,
      270.18,       -0.88,
      270.66,       -0.84,
      271.14,       -0.76,
      271.66,       -0.74,
      272.14,       -0.70,
      272.65,       -0.70,
      273.17,       -0.70,
      273.73,       -0.69,
      274.21,       -0.68,
      274.73,       -0.64,
      275.21,       -0.61,
      275.69,       -0.56,
      276.21,       -0.55,
      276.73,       -0.55,
      277.25,       -0.54,
      277.72,       -0.55,
      278.16,       -0.54,
      278.68,       -0.54,
      279.16,       -0.54,
      279.68,       -0.51,
      280.16,       -0.45,
      280.72,       -0.39,
      281.20,       -0.40,
      281.76,       -0.41,
      282.28,       -0.38,
      282.75,       -0.34,
      283.23,       -0.33,
      283.75,       -0.33,
      284.23,       -0.37,
      284.75,       -0.35,
      285.27,       -0.37,
      285.75,       -0.37,
      286.23,       -0.34,
      286.71,       -0.31,
      287.23,       -0.28,
      287.70,       -0.28,
      288.22,       -0.30,
      288.74,       -0.28,
      289.26,       -0.26,
      289.82,       -0.20,
      290.30,       -0.19,
      290.82,       -0.17,
      291.30,       -0.15,
      291.78,       -0.14,
      292.30,       -0.13,
      292.81,       -0.08,
      293.29,       -0.09,
      293.81,       -0.10,
      294.29,       -0.06,
      294.77,       -0.02,
      295.25,       -0.02,
      295.77,       -0.05,
      296.29,       -0.10,
      296.81,       -0.10,
      297.33,       -0.15,
      297.88,       -0.13,
      298.36,       -0.11,
      298.88,       -0.13,
      299.36,       -0.10,
      299.84,       -0.10,
      300.36,       -0.07,
      300.84,        0.00,
      301.36,       -0.03,
      301.88,        0.02,
      302.36,        0.06,
      302.83,        0.02,
      303.31,        0.07,
      303.83,        0.11,
      304.35,        0.13,
      304.91,        0.15,
      305.43,        0.15,
      305.95,        0.20,
      306.47,        0.20,
      306.95,        0.25,
      307.42,        0.28,
      307.94,        0.28,
      308.42,        0.30,
      308.94,        0.31,
      309.46,        0.30,
      309.94,        0.33,
      310.42,        0.35,
      310.90,        0.38,
      311.42,        0.42,
      311.94,        0.42,
      312.45,        0.42,
      312.97,        0.44,
      313.49,        0.49,
      314.01,        0.54,
      314.53,        0.54,
      315.05,        0.56,
      315.53,        0.59,
      316.01,        0.55,
      316.53,        0.62,
      317.01,        0.59,
      317.52,        0.63,
      318.04,        0.66,
      318.52,        0.65,
      319.00,        0.68,
      319.48,        0.71,
      320.04,        0.73,
      320.56,        0.78,
      321.08,        0.72,
      321.60,        0.74,
      322.12,        0.73,
      322.63,        0.75,
      323.15,        0.77,
      323.63,        0.77,
      324.11,        0.81,
      324.63,        0.83,
      325.15,        0.83,
      325.67,        0.88,
      326.15,        0.91,
      326.63,        0.92,
      327.15,        0.94,
      327.62,        0.93,
      328.14,        0.92,
      328.66,        0.94,
      329.18,        0.94,
      329.70,        0.98,
      330.26,        0.99,
      330.78,        1.03,
      331.26,        1.07,
      331.74,        1.10,
      332.26,        1.11,
      332.73,        1.09,
      333.25,        1.09,
      333.77,        1.12,
      334.25,        1.12,
      334.77,        1.14,
      335.25,        1.18,
      335.73,        1.17,
      336.25,        1.22,
      336.81,        1.22,
      337.33,        1.22,
      337.84,        1.31,
      338.36,        1.20,
      338.88,        1.20,
      339.36,        1.14,
      339.84,        1.07,
      340.36,        0.99,
      340.88,        0.92,
      341.36,        0.95,
      341.88,        0.95,
      342.40,        0.90,
      342.87,        0.89,
      343.35,        0.86,
      343.87,        0.85,
      344.43,        0.87,
      345.03,        0.87,
      345.55,        0.85,
      346.07,        0.81,
      346.59,        0.78,
      347.11,        0.77,
      347.62,        0.69,
      348.14,        0.50,
      348.62,        0.17,
      349.14,       -0.21,
      349.66,       -0.58,
      350.14,       -0.78,
      350.66,       -0.84,
      351.14,       -0.92,
      351.62,       -0.95,
      352.14,       -0.96,
      352.65,       -0.93,
      353.17,       -0.94,
      353.69,       -0.91,
      354.21,       -0.92,
      354.73,       -0.98,
      355.25,       -0.94,
      355.77,       -0.95,
      356.25,       -0.96,
      356.77,       -0.94,
      357.29,       -0.97,
      357.76,       -0.96,
      358.28,       -0.90,
      358.76,       -0.90,
      359.24,       -0.90,
      359.76,       -0.94,
      360.28,       -0.93,
      360.80,       -0.90,
      361.32,       -0.89,
      361.84,       -0.86,
      362.36,       -0.81,
      362.87,       -0.81,
      363.39,       -0.79,
      363.87,       -0.78,
      364.39,       -0.80,
      364.87,       -0.77,
      365.39,       -0.76,
      365.91,       -0.69,
      366.39,       -0.69,
      366.91,       -0.72,
      367.39,       -0.65,
      367.90,       -0.64,
      368.42,       -0.66,
      368.90,       -0.65,
      369.42,       -0.66,
      369.98,       -0.64,
      370.50,       -0.62,
      371.02,       -0.64,
      371.50,       -0.59,
      371.98,       -0.59,
      372.49,       -0.61,
      373.01,       -0.60,
      373.53,       -0.61,
      374.01,       -0.57,
      374.49,       -0.54,
      375.01,       -0.52,
      375.49,       -0.49,
      376.01,       -0.48,
      376.49,       -0.42,
      377.05,       -0.40,
      377.56,       -0.37,
      378.08,       -0.32,
      378.60,       -0.28,
      379.08,       -0.26,
      379.60,       -0.24,
      380.08,       -0.23,
      380.60,       -0.23,
      381.12,       -0.22,
      381.64,       -0.20,
      382.12,       -0.18,
      382.59,       -0.15,
      383.11,       -0.14,
      383.59,       -0.10,
      384.11,       -0.08,
      384.63,       -0.04,
      385.15,       -0.05,
      385.67,       -0.03,
      386.19,       -0.03,
      386.71,       -0.01,
      387.19,       -0.02,
      387.66,        0.00,
      388.18,        0.01,
      388.70,        0.00,
      389.22,        0.03,
      389.70,        0.06,
      390.22,        0.07,
      390.70,        0.09,
      391.18,        0.09,
      391.66,        0.10,
      392.18,        0.10,
      392.73,        0.07,
      393.25,        0.05,
      393.77,        0.04,
      394.29,        0.11,
      394.81,        0.15,
      395.29,        0.17,
      395.77,        0.15,
      396.29,        0.13,
      396.81,        0.15,
      397.33,        0.17,
      397.80,        0.18,
      398.28,        0.20,
      398.76,        0.24,
      399.24,        0.28,
      399.76,        0.32,
      400.28,        0.34,
      400.80,        0.37,
      401.32,        0.37,
      401.88,        0.35,
      402.36,        0.37,
      402.87,        0.40,
      403.35,        0.42,
      403.83,        0.47,
      404.35,        0.49,
      404.87,        0.55,
      405.39,        0.55,
      405.87,        0.46,
      406.35,        0.55,
      406.83,        0.47,
      407.31,        0.50,
      407.82,        0.54,
      408.34,        0.48,
      408.98,        0.54,
      409.50,        0.55,
      410.02,        0.54,
      410.54,        0.63,
      411.06,        0.58,
      411.54,        0.63,
      412.02,        0.65,
      412.53,        0.63,
      413.05,        0.68,
      413.57,        0.64,
      414.05,        0.63,
      414.53,        0.68,
      415.01,        0.65,
      415.49,        0.69,
      416.05,        0.66,
      416.57,        0.66,
      417.09,        0.67,
      417.60,        0.59,
      418.12,        0.65,
      418.68,        0.63,
      419.16,        0.67,
      419.64,        0.70,
      420.16,        0.68,
      420.68,        0.67,
      421.20,        0.60,
      421.72,        0.63,
      422.20,        0.60,
      422.67,        0.55,
      423.15,        0.57,
      423.67,        0.42,
      424.19,        0.40,
      424.71,        0.31,
      425.27,        0.15,
      425.79,       -0.01,
      426.35,       -0.31,
      426.87,       -0.62,
      427.39,       -0.94,
      427.86,       -1.20,
      428.38,       -1.26,
      428.90,       -1.29,
      429.38,       -1.35,
      429.86,       -1.35,
      430.38,       -1.38,
      430.86,       -1.34,
      431.34,       -1.27,
      431.86,       -1.29,
      432.38,       -1.27,
      432.89,       -1.25,
      433.45,       -1.27,
      433.97,       -1.31,
      434.49,       -1.32,
      435.01,       -1.32,
      435.53,       -1.38,
      436.01,       -1.42,
      436.53,       -1.43,
      437.01,       -1.40,
      437.52,       -1.42,
      438.00,       -1.40,
      438.52,       -1.38,
      439.00,       -1.38,
      439.48,       -1.33,
      440.00,       -1.28,
      440.52,       -1.24,
      441.04,       -1.25,
      441.60,       -1.29,
      442.12,       -1.25,
      442.63,       -1.25,
      443.11,       -1.22,
      443.59,       -1.13,
      444.11,       -1.18,
      444.63,       -1.20,
      445.11,       -1.16,
      445.63,       -1.16,
      446.11,       -1.16,
      446.59,       -1.17,
      447.07,       -1.16,
      447.58,       -1.10,
      448.10,       -1.12,
      448.62,       -1.14,
      449.14,       -1.09,
      449.66,       -1.08,
      450.22,       -1.07,
      450.70,       -1.07,
      451.22,       -1.03,
      451.70,       -1.00,
      452.22,       -0.98,
      452.69,       -0.98,
      453.21,       -0.94,
      453.69,       -0.94,
      454.21,       -0.93,
      454.69,       -0.88,
      455.17,       -0.90,
      455.65,       -0.83,
      456.21,       -0.86,
      456.73,       -0.87,
      457.25,       -0.82,
      457.76,       -0.80,
      458.28,       -0.79,
      458.80,       -0.78,
      459.28,       -0.77,
      459.76,       -0.73,
      460.28,       -0.71,
      460.80,       -0.68,
      461.28,       -0.57,
      461.80,       -0.57,
      462.28,       -0.53,
      462.75,       -0.49,
      463.27,       -0.52,
      463.79,       -0.49,
      464.31,       -0.49,
      464.83,       -0.47,
      465.35,       -0.44,
      465.91,       -0.45,
      466.39,       -0.43,
      466.91,       -0.42,
      467.39,       -0.41,
      467.86,       -0.36,
      468.38,       -0.33,
      468.90,       -0.33,
      469.42,       -0.30,
      469.90,       -0.29,
      470.38,       -0.28,
      470.90,       -0.26,
      471.38,       -0.24,
      471.90,       -0.20,
      472.42,       -0.24,
      472.97,       -0.21,
      473.49,       -0.21,
      474.01,       -0.21,
      474.53,       -0.16,
      475.01,       -0.16,
      475.49,       -0.14,
      475.97,       -0.12,
      476.49,       -0.18,
      477.01,       -0.15,
      477.52,       -0.17,
      478.04,       -0.24,
      478.52,       -0.20,
      479.00,       -0.19,
      479.48,       -0.16,
      480.04,       -0.10,
      480.56,       -0.10,
      481.08,       -0.05,
      481.60,       -0.02,
      482.12,        0.02,
      482.63,        0.05,
      483.11,        0.05,
      483.59,        0.08,
      484.11,        0.10,
      484.63,        0.09,
      485.15,        0.08,
      485.63,        0.14,
      486.15,        0.16,
      486.63,        0.15,
      487.11,        0.15,
      487.62,        0.21,
      488.14,        0.15,
      488.66,        0.12,
      489.22,        0.18,
      489.74,        0.17,
      490.22,        0.22,
      490.74,        0.25,
      491.22,        0.24,
      491.74,        0.28,
      492.22,        0.27,
      492.73,        0.27,
      493.25,        0.28,
      493.77,        0.28,
      494.25,       -0.55,
      494.73,        0.23,
      495.25,        0.26,
      495.77,        0.15,
      496.29,       -0.01,
      496.81,       -0.07,
      497.33,       -0.31,
      497.84,       -0.44,
      498.36,       -0.59,
      498.84,       -0.85,
      499.36,       -0.88,
      499.84,       -0.95,
      500.36,       -0.94,
      500.88,       -0.94,
      501.40,       -1.00,
      501.88,       -0.98,
      502.40,       -0.98,
      502.87,       -1.00,
      503.35,       -0.99,
      503.87,       -0.94,
      504.39,       -0.94,
      504.95,       -0.94,
      505.43,       -0.98,
      505.95,       -0.98,
      506.47,       -0.98,
      506.99,       -0.98,
      507.47,       -0.96,
      507.98,       -0.96,
      508.46,       -0.95,
      509.02,       -0.81,
      509.50,       -0.91,
      510.02,       -0.89,
      510.50,       -0.89,
      510.98,       -0.89,
      511.50,       -0.88,
      512.02,       -0.88,
      512.57,       -0.88,
      513.05,       -0.87,
      513.57,       -0.87,
      514.13,       -0.85,
      514.65,       -0.82,
      515.13,       -0.81,
      515.61,       -0.80,
      516.13,       -0.81,
      516.65,       -0.72,
      517.17,       -0.70,
      517.68,       -0.71,
      518.16,       -0.73,
      518.64,       -0.76,
      519.16,       -0.73,
      519.64,       -0.73,
      520.20,       -0.69,
      520.68,       -0.71,
      521.24,       -0.69,
      521.76,       -0.72,
      522.28,       -0.71,
      522.79,       -0.71,
      523.27,       -0.68,
      523.75,       -0.66,
      524.27,       -0.63,
      524.75,       -0.63,
      525.27,       -0.64,
      525.75,       -0.64,
      526.23,       -0.63,
      526.71,       -0.63,
      527.23,       -0.63,
      527.74,       -0.64,
      528.22,       -0.65,
      528.78,       -0.63,
      529.30,       -0.63,
      529.82,       -0.64,
      530.34,       -0.66,
      530.86,       -0.67,
      531.38,       -0.71,
      531.86,       -0.69,
      532.38,       -0.66,
      532.89,       -0.65,
      533.41,       -0.65,
      533.93,       -0.64,
      534.41,       -0.65,
      534.89,       -0.63,
      535.41,       -0.64,
      535.89,       -0.64,
      536.41,       -0.64,
      536.97,       -0.69,
      537.49,       -0.68,
      538.00,       -0.69,
      538.52,       -0.69,
      539.04,       -0.66,
      539.56,       -0.66,
      540.08,       -0.66,
      540.60,       -0.68,
      541.08,       -0.70,
      541.60,       -0.67,
      542.08,       -0.68,
      542.59,       -0.63,
      543.07,       -0.55,
      543.55,       -0.54,
      544.07,       -0.55,
      544.59,       -0.54,
      545.11,       -0.49,
      545.67,       -0.46,
      546.19,       -0.53,
      546.71,       -0.55,
      547.23,       -0.52,
      547.70,       -0.52,
      548.22,       -0.46,
      548.74,       -0.46,
      549.26,       -0.50,
      549.74,       -0.42,
      550.26,       -0.46,
      550.74,       -0.41,
      551.22,       -0.39,
      551.74,       -0.38,
      552.26,       -0.40,
      552.77,       -0.36,
      553.33,       -0.32,
      553.81,       -0.28,
      554.37,       -0.29,
      554.89,       -0.25,
      555.37,       -0.25,
      555.89,       -0.28,
      556.37,       -0.22,
      556.89,       -0.21,
      557.41,       -0.19,
      557.88,       -0.15,
      558.40,       -0.12,
      558.84,       -0.10,
      559.32,       -0.10,
      559.88,       -0.10,
      560.40,       -0.05,
      560.92,       -0.07,
      561.44,       -0.03,
      562.00,       -0.02,
      562.48,       -0.00,
      562.99,        0.13,
      563.47,        0.07,
      563.99,        0.08,
      564.51,        0.11,
      565.03,        0.06,
      565.51,        0.09,
      565.99,        0.12,
      566.47,        0.12,
      566.95,        0.15,
      567.47,        0.15,
      567.98,        0.20,
      568.54,        0.19,
      569.06,        0.19,
      569.58,        0.20,
      570.10,        0.11,
      570.58,        0.10,
      571.10,        0.07,
      571.58,        0.00,
      572.10,       -0.02,
      572.57,       -0.05,
      573.09,       -0.06,
      573.57,       -0.12,
      574.05,       -0.15,
      574.57,       -0.14,
      575.05,       -0.20,
      575.57,       -0.17,
      576.09,       -0.17,
      576.61,       -0.21,
      577.13,       -0.18,
      577.68,       -0.20,
      578.16,       -0.20,
      578.68,       -0.22,
      579.16,       -0.25,
      579.64,       -0.25,
      580.16,       -0.37,
      580.68,       -0.35,
      581.16,       -0.43,
      581.68,       -0.55,
      582.16,       -0.63,
      582.63,       -0.98,
      583.15,       -1.34,
      583.67,       -1.71,
      584.19,       -2.03,
      584.75,       -2.10,
      585.27,       -2.17,
      585.79,       -2.20,
      586.31,       -2.21,
      586.79,       -2.30,
      587.27,       -2.35,
      587.74,       -2.34,
      588.26,       -2.34,
      588.78,       -2.34,
      589.26,       -2.34,
      589.78,       -2.34,
      590.26,       -2.31,
      590.74,       -2.25,
      591.26,       -2.21,
      591.78,       -2.15,
      592.30,       -2.06,
      592.81,       -2.00,
      593.33,       -1.94,
      593.89,       -1.86,
      594.37,       -1.82,
      594.89,       -1.75,
      595.37,       -1.68,
      595.89,       -1.66,
      596.37,       -1.59,
      596.89,       -1.54,
      597.41,       -1.47,
      597.88,       -1.39,
      598.36,       -1.29,
      598.88,       -1.25,
      599.36,       -1.18,
      599.88,       -1.13,
      600.44,       -1.07,
      600.96,       -1.02,
      601.48,       -1.00,
      602.00,       -0.97,
      602.52,       -0.91,
      602.99,       -0.87,
      603.47,       -0.82,
      603.99,       -0.76,
      604.47,       -0.74,
      604.99,       -0.71,
      605.51,       -0.63,
      605.99,       -0.58,
      606.51,       -0.55,
      606.99,       -0.51,
      607.51,       -0.45,
      608.06,       -0.36,
      608.58,       -0.29,
      609.10,       -0.22,
      609.66,       -0.17,
      610.14,       -0.15,
      610.66,       -0.12,
      611.14,       -0.07,
      611.62,       -0.01,
      612.14,        0.04,
      612.65,        0.07,
      613.13,        0.07,
      613.65,        0.12,
      614.13,        0.18,
      614.65,        0.24,
      615.13,        0.28,
      615.65,        0.32,
      616.17,        0.35,
      616.73,        0.37,
      617.25,        0.39,
      617.76,        0.46,
      618.28,        0.50,
      618.76,        0.57,
      619.24,        0.59,
      619.72,        0.63,
      620.24,        0.67,
      620.76,        0.66,
      621.24,        0.68,
      621.76,        0.73,
      622.24,        0.78,
      622.71,        0.81,
      623.23,        0.76,
      623.79,        0.77,
      624.31,        0.75,
      624.83,        0.76,
      625.39,        0.78,
      625.91,        0.79,
      626.43,        0.84,
      626.91,        0.84,
      627.39,        0.89,
      627.86,        0.90,
      628.38,        0.92,
      628.90,        0.92,
      629.42,        0.92,
      629.90,        0.94,
      630.42,        0.97,
      630.90,        1.00,
      631.38,        1.03,
      631.94,        1.03,
      632.46,        1.04,
      632.97,        1.04,
      633.49,        1.05,
      634.05,        1.01,
      634.53,        0.98,
      635.05,        0.97,
      635.53,        0.98,
      636.09,        1.02,
      636.57,        0.96,
      637.09,        0.93,
      637.60,        0.90,
      638.12,        0.90,
      638.60,        0.84,
      639.08,        0.71,
      639.60,        0.67,
      640.12,        0.50,
      640.64,        0.45,
      641.20,        0.30,
      641.68,        0.13,
      642.20,        0.09,
      642.71,       -0.03,
      643.19,       -0.11,
      643.71,       -0.14,
      644.19,       -0.16,
      644.71,       -0.31,
      645.23,       -0.44,
      645.75,       -0.63,
      646.23,       -0.90,
      646.71,       -1.17,
      647.23,       -1.54,
      647.74,       -1.95,
      648.26,       -2.30,
      648.78,       -2.57,
      649.30,       -2.64,
      649.82,       -2.62,
      650.34,       -2.65,
      650.86,       -2.68,
      651.38,       -2.64,
      651.86,       -2.64,
      652.38,       -2.64,
      652.89,       -2.67,
      653.37,       -2.69,
      653.89,       -2.69,
      654.37,       -2.71,
      654.89,       -2.66,
      655.37,       -2.57,
      655.89,       -2.16,
      656.41,       -2.59,
      656.97,       -2.40,
      657.45,       -2.34,
      657.96,       -2.26,
      658.52,       -2.18,
      659.04,       -2.12,
      659.52,       -2.10,
      660.04,       -2.03,
      660.52,       -2.01,
      661.04,       -1.94,
      661.56,       -1.90,
      662.04,       -1.88,
      662.56,       -1.86,
      663.03,       -1.81,
      663.55,       -1.75,
      664.07,       -1.64,
      664.59,       -1.57,
      665.11,       -1.54,
      665.63,       -1.48,
      666.15,       -1.44,
      666.71,       -1.60,
      667.23,       -1.29,
      667.70,       -1.25,
      668.22,       -1.14,
      668.70,       -1.07,
      669.22,       -1.07,
      669.74,       -1.01,
      670.22,       -0.95,
      670.70,       -0.96,
      671.22,       -0.90,
      671.74,       -0.88,
      672.22,       -0.83,
      672.77,       -0.74,
      673.29,       -0.68,
      673.81,       -0.64,
      674.33,       -0.58,
      674.85,       -0.56,
      675.37,       -0.51,
      675.89,       -0.45,
      676.37,       -0.41,
      676.89,       -0.34,
      677.41,       -0.24,
      677.88,       -0.15,
      678.40,       -0.12,
      678.88,       -0.12,
      679.36,       -0.03,
      679.88,        0.01,
      680.40,        0.06,
      680.92,        0.14,
      681.44,        0.20,
      682.00,        0.28,
      682.52,        0.34,
      683.03,        0.37,
      683.55,        0.43,
      684.03,        0.49,
      684.55,        0.54,
      685.07,        0.57,
      685.55,        0.59,
      686.07,        0.59,
      686.55,        0.64,
      687.07,        0.68,
      687.51,        0.74,
      688.06,        0.79,
      688.58,        0.82,
      689.10,        0.86,
      689.62,        0.90,
      690.18,        0.94,
      690.70,        0.96,
      691.22,        1.00,
      691.70,        1.09,
      692.22,        1.15,
      692.73,        1.20,
      693.25,        1.22,
      693.73,        1.25,
      694.25,        1.28,
      694.73,        1.29,
      695.21,        1.30,
      695.73,        1.32,
      696.25,        1.38,
      696.77,        1.39,
      697.29,        1.38,
      697.80,        1.42,
      698.36,        1.42,
      698.88,        1.42,
      699.40,        1.41,
      699.92,        1.44,
      700.44,        1.48,
      700.96,        1.54,
      701.44,        1.55,
      701.96,        1.54,
      702.44,        1.56,
      702.91,        1.62,
      703.39,        1.64,
      703.91,        1.68,
      704.43,        1.71,
      704.99,        1.71,
      705.51,        1.74,
      706.03,        1.79,
      706.59,        1.79,
      707.07,        1.86,
      707.59,        1.90,
      708.10,        1.94,
      708.62,        1.94,
      709.10,        1.97,
      709.62,        2.03,
      710.10,        2.08,
      710.58,        2.12,
      711.06,        2.09,
      711.54,        2.13,
      712.06,        2.16,
      712.61,        2.21,
      713.13,        2.27,
      713.65,        2.31,
      714.21,        2.33,
      714.73,        2.34,
      715.25,        2.34,
      715.73,        2.34,
      716.25,        2.38,
      716.73,        2.44,
      717.25,        2.43,
      717.76,        2.43,
      718.24,        2.42,
      718.72,        2.46,
      719.20,        2.46,
      719.72,        2.43,
      720.24,        2.44,
      720.80,        2.43,
      721.32,        2.43,
      721.84,        2.43,
      722.36,        2.45,
      722.87,        2.43,
      723.35,        2.36,
      723.87,        2.26,
      724.39,        2.16,
      724.91,        2.04,
      725.39,        2.01,
      725.87,        2.02,
      726.39,        2.00,
      726.87,        1.96,
      727.35,        1.91,
      727.86,        1.82,
      728.42,        1.71,
      728.94,        1.65,
      729.46,        1.39,
      729.98,        1.11,
      730.50,        0.83,
      731.02,        0.48,
      731.50,        0.08,
      732.02,       -0.34,
      732.50,       -0.76,
      733.01,       -1.14,
      733.49,       -1.51,
      734.01,       -1.84,
      734.49,       -2.20,
      734.97,       -2.61,
      735.49,       -3.01,
      736.01,       -3.46,
      736.57,       -3.83,
      737.09,       -4.11,
      737.61,       -4.17,
      738.12,       -4.09,
      738.60,       -4.09,
      739.12,       -4.13,
      739.60,       -4.08,
      740.12,       -3.99,
      740.64,       -3.89,
      741.12,       -3.78,
      741.64,       -3.72,
      742.12,       -3.71,
      742.60,       -3.71,
      743.07,       -3.66,
      743.63,       -3.64,
      744.15,       -3.66,
      744.67,       -3.73,
      745.19,       -3.74,
      745.75,       -3.75,
      746.23,       -3.75,
      746.75,       -3.74,
      747.23,       -3.80,
      747.74,       -3.87,
      748.26,       -3.91,
      748.74,       -3.92,
      749.26,       -3.90,
      749.74,       -3.85,
      750.22,       -3.88,
      750.70,       -3.92,
      751.22,       -3.96,
      751.74,       -3.98,
      752.26,       -3.98,
      752.81,       -4.02,
      753.33,       -4.09,
      753.85,       -4.10,
      754.33,       -4.10,
      754.85,       -4.09,
      755.33,       -4.08,
      755.85,       -4.13,
      756.33,       -4.09,
      756.85,       -4.08,
      757.37,       -4.05,
      757.84,       -3.99,
      758.32,       -4.01,
      758.80,       -3.99,
      759.32,       -3.96,
      759.84,       -4.00,
      760.40,       -3.98,
      760.92,       -4.00,
      761.44,       -3.98,
      761.96,       -3.94,
      762.48,       -3.92,
      762.95,       -3.88,
      763.43,       -3.85,
      763.95,       -3.84,
      764.47,       -3.84,
      764.95,       -3.81,
      765.47,       -3.81,
      765.95,       -3.79,
      766.43,       -3.77,
      766.95,       -3.80,
      767.47,       -3.85,
      767.98,       -3.78,
      768.50,       -3.73,
      769.02,       -3.71,
      769.54,       -3.65,
      770.06,       -3.61,
      770.58,       -3.61,
      771.06,       -3.61,
      771.54,       -3.58,
      772.06,       -3.55,
      772.58,       -3.50,
      773.05,       -3.50,
      773.57,       -3.47,
      774.05,       -3.41,
      774.53,       -3.38,
      775.05,       -3.34,
      775.57,       -3.30,
      776.09,       -3.24,
      776.61,       -3.17,
      777.17,       -3.13,
      777.68,       -3.13,
      778.20,       -3.10,
      778.68,       -3.05,
      779.16,       -3.05,
      779.68,       -2.99,
      780.20,       -2.97,
      780.68,       -2.95,
      781.20,       -2.86,
      781.68,       -2.88,
      782.20,       -2.81,
      782.67,       -2.75,
      783.15,       -2.73,
      783.71,       -2.72,
      784.23,       -2.65,
      784.75,       -2.62,
      785.27,       -2.63,
      785.83,       -2.68,
      786.31,       -2.69,
      786.79,       -2.69,
      787.31,       -2.69,
      787.78,       -2.62,
      788.30,       -2.61,
      788.82,       -2.69,
      789.34,       -2.69,
      789.82,       -2.65,
      790.30,       -2.68,
      790.82,       -2.68,
      791.30,       -2.69,
      791.90,       -2.72,
      792.42,       -2.69,
      792.93,       -2.68,
      793.45,       -2.66,
      793.97,       -2.62,
      794.49,       -2.58,
      794.97,       -2.51,
      795.45,       -2.49,
      795.97,       -2.47,
      796.49,       -2.46,
      797.01,       -2.42,
      797.53,       -2.38,
      798.00,       -2.37,
      798.48,       -2.34,
      798.96,       -2.33,
      799.48,       -2.38,
      800.04,       -2.39,
      800.56,       -2.37,
      801.08,       -2.33,
      801.60,       -2.33,
      802.12,       -2.35,
      802.64,       -2.61,
      803.11,       -2.38,
      803.59,       -2.35,
      804.11,       -2.35,
      804.63,       -2.34,
      805.15,       -2.32,
      805.63,       -2.29,
      806.11,       -2.25,
      806.63,       -2.26,
      807.11,       -2.34,
      807.63,       -2.37,
      808.14,       -2.45,
      808.70,       -2.47,
      809.18,       -2.47,
      809.74,       -2.47,
      810.26,       -2.50,
      810.74,       -2.50,
      811.22,       -2.51,
      811.70,       -2.49,
      812.22,       -2.51,
      812.77,       -2.51,
      813.25,       -2.49,
      813.73,       -2.45,
      814.21,       -2.44,
      814.69,       -2.43,
      815.25,       -2.38,
      815.73,       -2.38,
      816.29,       -2.38,
      816.77,       -2.36,
      817.29,       -2.35,
      817.84,       -2.28,
      818.32,       -2.25,
      818.80,       -2.27,
      819.28,       -2.28,
      819.80,       -2.25,
      820.32,       -2.24,
      820.84,       -2.25,
      821.32,       -2.22,
      821.80,       -2.25,
      822.32,       -2.28,
      822.79,       -2.32,
      823.31,       -2.29,
      823.83,       -2.28,
      824.35,       -2.29,
      824.87,       -2.27,
      825.39,       -2.34,
      825.91,       -2.35,
      826.39,       -2.35,
      826.87,       -2.40,
      827.39,       -2.34,
      827.86,       -2.34,
      828.38,       -2.32,
      828.90,       -2.34,
      829.42,       -2.45,
      829.90,       -2.41,
      830.38,       -2.48,
      830.90,       -2.56,
      831.38,       -2.57,
      831.90,       -1.94,
      832.42,       -2.73,
      832.97,       -2.73,
      833.49,       -2.77,
      833.97,       -2.86,
      834.49,       -2.98,
      834.97,       -3.14,
      835.45,       -3.15,
      835.97,       -3.17,
      836.49,       -3.23,
      836.97,       -3.24,
      837.49,       -3.33,
      837.96,       -3.34,
      838.48,       -3.34,
      838.96,       -3.43,
      839.48,       -3.43,
      840.00,       -3.42,
      840.52,       -3.45,
      841.04,       -3.47,
      841.56,       -3.47,
      842.08,       -3.49,
      842.56,       -3.50,
      843.03,       -3.50,
      843.55,       -3.50,
      844.03,       -3.47,
      844.55,       -3.42,
      845.07,       -3.43,
      845.55,       -3.43,
      846.03,       -3.40,
      846.55,       -3.39,
      847.03,       -3.36,
      847.55,       -3.36,
      848.06,       -3.38,
      848.58,       -3.32,
      849.14,       -3.30,
      849.66,       -3.33,
      850.14,       -3.32,
      850.62,       -3.32,
      851.14,       -3.34,
      851.62,       -3.37,
      852.14,       -3.34,
      852.66,       -3.33,
      853.17,       -3.33,
      853.65,       -3.30,
      854.13,       -3.26,
      854.61,       -3.23,
      855.09,       -3.22,
      855.65,       -3.21,
      856.17,       -3.21,
      856.69,       -3.26,
      857.21,       -3.28,
      857.72,       -3.30,
      858.24,       -3.30,
      858.72,       -3.33,
      859.20,       -3.36,
      859.68,       -3.30,
      860.20,       -3.31,
      860.72,       -3.34,
      861.24,       -3.30,
      861.72,       -3.29,
      862.20,       -3.32,
      862.68,       -3.32,
      863.19,       -3.28,
      863.71,       -3.25,
      864.23,       -3.19,
      864.75,       -3.16,
      865.31,       -3.13,
      865.83,       -3.13,
      866.31,       -3.11,
      866.79,       -3.04,
      867.27,       -3.00,
      867.78,       -3.01,
      868.30,       -2.97,
      868.82,       -2.98,
      869.34,       -2.94,
      869.78,       -2.91,
      870.26,       -2.88,
      870.78,       -2.83,
      871.30,       -2.67,
      871.82,       -2.75,
      872.34,       -2.73,
      872.89,       -2.72,
      873.41,       -2.66,
      873.93,       -2.58,
      874.41,       -2.56,
      874.93,       -2.46,
      875.41,       -2.37,
      875.93,       -2.34,
      876.45,       -2.29,
      876.97,       -2.25,
      877.45,       -2.19,
      877.92,       -2.12,
      878.40,       -2.05,
      878.92,       -1.98,
      879.44,       -1.91,
      879.96,       -1.86,
      880.48,       -1.79,
      881.04,       -1.73,
      881.56,       -1.68,
      882.08,       -1.63,
      882.56,       -1.57,
      883.03,       -1.55,
      883.55,       -1.48,
      884.07,       -1.39,
      884.55,       -1.34,
      885.07,       -1.30,
      885.55,       -1.29,
      886.03,       -1.28,
      886.51,       -1.23,
      887.03,       -1.20,
      887.55,       -1.18,
      888.10,       -1.12,
      888.62,       -1.06,
      889.14,       -1.04,
      889.66,       -1.00,
      890.18,       -0.95,
      890.66,       -0.90,
      891.14,       -0.89,
      891.62,       -0.90,
      892.14,       -0.83,
      892.66,       -0.76,
      893.17,       -0.81,
      893.65,       -0.84,
      894.17,       -0.83,
      894.65,       -0.84,
      895.17,       -0.81,
      895.69,       -0.87,
      896.21,       -0.87,
      896.73,       -0.90,
      897.25,       -0.96,
      897.76,       -1.01,
      898.28,       -1.03,
      898.76,       -1.11,
      899.28,       -1.16,
      899.76,       -1.14,
      900.28,       -1.30,
      900.80,       -1.34,
      901.28,       -1.37,
      901.76,       -1.49,
      902.28,       -1.54,
      902.75,       -1.70,
      903.27,       -1.88,
      903.83,       -2.02,
      904.35,       -2.21,
      904.87,       -2.43,
      905.39,       -2.56,
      905.95,       -2.69,
      906.43,       -2.93,
      906.91,       -3.06,
      907.39,       -3.24,
      907.90,       -3.45,
      908.42,       -3.55,
      908.94,       -3.72,
      909.46,       -3.93,
      909.94,       -3.99,
      910.42,       -4.12,
      910.94,       -4.31,
      911.46,       -4.38,
      911.98,       -4.53,
      912.54,       -4.67,
      913.05,       -4.74,
      913.57,       -4.90,
      914.09,       -5.00,
      914.61,       -5.04,
      915.05,       -5.09,
      915.53,       -5.14,
      916.05,       -5.18,
      916.57,       -5.31,
      917.09,       -5.42,
      917.57,       -5.52,
      918.08,       -5.59,
      918.56,       -5.60,
      919.08,       -5.66,
      919.60,       -5.62,
      920.12,       -5.50,
      920.64,       -5.43,
      921.20,       -5.38,
      921.72,       -5.33,
      922.20,       -5.30,
      922.68,       -5.28,
      923.15,       -5.22,
      923.63,       -5.10,
      924.15,       -4.99,
      924.67,       -4.88,
      925.19,       -4.84,
      925.67,       -4.92,
      926.19,       -4.92,
      926.67,       -4.91,
      927.19,       -4.88,
      927.71,       -4.80,
      928.22,       -4.78,
      928.74,       -4.76,
      929.30,       -4.76,
      929.82,       -4.76,
      930.26,       -4.73,
      930.74,       -4.70,
      931.26,       -4.67,
      931.74,       -4.61,
      932.26,       -4.61,
      932.77,       -4.56,
      933.25,       -4.55,
      933.77,       -4.52,
      934.25,       -4.50,
      934.77,       -4.52,
      935.29,       -4.58,
      935.81,       -4.58,
      936.33,       -4.52,
      936.89,       -4.50,
      937.41,       -4.57,
      937.88,       -4.63,
      938.36,       -4.61,
      938.84,       -4.57,
      939.36,       -4.59,
      939.88,       -4.61,
      940.40,       -4.58,
      940.92,       -4.56,
      941.40,       -4.54,
      941.88,       -4.49,
      942.36,       -4.44,
      942.87,       -4.41,
      943.39,       -4.42,
      943.95,       -4.44,
      944.47,       -4.44,
      944.99,       -4.40,
      945.51,       -4.39,
      945.99,       -4.38,
      946.51,       -4.35,
      946.99,       -4.35,
      947.51,       -4.38,
      948.02,       -4.42,
      948.54,       -4.40,
      949.02,       -4.36,
      949.54,       -4.36,
      950.02,       -4.34,
      950.50,       -4.30,
      951.02,       -4.27,
      951.54,       -4.23,
      952.10,       -4.19,
      952.62,       -4.14,
      953.13,       -4.10,
      953.65,       -4.10,
      954.17,       -4.09,
      954.65,       -4.09,
      955.13,       -4.04,
      955.65,       -4.00,
      956.17,       -3.98,
      956.69,       -3.98,
      957.21,       -3.98,
      957.69,       -3.98,
      958.16,       -3.96,
      958.64,       -3.91,
      959.20,       -3.83,
      959.72,       -3.81,
      960.24,       -3.78,
      960.76,       -3.76,
      961.28,       -3.74,
      961.80,       -3.70,
      962.32,       -3.65,
      962.79,       -3.61,
      963.31,       -3.56,
      963.83,       -3.57,
      964.35,       -3.57,
      964.87,       -3.56,
      965.39,       -3.57,
      965.87,       -3.57,
      966.35,       -3.59,
      966.87,       -3.66,
      967.39,       -3.67,
      967.90,       -3.71,
      968.42,       -3.68,
      968.94,       -3.70,
      969.50,       -3.71,
      970.02,       -3.75,
      970.54,       -3.72,
      971.06,       -3.70,
      971.58,       -3.68,
      972.10,       -3.65,
      972.62,       -3.62,
      973.13,       -3.63,
      973.61,       -3.64,
      974.13,       -3.63,
      974.61,       -3.60,
      975.13,       -3.61,
      975.65,       -3.60,
      976.13,       -3.57,
      976.69,       -3.56,
      977.21,       -3.56,
      977.73,       -3.56,
      978.28,       -3.56,
      978.76,       -3.56,
      979.28,       -3.56,
      979.80,       -3.54,
      980.32,       -3.50,
      980.84,       -3.50,
      981.36,       -3.48,
      981.84,       -3.47,
      982.36,       -3.45,
      982.83,       -3.42,
      983.35,       -3.39,
      983.87,       -3.35,
      984.39,       -3.33,
      984.91,       -3.26,
      985.47,       -3.21,
      985.99,       -3.16,
      986.51,       -3.11,
      987.03,       -3.09,
      987.55,       -3.08,
      988.06,       -3.08,
      988.54,       -3.07,
      989.06,       -3.02,
      989.58,       -3.03,
      990.06,       -3.03,
      990.58,       -3.01,
      991.06,       -2.97,
      991.58,       -2.98,
      992.10,       -2.99,
      992.62,       -2.97,
      993.17,       -2.98,
      993.69,       -2.98,
      994.21,       -3.03,
      994.73,       -3.08,
      995.25,       -3.15,
      995.73,       -3.21,
      996.25,       -3.28,
      996.77,       -3.33,
      997.29,       -3.34,
      997.77,       -3.32,
      998.28,       -3.34,
      998.76,       -3.34,
      999.24,       -3.29,
      999.80,       -3.24,
     1000.32,       -3.18,
     1000.84,       -3.15,
     1001.36,       -3.11,
     1001.88,       -3.08,
     1002.40,       -3.03,
     1002.91,       -2.99,
     1003.43,       -2.91,
     1003.95,       -2.82,
     1004.47,       -2.76,
     1004.95,       -2.71,
     1005.47,       -2.68,
     1005.99,       -2.61,
     1006.43,       -2.56,
     1006.95,       -2.50,
     1007.47,       -2.46,
     1007.98,       -2.43,
     1008.54,       -2.34,
     1009.06,       -2.26,
     1009.58,       -2.19,
     1010.10,       -2.14,
     1010.62,       -2.08,
     1011.14,       -2.03,
     1011.66,       -1.97,
     1012.14,       -1.92,
     1012.66,       -1.86,
     1013.17,       -1.78,
     1013.69,       -1.76,
     1014.13,       -1.73,
     1014.65,       -1.72,
     1015.17,       -1.73,
     1015.69,       -1.64,
     1016.21,       -1.56,
     1016.73,       -1.58,
     1017.25,       -1.55,
     1017.80,       -1.60,
     1018.32,       -1.57,
     1018.84,       -1.59,
     1019.32,       -1.71,
     1019.84,       -1.81,
     1020.36,       -2.00,
     1020.88,       -2.31,
     1021.40,       -2.69,
     1021.84,       -3.06,
     1022.36,       -3.42,
     1022.83,       -3.77,
     1023.35,       -4.18,
     1023.91,       -4.58,
     1024.43,       -5.00,
     1024.95,       -5.42,
     1025.47,       -5.83,
     1025.99,       -6.22,
     1026.55,       -6.54,
     1027.03,       -6.76,
     1027.55,       -6.89,
     1028.06,       -6.93,
     1028.58,       -6.97,
     1029.10,       -6.97,
     1029.54,       -7.02,
     1030.06,       -7.01,
     1030.54,       -7.06,
     1031.06,       -7.08,
     1031.58,       -7.08,
     1032.10,       -7.07,
     1032.66,       -7.06,
     1033.17,       -7.10,
     1033.69,       -7.10,
     1034.21,       -7.05,
     1034.73,       -7.03,
     1035.25,       -7.00,
     1035.77,       -6.97,
     1036.29,       -6.93,
     1036.77,       -6.93,
     1037.25,       -6.93,
     1037.77,       -6.88,
     1038.24,       -6.80,
     1038.76,       -6.76,
     1039.28,       -6.69,
     1039.80,       -6.51,
     1040.32,       -6.58,
     1040.84,       -6.47,
     1041.40,       -6.38,
     1041.92,       -6.30,
     1042.44,       -6.21,
     1042.95,       -6.11,
     1043.47,       -6.08,
     1043.95,       -6.00,
     1044.47,       -5.95,
     1044.95,       -5.89,
     1045.47,       -5.83,
     1045.95,       -5.77,
     1046.47,       -5.70,
     1046.99,       -5.60,
     1047.51,       -5.52,
     1048.02,       -5.46,
     1048.54,       -5.35,
     1049.06,       -5.27,
     1049.62,       -5.26,
     1050.14,       -5.15,
     1050.66,       -5.05,
     1051.14,       -4.97,
     1051.66,       -4.87,
     1052.18,       -4.78,
     1052.66,       -4.73,
     1053.17,       -4.66,
     1053.65,       -4.60,
     1054.17,       -4.53,
     1054.65,       -4.48,
     1055.17,       -4.43,
     1055.69,       -4.37,
     1056.25,       -4.31,
     1056.77,       -4.27,
     1057.29,       -4.22,
     1057.80,       -4.22,
     1058.32,       -4.19,
     1058.84,       -4.16,
     1059.36,       -4.10,
     1059.88,       -4.07,
     1060.36,       -4.02,
     1060.88,       -4.03,
     1061.40,       -4.06,
     1061.88,       -4.02,
     1062.40,       -3.99,
     1062.87,       -3.95,
     1063.39,       -3.88,
     1063.91,       -3.87,
     1064.47,       -3.79,
     1064.99,       -3.74,
     1065.51,       -3.69,
     1066.03,       -3.61,
     1066.55,       -3.57,
     1067.07,       -3.54,
     1067.59,       -3.51,
     1068.06,       -3.45,
     1068.58,       -3.38,
     1069.06,       -3.34,
     1069.58,       -3.30,
     1070.10,       -3.23,
     1070.62,       -3.19,
     1071.10,       -3.17,
     1071.62,       -3.14,
     1072.18,       -3.12,
     1072.70,       -3.07,
     1073.21,       -3.01,
     1073.73,       -2.97,
     1074.29,       -2.93,
     1074.77,       -2.90,
     1075.29,       -2.88,
     1075.77,       -2.86,
     1076.29,       -2.84,
     1076.81,       -2.80,
     1077.33,       -2.78,
     1077.81,       -2.74,
     1078.32,       -2.71,
     1078.80,       -2.65,
     1079.32,       -2.60,
     1079.88,       -2.63,
     1080.40,       -2.60,
     1080.92,       -2.57,
     1081.44,       -2.56,
     1081.96,       -2.51,
     1082.48,       -2.51,
     1082.99,       -2.57,
     1083.47,       -2.59,
     1083.99,       -2.58,
     1084.51,       -2.56,
     1085.03,       -2.53,
     1085.55,       -2.53,
     1086.03,       -2.51,
     1086.55,       -2.47,
     1087.07,       -2.41,
     1087.59,       -2.36,
     1088.10,       -2.31,
     1088.62,       -2.29,
     1089.18,       -2.29,
     1089.70,       -2.24,
     1090.22,       -2.22,
     1090.78,       -2.25,
     1091.26,       -2.22,
     1091.78,       -2.22,
     1092.30,       -2.24,
     1092.81,       -2.18,
     1093.33,       -2.17,
     1093.81,       -2.15,
     1094.29,       -2.12,
     1094.81,       -2.10,
     1095.33,       -2.09,
     1095.85,       -2.07,
     1096.37,       -2.05,
     1096.89,       -2.03,
     1097.45,       -2.01,
     1097.96,       -1.98,
     1098.44,       -1.93,
     1098.96,       -1.91,
     1099.48,       -1.90,
     1100.00,       -1.86,
     1100.48,       -1.86,
     1101.00,       -1.88,
     1101.52,       -1.87,
     1102.00,       -1.86,
     1102.52,       -1.84,
     1102.99,       -1.80,
     1103.55,       -1.79,
     1104.07,       -1.75,
     1104.59,       -1.70,
     1105.11,       -1.69,
     1105.67,       -1.69,
     1106.15,       -1.70,
     1106.67,       -1.74,
     1107.19,       -1.74,
     1107.67,       -1.73,
     1108.18,       -1.73,
     1108.70,       -1.77,
     1109.22,       -1.80,
     1109.70,       -1.86,
     1110.18,       -1.92,
     1110.70,       -1.94,
     1111.22,       -1.97,
     1111.74,       -2.00,
     1112.26,       -1.99,
     1112.82,       -1.99,
     1113.33,       -1.95,
     1113.85,       -1.90,
     1114.33,       -1.93,
     1114.85,       -1.91,
     1115.37,       -1.90,
     1115.89,       -1.84,
     1116.41,       -1.77,
     1116.89,       -1.74,
     1117.41,       -1.75,
     1117.88,       -1.68,
     1118.40,       -1.65,
     1118.88,       -1.63,
     1119.40,       -1.62,
     1119.96,       -1.59,
     1120.48,       -1.53,
     1121.00,       -1.51,
     1121.52,       -1.51,
     1122.04,       -1.49,
     1122.56,       -1.46,
     1123.07,       -1.44,
     1123.59,       -1.41,
     1124.07,       -1.38,
     1124.59,       -1.32,
     1125.07,       -1.27,
     1125.59,       -1.25,
     1126.07,       -1.20,
     1126.59,       -1.20,
     1127.11,       -1.18,
     1127.63,       -1.16,
     1128.14,       -1.12,
     1128.66,       -1.07,
     1129.18,       -1.06,
     1129.70,       -0.98,
     1130.22,       -0.91,
     1130.74,       -0.85,
     1131.26,       -0.85,
     1131.74,       -0.81,
     1132.26,       -0.76,
     1132.78,       -0.72,
     1133.25,       -0.70,
     1133.77,       -0.63,
     1134.25,       -0.61,
     1134.73,       -0.55,
     1135.25,       -0.54,
     1135.81,       -0.50,
     1136.33,       -0.47,
     1136.85,       -0.44,
     1137.37,       -0.37,
     1137.88,       -0.33,
     1138.40,       -0.34,
     1138.92,       -0.33,
     1139.44,       -0.30,
     1139.92,       -0.27,
     1140.44,       -0.26,
     1140.96,       -0.25,
     1141.44,       -0.24,
     1141.92,       -0.26,
     1142.44,       -0.26,
     1142.95,       -0.30,
     1143.47,       -0.33,
     1143.99,       -0.46,
     1144.51,       -0.78,
     1145.03,       -1.12,
     1145.55,       -1.47,
     1146.07,       -1.61,
     1146.59,       -1.64,
     1147.11,       -1.68,
     1147.59,       -1.70,
     1148.10,       -1.71,
     1148.62,       -1.73,
     1149.10,       -1.71,
     1149.62,       -1.70,
     1150.10,       -1.68,
     1150.58,       -1.68,
     1151.14,       -1.74,
     1151.66,       -1.75,
     1152.14,       -1.75,
     1152.70,       -1.75,
     1153.21,       -1.72,
     1153.73,       -1.71,
     1154.25,       -1.69,
     1154.77,       -1.72,
     1155.25,       -1.73,
     1155.77,       -1.73,
     1156.29,       -1.74,
     1156.77,       -1.77,
     1157.29,       -1.79,
     1157.77,       -1.86,
     1158.24,       -1.85,
     1158.76,       -1.85,
     1159.28,       -1.83,
     1159.80,       -1.83,
     1160.32,       -1.81,
     1160.88,       -1.78,
     1161.40,       -1.76,
     1161.92,       -1.77,
     1162.44,       -1.77,
     1162.91,       -1.73,
     1163.43,       -1.77,
     1163.95,       -1.80,
     1164.47,       -1.78,
     1164.95,       -1.81,
     1165.47,       -1.83,
     1165.95,       -1.85,
     1166.43,       -1.87,
     1166.95,       -1.87,
     1167.47,       -1.90,
     1167.98,       -1.90,
     1168.50,       -1.88,
     1169.02,       -1.86,
     1169.58,       -1.89,
     1170.10,       -1.91,
     1170.62,       -1.96,
     1171.10,       -1.96,
     1171.62,       -2.01,
     1172.14,       -2.07,
     1172.66,       -2.13,
     1173.13,       -2.22,
     1173.65,       -2.29,
     1174.13,       -2.36,
     1174.61,       -2.36,
     1175.13,       -2.34,
     1175.65,       -2.30,
     1176.17,       -2.30,
     1176.73,       -2.29,
     1177.25,       -2.25,
     1177.77,       -2.24,
     1178.28,       -2.23,
     1178.80,       -2.18,
     1179.28,       -2.15,
     1179.80,       -2.11,
     1180.32,       -2.08,
     1180.84,       -2.05,
     1181.32,       -1.98,
     1181.80,       -1.93,
     1182.32,       -1.92,
     1182.80,       -1.83,
     1183.31,       -1.77,
     1183.83,       -1.73,
     1184.35,       -1.64,
     1184.87,       -1.59,
     1185.39,       -1.57,
     1185.91,       -1.51,
     1186.39,       -1.47,
     1186.91,       -1.46,
     1187.39,       -1.42,
     1187.86,       -1.38,
     1188.34,       -1.35,
     1188.78,       -1.35,
     1189.26,       -1.30,
     1189.70,       -1.27,
     1190.10,       -1.25,
     1190.54,       -1.21,
     1191.02,       -1.17,
     1191.46,       -1.13,
     1191.94,       -1.13,
     1192.38,       -1.11,
     1192.82,       -1.12,
     1193.25,       -1.16,
     1193.69,       -1.15,
     1194.13,       -1.13,
     1194.53,       -1.16,
     1194.93,       -1.16,
     1195.33,       -1.28,
     1195.73,       -1.44,
     1196.13,       -1.60,
     1196.49,       -1.86,
     1196.85,       -2.12,
     1197.21,       -2.27,
     1197.57,       -2.48,
     1197.92,       -2.56,
     1198.28,       -2.74,
     1198.64,       -2.97,
     1199.00,       -3.11,
     1199.32,       -3.36,
     1199.64,       -3.48,
     1199.92,       -3.60,
     1200.20,       -3.76,
     1200.48,       -3.78,
     1200.72,       -3.91,
     1200.92,       -4.02,
     1201.12,       -3.99,
     1201.32,       -4.13,
     1201.48,       -4.22,
     1201.64,       -4.22,
     1201.80,       -4.40,
     1201.92,       -4.39,
     1202.04,       -4.44,
     1202.12,       -4.63,
     1202.20,       -4.55,
     1202.28,       -4.67,
     1202.32,       -4.74,
     1202.36,       -4.65,
