       -0.00,       -2.20,
       -0.00,       -2.18,
        0.04,       -2.21,
        0.08,       -2.18,
        0.08,       -2.19,
        0.12,       -2.22,
        0.16,       -2.19,
        0.20,       -2.21,
        0.28,       -2.20,
        0.32,       -2.18,
        0.40,       -2.21,
        0.48,       -2.16,
        0.52,       -2.14,
        0.60,       -2.16,
        0.68,       -2.11,
        0.72,       -2.17,
        0.80,       -2.10,
        0.84,       -2.08,
        0.92,       -2.15,
        1.04,       -2.05,
        1.12,       -2.09,
        1.20,       -2.08,
        1.32,       -2.00,
        1.40,       -2.06,
        1.52,       -1.97,
        1.60,       -1.99,
        1.72,       -2.02,
        1.84,       -1.95,
        1.96,       -1.98,
        2.08,       -1.95,
        2.16,       -1.90,
        2.27,       -1.96,
        2.43,       -1.89,
        2.55,       -1.91,
        2.67,       -1.93,
        2.83,       -1.88,
        2.95,       -1.92,
        3.11,       -1.90,
        3.27,       -1.90,
        3.43,       -1.91,
        3.59,       -1.90,
        3.75,       -1.90,
        3.91,       -1.90,
        4.11,       -1.90,
        4.27,       -1.91,
        4.47,       -1.90,
        4.63,       -1.90,
        4.83,       -1.90,
        5.03,       -1.89,
        5.23,       -1.90,
        5.43,       -1.89,
        5.63,       -1.90,
        5.83,       -1.88,
        6.07,       -1.90,
        6.27,       -1.89,
        6.51,       -1.90,
        6.75,       -1.94,
        6.99,       -1.92,
        7.27,       -1.92,
        7.50,       -1.94,
        7.70,       -1.94,
        7.94,       -1.94,
        8.22,       -1.93,
        8.46,       -1.91,
        8.66,       -1.91,
        8.94,       -1.88,
        9.18,       -1.90,
        9.42,       -1.85,
        9.70,       -1.81,
        9.94,       -1.81,
       10.18,       -1.75,
       10.46,       -1.73,
       10.70,       -1.75,
       10.98,       -1.72,
       11.22,       -1.76,
       11.46,       -1.69,
       11.74,       -1.69,
       11.98,       -1.69,
       12.26,       -1.66,
       12.49,       -1.64,
       12.77,       -1.57,
       13.01,       -1.55,
       13.29,       -1.56,
       13.57,       -1.54,
       13.85,       -1.54,
       14.13,       -1.55,
       14.41,       -1.49,
       14.73,       -1.53,
       15.01,       -1.48,
       15.33,       -1.48,
       15.61,       -1.50,
       15.89,       -1.46,
       16.21,       -1.43,
       16.49,       -1.40,
       16.77,       -1.35,
       17.09,       -1.33,
       17.36,       -1.30,
       17.64,       -1.32,
       17.96,       -1.30,
       18.24,       -1.28,
       18.56,       -1.26,
       18.88,       -1.23,
       19.16,       -1.22,
       19.48,       -1.20,
       19.76,       -1.18,
       20.08,       -1.19,
       20.36,       -1.15,
       20.64,       -1.14,
       20.96,       -1.08,
       21.28,       -1.06,
       21.56,       -1.04,
       21.88,       -0.98,
       22.20,       -1.00,
       22.51,       -0.97,
       22.87,       -0.96,
       23.19,       -0.94,
       23.55,       -0.89,
       23.91,       -0.88,
       24.23,       -0.85,
       24.55,       -0.86,
       24.87,       -0.85,
       25.19,       -0.86,
       25.55,       -0.85,
       25.87,       -0.85,
       26.23,       -0.85,
       26.55,       -0.81,
       26.91,       -0.78,
       27.23,       -0.77,
       27.58,       -0.74,
       27.90,       -0.72,
       28.22,       -0.76,
       28.58,       -0.73,
       28.90,       -0.72,
       29.26,       -0.71,
       29.58,       -0.70,
       29.90,       -0.68,
       30.22,       -0.68,
       30.58,       -0.62,
       30.98,       -0.55,
       31.34,       -0.55,
       31.70,       -0.56,
       32.06,       -0.57,
       32.41,       -0.59,
       32.77,       -0.55,
       33.13,       -0.50,
       33.45,       -0.48,
       33.81,       -0.45,
       34.17,       -0.40,
       34.53,       -0.38,
       34.85,       -0.33,
       35.25,       -0.32,
       35.61,       -0.29,
       35.93,       -0.26,
       36.29,       -0.24,
       36.65,       -0.20,
       37.01,       -0.20,
       37.36,       -0.20,
       37.72,       -0.11,
       38.08,       -0.15,
       38.44,       -0.11,
       38.84,       -0.08,
       39.24,       -0.04,
       39.60,       -0.02,
       40.00,        0.02,
       40.36,        0.05,
       40.72,        0.06,
       41.12,        0.09,
       41.48,        0.13,
       41.88,        0.15,
       42.24,        0.15,
       42.63,        0.19,
       43.03,        0.22,
       43.39,        0.23,
       43.79,        0.27,
       44.19,        0.27,
       44.55,        0.33,
       44.95,        0.37,
       45.31,        0.33,
       45.71,        0.37,
       46.07,        0.40,
       46.47,        0.45,
       46.87,        0.44,
       47.30,        0.44,
       47.70,        0.42,
       48.10,        0.40,
       48.50,        0.40,
       48.90,        0.42,
       49.30,        0.42,
       49.66,        0.40,
       50.06,        0.43,
       50.46,        0.44,
       50.86,        0.46,
       51.30,        0.46,
       51.70,        0.47,
       52.06,        0.50,
       52.41,        0.44,
       52.81,        0.48,
       53.21,        0.50,
       53.61,        0.54,
       53.97,        0.53,
       54.41,        0.51,
       54.81,        0.55,
       55.25,        0.57,
       55.69,        0.59,
       56.09,        0.59,
       56.53,        0.59,
       56.93,        0.63,
       57.32,        0.63,
       57.72,        0.64,
       58.08,        0.63,
       58.52,        0.59,
       58.92,        0.59,
       59.36,        0.59,
       59.76,        0.58,
       60.16,        0.58,
       60.56,        0.59,
       60.96,        0.60,
       61.40,        0.59,
       61.80,        0.61,
       62.20,        0.64,
       62.63,        0.65,
       63.07,        0.66,
       63.51,        0.71,
       63.95,        0.72,
       64.39,        0.74,
       64.79,        0.77,
       65.19,        0.79,
       65.63,        0.78,
       66.03,        0.76,
       66.43,        0.78,
       66.87,        0.83,
       67.30,        0.90,
       67.70,        0.87,
       68.10,        0.89,
       68.50,        0.94,
       68.90,        0.95,
       69.34,        0.94,
       69.74,        0.95,
       70.14,        0.96,
       70.58,        0.98,
       71.02,        0.95,
       71.46,        0.98,
       71.90,        0.99,
       72.33,        0.99,
       72.73,        1.01,
       73.13,        1.03,
       73.57,        1.03,
       73.97,        1.03,
       74.41,        1.04,
       74.85,        1.08,
       75.25,        1.09,
       75.69,        1.08,
       76.09,        1.09,
       76.53,        1.11,
       76.89,        1.09,
       77.32,        1.10,
       77.72,        1.07,
       78.16,        1.10,
       78.60,        1.07,
       79.08,        1.07,
       79.52,        1.05,
       80.00,        1.00,
       80.44,        0.91,
       80.84,        0.94,
       81.28,        0.72,
       81.72,        0.59,
       82.16,        0.46,
       82.59,        0.38,
       83.03,        0.36,
       83.43,        0.33,
       83.87,        0.33,
       84.31,        0.32,
       84.71,        0.28,
       85.15,        0.25,
       85.59,        0.20,
       85.99,        0.20,
       86.47,        0.17,
       86.91,        0.13,
       87.38,        0.11,
       87.82,        0.08,
       88.30,        0.06,
       88.74,        0.03,
       89.14,        0.13,
       89.58,        0.08,
       89.98,        0.05,
       90.42,       -0.01,
       90.86,       -0.05,
       91.30,       -0.07,
       91.74,       -0.12,
       92.18,       -0.16,
       92.57,       -0.20,
       93.01,       -0.25,
       93.45,       -0.28,
       93.89,       -0.31,
       94.33,       -0.37,
       94.77,       -0.42,
       95.25,       -0.44,
       95.73,       -0.50,
       96.17,       -0.55,
       96.61,       -0.59,
       97.05,       -0.64,
       97.48,       -0.69,
       97.92,       -0.74,
       98.36,       -0.81,
       98.80,       -0.94,
       99.28,       -1.15,
       99.72,       -1.33,
      100.16,       -1.54,
      100.60,       -1.64,
      101.04,       -1.68,
      101.48,       -1.68,
      101.92,       -1.69,
      102.39,       -1.73,
      102.83,       -1.69,
      103.27,       -1.73,
      103.75,       -1.73,
      104.23,       -1.75,
      104.67,       -1.77,
      105.15,       -1.78,
      105.59,       -1.77,
      106.03,       -1.78,
      106.47,       -1.81,
      106.95,       -1.84,
      107.42,       -1.86,
      107.86,       -1.81,
      108.30,       -1.76,
      108.74,       -1.78,
      109.18,       -1.76,
      109.62,       -1.76,
      110.06,       -1.76,
      110.54,       -1.75,
      111.02,       -1.75,
      111.50,       -1.77,
      111.98,       -1.75,
      112.45,       -1.77,
      112.93,       -1.77,
      113.37,       -1.75,
      113.81,       -1.73,
      114.29,       -1.74,
      114.77,       -1.74,
      115.21,       -1.74,
      115.69,       -1.72,
      116.13,       -1.70,
      116.57,       -1.71,
      117.01,       -1.68,
      117.44,       -1.66,
      117.88,       -1.66,
      118.36,       -1.65,
      118.84,       -1.64,
      119.32,       -1.62,
      119.80,       -1.61,
      120.28,       -1.60,
      120.76,       -1.61,
      121.20,       -1.59,
      121.64,       -1.58,
      122.12,       -1.57,
      122.59,       -1.56,
      123.03,       -1.54,
      123.51,       -1.54,
      123.95,       -1.51,
      124.39,       -1.49,
      124.83,       -1.49,
      125.27,       -1.46,
      125.75,       -1.46,
      126.19,       -1.46,
      126.71,       -1.46,
      127.19,       -1.46,
      127.66,       -1.46,
      128.14,       -1.44,
      128.62,       -1.38,
      129.06,       -1.38,
      129.54,       -1.39,
      129.98,       -1.35,
      130.46,       -1.34,
      130.90,       -1.34,
      131.38,       -1.35,
      131.86,       -1.33,
      132.30,       -1.31,
      132.77,       -1.35,
      133.21,       -1.34,
      133.65,       -1.36,
      134.13,       -1.33,
      134.61,       -1.32,
      135.13,       -1.32,
      135.61,       -1.29,
      136.09,       -1.26,
      136.57,       -1.24,
      137.05,       -1.24,
      137.44,       -1.18,
      137.92,       -1.17,
      138.40,       -1.17,
      138.88,       -1.16,
      139.36,       -1.17,
      139.80,       -1.16,
      140.28,       -1.14,
      140.72,       -1.14,
      141.16,       -1.11,
      141.64,       -1.09,
      142.12,       -1.11,
      142.59,       -1.11,
      143.11,       -1.07,
      143.59,       -1.08,
      144.07,       -1.05,
      144.55,       -1.06,
      144.99,       -1.04,
      145.47,       -1.03,
      145.91,       -1.00,
      146.39,       -0.98,
      146.87,       -0.95,
      147.34,       -0.92,
      147.82,       -0.94,
      148.26,       -0.94,
      148.70,       -0.90,
      149.18,       -0.88,
      149.62,       -0.86,
      150.10,       -0.83,
      150.58,       -0.78,
      151.10,       -0.77,
      151.58,       -0.77,
      152.06,       -0.73,
      152.53,       -0.71,
      153.01,       -0.67,
      153.45,       -0.68,
      153.93,       -0.63,
      154.41,       -0.57,
      154.89,       -0.58,
      155.37,       -0.53,
      155.81,       -0.50,
      156.29,       -0.48,
      156.73,       -0.48,
      157.21,       -0.47,
      157.64,       -0.45,
      158.12,       -0.40,
      158.60,       -0.37,
      159.12,       -0.38,
      159.60,       -0.39,
      160.08,       -0.35,
      160.56,       -0.33,
      161.04,       -0.32,
      161.48,       -0.28,
      161.96,       -0.21,
      162.43,       -0.16,
      162.91,       -0.15,
      163.39,       -0.17,
      163.87,       -0.16,
      164.31,       -0.11,
      164.79,       -0.10,
      165.23,       -0.08,
      165.67,       -0.08,
      166.15,       -0.04,
      166.67,       -0.04,
      167.15,       -0.04,
      167.66,        0.00,
      168.14,       -0.01,
      168.62,        0.05,
      169.10,        0.07,
      169.54,        0.09,
      170.02,        0.09,
      170.50,        0.11,
      170.98,        0.14,
      171.46,        0.16,
      171.94,        0.19,
      172.37,        0.24,
      172.81,        0.25,
      173.29,        0.31,
      173.77,        0.33,
      174.25,        0.33,
      174.73,        0.36,
      175.25,        0.40,
      175.73,        0.46,
      176.25,        0.46,
      176.73,        0.49,
      177.17,        0.53,
      177.64,        0.59,
      178.12,        0.63,
      178.60,        0.65,
      179.08,        0.68,
      179.56,        0.72,
      180.00,        0.74,
      180.48,        0.74,
      180.92,        0.76,
      181.40,        0.79,
      181.88,        0.81,
      182.39,        0.85,
      182.87,        0.87,
      183.35,        0.90,
      183.87,        0.91,
      184.35,        0.88,
      184.83,        0.91,
      185.27,        0.95,
      185.75,        1.00,
      186.23,        1.03,
      186.71,        1.03,
      187.19,        1.08,
      187.66,        1.09,
      188.10,        1.12,
      188.58,        1.15,
      189.02,        1.19,
      189.50,        1.23,
      189.98,        1.25,
      190.46,        1.32,
      190.98,        1.35,
      191.50,        1.37,
      191.98,        1.39,
      192.45,        1.40,
      192.93,        1.43,
      193.41,        1.44,
      193.85,        1.46,
      194.33,        1.47,
      194.81,        1.49,
      195.29,        1.44,
      195.77,        1.24,
      196.25,        0.87,
      196.69,        0.47,
      197.17,        0.02,
      197.64,       -0.41,
      198.12,       -0.85,
      198.64,       -1.27,
      199.12,       -1.62,
      199.64,       -1.75,
      200.12,       -1.72,
      200.60,       -1.71,
      201.08,       -1.70,
      201.52,       -1.70,
      202.00,       -1.63,
      202.47,       -1.59,
      202.99,       -1.57,
      203.43,       -1.60,
      203.91,       -1.61,
      204.39,       -1.60,
      204.83,       -1.64,
      205.31,       -1.64,
      205.79,       -1.55,
      206.31,       -1.46,
      206.79,       -1.45,
      207.27,       -1.47,
      207.78,       -1.46,
      208.26,       -1.46,
      208.74,       -1.46,
      209.22,       -1.48,
      209.66,       -1.45,
      210.14,       -1.42,
      210.62,       -1.40,
      211.14,       -1.40,
      211.62,       -1.40,
      212.06,       -1.38,
      212.53,       -1.33,
      213.01,       -1.32,
      213.49,       -1.31,
      213.93,       -1.29,
      214.45,       -1.22,
      214.97,       -1.26,
      215.45,       -1.26,
      215.93,       -1.28,
      216.41,       -1.29,
      216.89,       -1.28,
      217.37,       -1.27,
      217.80,       -1.28,
      218.32,       -1.32,
      218.80,       -1.33,
      219.28,       -1.38,
      219.76,       -1.41,
      220.24,       -1.40,
      220.68,       -1.42,
      221.16,       -1.42,
      221.64,       -1.46,
      222.16,       -1.49,
      222.67,       -1.44,
      223.15,       -1.42,
      223.67,       -1.42,
      224.15,       -1.42,
      224.63,       -1.42,
      225.11,       -1.37,
      225.59,       -1.30,
      226.07,       -1.25,
      226.55,       -1.24,
      227.07,       -1.25,
      227.54,       -1.25,
      228.02,       -1.26,
      228.46,       -1.29,
      228.94,       -1.21,
      229.42,       -1.19,
      229.86,       -1.19,
      230.38,       -1.15,
      230.90,       -1.14,
      231.38,       -1.13,
      231.90,       -1.09,
      232.38,       -1.07,
      232.85,       -1.05,
      233.33,       -1.03,
      233.77,       -1.06,
      234.29,       -1.07,
      234.77,       -1.03,
      235.29,       -0.99,
      235.77,       -0.98,
      236.21,       -0.97,
      236.69,       -0.96,
      237.13,       -0.92,
      237.64,       -0.90,
      238.12,       -0.93,
      238.64,       -0.92,
      239.12,       -0.93,
      239.64,       -0.93,
      240.16,       -0.93,
      240.64,       -0.94,
      241.12,       -0.93,
      241.60,       -0.94,
      242.08,       -0.94,
      242.55,       -0.94,
      243.07,       -0.90,
      243.55,       -0.87,
      244.03,       -0.87,
      244.47,       -0.82,
      244.91,       -0.80,
      245.39,       -0.79,
      245.91,       -0.77,
      246.39,       -0.76,
      246.91,       -0.72,
      247.42,       -0.74,
      247.90,       -0.70,
      248.42,       -0.68,
      248.90,       -0.67,
      249.38,       -0.63,
      249.82,       -0.56,
      250.34,       -0.58,
      250.82,       -0.57,
      251.30,       -0.59,
      251.78,       -0.63,
      252.26,       -0.61,
      252.69,       -0.63,
      253.17,       -0.60,
      253.65,       -0.58,
      254.17,       -0.59,
      254.69,       -0.58,
      255.17,       -0.58,
      255.69,       -0.55,
      256.17,       -0.52,
      256.69,       -0.49,
      257.17,       -0.50,
      257.60,       -0.50,
      258.08,       -0.51,
      258.56,       -0.50,
      259.04,       -0.50,
      259.56,       -0.50,
      260.00,       -0.56,
      260.48,       -0.58,
      260.96,       -0.64,
      261.44,       -0.63,
      261.92,       -0.65,
      262.40,       -0.72,
      262.99,       -0.72,
      263.47,       -0.69,
      263.99,       -0.69,
      264.47,       -0.71,
      264.95,       -0.70,
      265.43,       -0.71,
      265.91,       -0.71,
      266.39,       -0.68,
      266.87,       -0.67,
      267.35,       -0.62,
      267.82,       -0.59,
      268.30,       -0.56,
      268.78,       -0.50,
      269.26,       -0.45,
      269.70,       -0.40,
      270.26,       -0.35,
      270.74,       -0.34,
      271.26,       -0.31,
      271.78,       -0.29,
      272.26,       -0.25,
      272.73,       -0.23,
      273.21,       -0.20,
      273.65,       -0.19,
      274.13,       -0.15,
      274.65,       -0.15,
      275.13,       -0.15,
      275.61,       -0.15,
      276.09,       -0.11,
      276.57,       -0.11,
      277.05,       -0.09,
      277.52,       -0.04,
      278.00,       -0.02,
      278.52,       -0.00,
      279.04,        0.05,
      279.52,        0.02,
      280.04,        0.05,
      280.56,        0.07,
      281.00,        0.09,
      281.48,        0.07,
      281.96,        0.04,
      282.43,       -0.02,
      282.95,       -0.14,
      283.43,       -0.20,
      283.91,       -0.20,
      284.39,       -0.18,
      284.87,       -0.17,
      285.31,       -0.17,
      285.83,       -0.18,
      286.35,       -0.16,
      286.83,       -0.15,
      287.35,       -0.15,
      287.86,       -0.11,
      288.34,       -0.07,
      288.82,       -0.02,
      289.30,        0.02,
      289.78,        0.05,
      290.26,        0.06,
      290.74,        0.09,
      291.26,        0.13,
      291.74,        0.15,
      292.22,        0.20,
      292.65,        0.18,
      293.13,        0.21,
      293.61,        0.24,
      294.13,        0.28,
      294.65,        0.30,
      295.13,        0.33,
      295.65,        0.35,
      296.13,        0.39,
      296.65,        0.40,
      297.13,        0.44,
      297.60,        0.44,
      298.08,        0.45,
      298.56,        0.50,
      299.08,        0.31,
      299.56,        0.51,
      300.04,        0.50,
      300.52,        0.45,
      300.96,        0.50,
      301.44,        0.49,
      301.96,        0.48,
      302.43,        0.50,
      302.95,        0.43,
      303.43,        0.44,
      303.95,        0.45,
      304.47,        0.44,
      304.95,        0.39,
      305.43,        0.33,
      305.91,        0.31,
      306.39,        0.25,
      306.87,        0.20,
      307.39,        0.21,
      307.86,        0.19,
      308.34,        0.19,
      308.78,        0.19,
      309.26,        0.19,
      309.74,        0.19,
      310.26,        0.14,
      310.78,        0.10,
      311.26,        0.15,
      311.78,        0.05,
      312.30,        0.02,
      312.77,        0.02,
      313.25,       -0.07,
      313.73,       -0.02,
      314.21,       -0.07,
      314.69,       -0.10,
      315.21,       -0.18,
      315.69,       -0.14,
      316.17,       -0.07,
      316.65,       -0.05,
      317.13,       -0.08,
      317.56,       -0.06,
      318.08,       -0.04,
      318.60,       -0.02,
      319.08,       -0.03,
      319.60,       -0.05,
      320.12,       -0.04,
      320.64,       -0.03,
      321.12,       -0.03,
      321.60,        0.00,
      322.08,        0.00,
      322.55,        0.01,
      323.07,        0.02,
      323.55,        0.02,
      324.03,        0.03,
      324.47,        0.00,
      324.95,       -0.02,
      325.43,       -0.05,
      325.95,       -0.20,
      326.43,       -0.49,
      326.95,       -0.84,
      327.46,       -1.19,
      327.98,       -1.32,
      328.46,       -1.35,
      328.98,       -1.41,
      329.46,       -1.40,
      329.94,       -1.42,
      330.42,       -1.46,
      330.94,       -1.44,
      331.42,       -1.46,
      331.90,       -1.45,
      332.38,       -1.45,
      332.85,       -1.52,
      333.33,       -1.49,
      333.81,       -1.51,
      334.33,       -1.51,
      334.85,       -1.49,
      335.37,       -1.49,
      335.89,       -1.51,
      336.41,       -1.48,
      336.89,       -1.54,
      337.41,       -1.47,
      337.88,       -1.49,
      338.40,       -1.55,
      338.88,       -1.48,
      339.36,       -1.51,
      339.84,       -1.49,
      340.28,       -1.48,
      340.76,       -1.55,
      341.24,       -1.49,
      341.72,       -1.45,
      342.24,       -1.43,
      342.75,       -1.38,
      343.23,       -1.45,
      343.75,       -1.48,
      344.27,       -1.43,
      344.79,       -1.50,
      345.27,       -1.47,
      345.75,       -1.41,
      346.27,       -1.43,
      346.75,       -1.36,
      347.23,       -1.36,
      347.70,       -1.38,
      348.22,       -1.31,
      348.70,       -1.30,
      349.14,       -1.30,
      349.62,       -1.29,
      350.14,       -1.27,
      350.62,       -1.28,
      351.14,       -1.27,
      351.66,       -1.29,
      352.18,       -1.32,
      352.69,       -1.30,
      353.17,       -1.33,
      353.69,       -1.29,
      354.17,       -1.28,
      354.65,       -1.26,
      355.13,       -1.24,
      355.61,       -1.20,
      356.09,       -1.15,
      356.57,       -1.14,
      357.05,       -1.20,
      357.52,       -1.20,
      358.04,       -1.20,
      358.52,       -1.20,
      359.04,       -1.20,
      359.56,       -1.16,
      360.04,       -1.12,
      360.56,       -1.05,
      361.08,       -0.99,
      361.56,       -0.98,
      362.04,       -1.01,
      362.51,       -1.03,
      362.99,       -0.98,
      363.51,       -0.94,
      363.99,       -0.90,
      364.47,       -0.81,
      364.95,       -0.86,
      365.43,       -0.80,
      365.91,       -0.71,
      366.43,       -0.63,
      366.91,       -0.56,
      367.43,       -0.54,
      367.94,       -0.55,
      368.42,       -0.51,
      368.94,       -0.46,
      369.42,       -0.42,
      369.90,       -0.39,
      370.38,       -0.39,
      370.90,       -0.37,
      371.38,       -0.31,
      371.86,       -0.31,
      372.34,       -0.34,
      372.81,       -0.29,
      373.29,       -0.27,
      373.77,       -0.24,
      374.29,       -0.25,
      374.81,       -0.21,
      375.29,       -0.21,
      375.81,       -0.19,
      376.29,       -0.15,
      376.81,       -0.11,
      377.29,       -0.11,
      377.76,       -0.10,
      378.24,       -0.09,
      378.72,       -0.11,
      379.24,       -0.05,
      379.72,       -0.03,
      380.20,        0.00,
      380.68,        0.01,
      381.16,        0.00,
      381.64,        0.01,
      382.16,        0.05,
      382.63,        0.10,
      383.15,        0.11,
      383.63,        0.15,
      384.15,        0.19,
      384.67,        0.20,
      385.15,        0.20,
      385.63,        0.21,
      386.11,        0.26,
      386.59,        0.30,
      387.11,        0.32,
      387.58,        0.33,
      388.06,        0.35,
      388.54,        0.36,
      389.02,        0.40,
      389.46,        0.45,
      389.98,        0.48,
      390.50,        0.51,
      390.98,        0.53,
      391.50,        0.53,
      392.02,        0.54,
      392.49,        0.54,
      392.97,        0.54,
      393.45,        0.56,
      393.93,        0.58,
      394.41,        0.59,
      394.93,        0.55,
      395.41,        0.57,
      395.89,        0.55,
      396.37,        0.54,
      396.85,        0.52,
      397.33,        0.50,
      397.80,        0.53,
      398.28,        0.50,
      398.80,        0.51,
      399.32,        0.54,
      399.84,        0.55,
      400.32,        0.55,
      400.80,        0.56,
      401.28,        0.57,
      401.76,        0.63,
      402.24,        0.64,
      402.75,        0.67,
      403.23,        0.69,
      403.75,        0.70,
      404.19,        0.73,
      404.67,        0.73,
      405.15,        0.74,
      405.63,        0.78,
      406.15,        0.79,
      406.67,        0.81,
      407.15,        0.83,
      407.66,        0.83,
      408.14,        0.84,
      408.66,        0.85,
      409.14,        0.89,
      409.62,        0.95,
      410.10,        0.96,
      410.58,        0.97,
      411.10,        1.03,
      411.58,        1.03,
      412.06,        1.08,
      412.53,        1.14,
      412.97,        1.17,
      413.45,        1.20,
      413.97,        1.19,
      414.45,        1.22,
      414.97,        1.27,
      415.49,        1.31,
      416.01,        1.36,
      416.53,        1.39,
      417.01,        1.40,
      417.48,        1.42,
      417.96,        1.46,
      418.44,        1.48,
      418.96,        1.58,
      419.48,        1.63,
      419.96,        1.64,
      420.40,        1.68,
      420.88,        1.66,
      421.36,        1.68,
      421.84,        1.65,
      422.36,        1.62,
      422.87,        1.65,
      423.39,        1.66,
      423.91,        1.69,
      424.43,        1.68,
      424.91,        1.70,
      425.43,        1.72,
      425.91,        1.64,
      426.39,        1.64,
      426.91,        1.54,
      427.35,        1.46,
      427.86,        1.38,
      428.34,        1.28,
      428.82,        1.07,
      429.30,        0.94,
      429.78,        0.90,
      430.30,        0.93,
      430.78,        0.86,
      431.30,        0.91,
      431.82,        0.91,
      432.34,        0.94,
      432.81,        0.94,
      433.33,        0.95,
      433.81,        1.02,
      434.33,        0.99,
      434.77,        0.98,
      435.29,        1.02,
      435.77,        0.97,
      436.25,        1.05,
      436.73,        1.06,
      437.21,        1.11,
      437.68,        1.11,
      438.16,        1.07,
      438.72,        1.12,
      439.24,        1.12,
      439.76,        1.11,
      440.24,        1.13,
      440.76,        1.12,
      441.24,        1.17,
      441.72,        1.18,
      442.20,        1.20,
      442.67,        1.12,
      443.19,        0.93,
      443.67,        0.76,
      444.15,        0.39,
      444.63,        0.08,
      445.07,       -0.30,
      445.55,       -0.77,
      446.11,       -1.09,
      446.63,       -1.18,
      447.15,       -1.14,
      447.66,       -1.22,
      448.14,       -1.31,
      448.66,       -1.25,
      449.14,       -1.33,
      449.58,       -1.31,
      450.10,       -1.33,
      450.58,       -1.48,
      451.06,       -1.44,
      451.58,       -1.53,
      452.02,       -1.64,
      452.49,       -1.64,
      452.97,       -1.88,
      453.45,       -1.90,
      453.97,       -1.87,
      454.49,       -2.03,
      454.97,       -1.92,
      455.49,       -2.02,
      456.01,       -2.10,
      456.49,       -2.05,
      456.97,       -2.18,
      457.41,       -2.18,
      457.88,       -2.15,
      458.40,       -2.22,
      458.92,       -2.15,
      459.40,       -2.13,
      459.88,       -2.19,
      460.32,       -2.15,
      460.80,       -2.23,
      461.28,       -2.25,
      461.80,       -2.21,
      462.32,       -2.25,
      462.79,       -2.22,
      463.31,       -2.12,
      463.83,       -2.19,
      464.31,       -2.15,
      464.79,       -2.19,
      465.27,       -2.26,
      465.75,       -2.22,
      466.23,       -2.21,
      466.75,       -2.22,
      467.23,       -2.15,
      467.70,       -2.24,
      468.18,       -2.25,
      468.66,       -2.18,
      469.14,       -2.18,
      469.62,       -2.20,
      470.14,       -2.21,
      470.66,       -2.18,
      471.18,       -2.19,
      471.66,       -2.19,
      472.18,       -2.16,
      472.65,       -2.12,
      473.13,       -2.03,
      473.61,       -2.00,
      474.09,       -1.98,
      474.61,       -1.94,
      475.09,       -1.89,
      475.57,       -1.87,
      476.05,       -1.81,
      476.53,       -1.77,
      477.01,       -1.72,
      477.49,       -1.68,
      478.00,       -1.68,
      478.52,       -1.68,
      478.96,       -1.66,
      479.48,       -1.64,
      480.00,       -1.55,
      480.52,       -1.56,
      481.00,       -1.58,
      481.44,       -1.53,
      481.96,       -1.51,
      482.44,       -1.49,
      482.95,       -1.46,
      483.43,       -1.41,
      483.91,       -1.39,
      484.39,       -1.42,
      484.83,       -1.39,
      485.35,       -1.35,
      485.83,       -1.37,
      486.31,       -1.33,
      486.83,       -1.28,
      487.35,       -1.27,
      487.86,       -1.24,
      488.34,       -1.22,
      488.82,       -1.15,
      489.30,       -1.13,
      489.82,       -1.13,
      490.34,       -1.12,
      490.82,       -1.07,
      491.34,       -1.01,
      491.82,       -1.01,
      492.30,       -0.93,
      492.77,       -0.85,
      493.25,       -0.84,
      493.73,       -0.79,
      494.21,       -0.78,
      494.73,       -0.77,
      495.25,       -0.76,
      495.77,       -0.71,
      496.25,       -0.82,
      496.77,       -0.63,
      497.25,       -0.59,
      497.72,       -0.57,
      498.20,       -0.53,
      498.68,       -0.50,
      499.20,       -0.47,
      499.68,       -0.42,
      500.16,       -0.40,
      500.64,       -0.37,
      501.08,       -0.33,
      501.56,       -0.33,
      502.08,       -0.33,
      502.59,       -0.32,
      503.11,       -0.33,
      503.63,       -0.26,
      504.11,       -0.24,
      504.63,       -0.23,
      505.11,       -0.21,
      505.59,       -0.19,
      506.07,       -0.13,
      506.55,       -0.11,
      507.07,       -0.12,
      507.54,       -0.14,
      508.02,       -0.15,
      508.46,       -0.13,
      508.94,       -0.09,
      509.42,       -0.08,
      509.94,       -0.05,
      510.46,       -0.04,
      510.98,       -0.04,
      511.46,       -0.01,
      511.98,        0.03,
      512.50,        0.10,
      512.97,        0.09,
      513.45,        0.11,
      513.93,        0.14,
      514.45,        0.15,
      514.93,        0.17,
      515.45,        0.16,
      515.89,        0.20,
      516.37,        0.20,
      516.85,        0.24,
      517.33,        0.26,
      517.84,        0.27,
      518.32,        0.28,
      518.84,        0.30,
      519.36,        0.33,
      519.88,        0.38,
      520.40,        0.39,
      520.88,        0.41,
      521.36,        0.42,
      521.84,        0.43,
      522.32,        0.44,
      522.83,        0.43,
      523.27,        0.43,
      523.79,        0.42,
      524.27,        0.42,
      524.71,        0.42,
      525.19,        0.43,
      525.71,        0.41,
      526.15,        0.37,
      526.67,        0.25,
      527.19,        0.15,
      527.70,        0.15,
      528.18,        0.08,
      528.70,        0.08,
      529.18,        0.10,
      529.66,        0.10,
      530.14,        0.11,
      530.62,        0.10,
      531.14,        0.13,
      531.62,        0.17,
      532.10,        0.16,
      532.57,        0.12,
      533.05,        0.12,
      533.53,        0.14,
      534.05,        0.16,
      534.57,        0.20,
      535.05,        0.25,
      535.57,        0.28,
      536.09,        0.28,
      536.61,        0.28,
      537.09,        0.29,
      537.53,        0.29,
      538.04,        0.28,
      538.52,        0.28,
      539.04,        0.30,
      539.52,        0.28,
      540.00,        0.28,
      540.48,        0.28,
      540.96,        0.28,
      541.44,        0.25,
      541.96,        0.24,
      542.44,        0.20,
      542.95,        0.19,
      543.47,        0.04,
      543.99,       -0.14,
      544.51,       -0.34,
      544.95,       -0.43,
      545.43,       -0.46,
      545.91,       -0.50,
      546.43,       -0.50,
      546.91,       -0.46,
      547.43,       -0.42,
      547.90,       -0.40,
      548.38,       -0.45,
      548.82,       -0.44,
      549.34,       -0.43,
      549.82,       -0.44,
      550.38,       -0.49,
      550.90,       -0.55,
      551.42,       -0.59,
      551.94,       -0.60,
      552.42,       -0.68,
      552.89,       -0.75,
      553.37,       -0.85,
      553.85,       -1.08,
      554.37,       -1.41,
      554.85,       -1.69,
      555.33,       -1.79,
      555.81,       -1.82,
      556.29,       -1.82,
      556.77,       -1.86,
      557.25,       -1.87,
      557.76,       -1.90,
      558.24,       -1.88,
      558.76,       -1.87,
      559.28,       -1.90,
      559.76,       -1.89,
      560.28,       -1.95,
      560.76,       -1.97,
      561.24,       -1.94,
      561.72,       -1.96,
      562.20,       -1.94,
      562.67,       -1.93,
      563.19,       -1.93,
      563.67,       -1.95,
      564.15,       -1.94,
      564.59,       -1.95,
      565.07,       -1.95,
      565.59,       -1.94,
      566.11,       -1.94,
      566.63,       -1.97,
      567.11,       -1.98,
      567.58,       -1.94,
      568.10,       -1.95,
      568.58,       -1.93,
      569.06,       -1.89,
      569.54,       -1.90,
      570.02,       -1.92,
      570.54,       -1.87,
      571.02,       -1.86,
      571.50,       -1.85,
      571.98,       -1.81,
      572.42,       -1.81,
      572.89,       -1.82,
      573.41,       -1.82,
      573.93,       -1.80,
      574.37,       -1.76,
      574.89,       -1.76,
      575.41,       -1.78,
      575.93,       -1.77,
      576.41,       -1.71,
      576.89,       -1.65,
      577.33,       -1.54,
      577.80,       -1.59,
      578.32,       -1.58,
      578.80,       -1.58,
      579.32,       -1.55,
      579.76,       -1.55,
      580.24,       -1.63,
      580.72,       -1.59,
      581.24,       -1.58,
      581.68,       -1.52,
      582.20,       -1.50,
      582.71,       -1.52,
      583.23,       -1.47,
      583.75,       -1.45,
      584.23,       -1.48,
      584.71,       -1.45,
      585.19,       -1.46,
      585.67,       -1.46,
      586.19,       -1.46,
      586.67,       -1.42,
      587.15,       -1.37,
      587.62,       -1.34,
      588.10,       -1.32,
      588.58,       -1.33,
      589.02,       -1.32,
      589.50,       -1.31,
      590.02,       -1.29,
      590.54,       -1.29,
      591.06,       -1.27,
      591.58,       -1.25,
      592.06,       -1.26,
      592.54,       -1.20,
      593.01,       -1.19,
      593.49,       -1.16,
      593.97,       -1.13,
      594.49,       -1.14,
      594.97,       -1.11,
      595.45,       -1.10,
      595.93,       -1.12,
      596.37,       -1.03,
      596.85,       -1.03,
      597.33,       -1.02,
      597.84,       -1.03,
      598.36,       -1.03,
      598.88,       -0.98,
      599.40,       -0.93,
      599.88,       -0.94,
      600.36,       -0.94,
      600.88,       -0.93,
      601.32,       -0.88,
      601.80,       -0.91,
      602.32,       -0.90,
      602.79,       -0.85,
      603.31,       -0.88,
      603.75,       -0.89,
      604.23,       -0.88,
      604.71,       -0.89,
      605.19,       -0.89,
      605.71,       -0.88,
      606.19,       -0.85,
      606.71,       -0.85,
      607.23,       -0.83,
      607.74,       -0.81,
      608.22,       -0.75,
      608.70,       -0.72,
      609.18,       -0.70,
      609.66,       -0.71,
      610.14,       -0.70,
      610.66,       -0.70,
      611.10,       -0.67,
      611.62,       -0.67,
      612.06,       -0.71,
      612.54,       -0.72,
      613.01,       -0.78,
      613.49,       -0.78,
      614.01,       -0.78,
      614.53,       -0.78,
      615.05,       -0.77,
      615.57,       -0.79,
      616.09,       -0.82,
      616.57,       -0.81,
      617.01,       -0.83,
      617.49,       -0.84,
      618.00,       -0.84,
      618.44,       -0.79,
      618.96,       -0.77,
      619.44,       -0.72,
      619.92,       -0.68,
      620.40,       -0.69,
      620.88,       -0.70,
      621.32,       -0.78,
      621.88,       -0.72,
      622.36,       -0.72,
      622.87,       -0.68,
      623.39,       -0.73,
      623.91,       -0.73,
      624.39,       -0.72,
      624.87,       -0.77,
      625.35,       -0.82,
      625.79,       -0.81,
      626.27,       -0.90,
      626.79,       -1.06,
      627.27,       -1.25,
      627.78,       -1.59,
      628.22,       -1.90,
      628.70,       -2.14,
      629.18,       -2.34,
      629.70,       -2.49,
      630.22,       -2.75,
      630.74,       -2.94,
      631.22,       -3.09,
      631.74,       -3.17,
      632.26,       -3.19,
      632.73,       -3.23,
      633.17,       -3.25,
      633.65,       -3.27,
      634.17,       -3.26,
      634.65,       -3.21,
      635.17,       -3.21,
      635.65,       -3.15,
      636.13,       -3.12,
      636.57,       -3.12,
      637.05,       -3.09,
      637.57,       -3.14,
      638.08,       -3.15,
      638.60,       -3.12,
      639.12,       -3.11,
      639.60,       -3.10,
      640.08,       -3.06,
      640.56,       -3.05,
      641.04,       -2.99,
      641.52,       -2.93,
      642.04,       -2.91,
      642.52,       -2.86,
      642.99,       -2.86,
      643.51,       -2.83,
      643.95,       -2.76,
      644.43,       -2.72,
      644.91,       -2.61,
      645.39,       -2.61,
      645.91,       -2.59,
      646.43,       -2.51,
      646.95,       -2.47,
      647.43,       -2.43,
      647.94,       -2.34,
      648.46,       -2.34,
      648.94,       -2.23,
      649.38,       -2.13,
      649.90,       -2.08,
      650.38,       -2.00,
      650.86,       -1.96,
      651.38,       -1.92,
      651.86,       -1.83,
      652.34,       -1.83,
      652.77,       -1.79,
      653.25,       -1.76,
      653.77,       -1.77,
      654.29,       -1.71,
      654.81,       -1.64,
      655.29,       -1.60,
      655.81,       -1.51,
      656.33,       -1.45,
      656.81,       -1.43,
      657.29,       -1.42,
      657.76,       -1.44,
      658.24,       -1.38,
      658.76,       -1.38,
      659.24,       -1.37,
      659.76,       -1.29,
      660.20,       -1.24,
      660.68,       -1.19,
      661.16,       -1.16,
      661.68,       -1.15,
      662.16,       -1.10,
      662.67,       -1.04,
      663.19,       -1.00,
      663.67,       -0.96,
      664.19,       -0.95,
      664.71,       -0.92,
      665.19,       -0.93,
      665.67,       -0.91,
      666.15,       -0.87,
      666.63,       -0.81,
      667.15,       -0.74,
      667.62,       -0.76,
      668.10,       -0.79,
      668.58,       -0.74,
      669.06,       -0.72,
      669.54,       -0.72,
      670.06,       -0.63,
      670.54,       -0.59,
      671.06,       -0.53,
      671.58,       -0.48,
      672.10,       -0.51,
      672.61,       -0.48,
      673.09,       -0.44,
      673.57,       -0.39,
      674.05,       -0.37,
      674.53,       -0.35,
      675.01,       -0.33,
      675.53,       -0.30,
      676.01,       -0.26,
      676.49,       -0.21,
      676.93,       -0.22,
      677.41,       -0.15,
      677.92,       -0.09,
      678.44,       -0.02,
      678.96,       -0.01,
      679.44,       -0.04,
      679.96,       -0.01,
      680.48,       -0.01,
      680.96,        0.06,
      681.44,        0.11,
      681.92,        0.11,
      682.44,        0.15,
      682.91,        0.15,
      683.39,        0.15,
      683.87,        0.19,
      684.35,        0.24,
      684.83,        0.28,
      685.31,        0.29,
      685.83,        0.34,
      686.31,        0.40,
      686.83,        0.42,
      687.35,        0.44,
      687.86,        0.42,
      688.38,        0.42,
      688.86,        0.42,
      689.34,        0.40,
      689.82,        0.40,
      690.34,        0.40,
      690.82,        0.43,
      691.30,        0.45,
      691.78,        0.46,
      692.26,        0.48,
      692.73,        0.50,
      693.21,        0.50,
      693.73,        0.46,
      694.21,        0.44,
      694.73,        0.42,
      695.25,        0.40,
      695.77,        0.35,
      696.29,        0.32,
      696.77,        0.29,
      697.29,        0.26,
      697.76,        0.24,
      698.24,        0.24,
      698.76,        0.23,
      699.20,        0.22,
      699.68,        0.20,
      700.16,        0.20,
      700.64,        0.21,
      701.12,        0.23,
      701.64,        0.25,
      702.16,        0.26,
      702.63,        0.27,
      703.15,        0.27,
      703.67,        0.26,
      704.19,        0.25,
      704.71,        0.24,
      705.19,        0.20,
      705.67,        0.27,
      706.19,        0.28,
      706.63,        0.24,
      707.15,        0.27,
      707.63,        0.24,
      708.10,        0.27,
      708.58,        0.31,
      709.06,        0.35,
      709.54,        0.39,
      710.06,        0.42,
      710.58,        0.42,
      711.06,        0.44,
      711.58,        0.47,
      712.10,        0.48,
      712.58,        0.54,
      713.05,        0.55,
      713.53,        0.55,
      714.01,        0.57,
      714.53,        0.63,
      715.01,        0.63,
      715.49,        0.63,
      715.97,        0.65,
      716.45,        0.67,
      716.93,        0.69,
      717.41,        0.65,
      717.92,        0.49,
      718.44,        0.27,
      718.96,       -0.01,
      719.44,       -0.43,
      719.96,       -0.81,
      720.48,       -1.16,
      720.96,       -1.45,
      721.40,       -1.70,
      721.92,       -1.97,
      722.40,       -2.14,
      722.87,       -2.14,
      723.39,       -2.09,
      723.87,       -2.09,
      724.31,       -2.23,
      724.79,       -2.38,
      725.31,       -2.51,
      725.83,       -2.69,
      726.31,       -2.73,
      726.83,       -2.78,
      727.35,       -2.83,
      727.86,       -2.89,
      728.34,       -2.95,
      728.78,       -2.99,
      729.26,       -3.00,
      729.74,       -3.01,
      730.26,       -2.98,
      730.74,       -2.94,
      731.26,       -2.88,
      731.70,       -2.85,
      732.18,       -2.83,
      732.65,       -2.83,
      733.13,       -2.82,
      733.65,       -2.74,
      734.17,       -2.67,
      734.69,       -2.60,
      735.21,       -2.48,
      735.69,       -2.46,
      736.17,       -2.39,
      736.65,       -2.29,
      737.13,       -2.28,
      737.61,       -2.22,
      738.12,       -2.25,
      738.60,       -2.27,
      739.08,       -2.19,
      739.56,       -2.18,
      740.04,       -2.13,
      740.52,       -2.08,
      741.00,       -2.06,
      741.52,       -1.97,
      742.04,       -1.98,
      742.52,       -1.97,
      742.99,       -1.87,
      743.51,       -1.86,
      744.03,       -1.88,
      744.51,       -1.90,
      744.95,       -1.85,
      745.43,       -1.84,
      745.95,       -1.79,
      746.43,       -1.81,
      746.95,       -1.81,
      747.39,       -1.75,
      747.86,       -1.75,
      748.34,       -1.77,
      748.82,       -1.69,
      749.30,       -1.70,
      749.82,       -1.76,
      750.30,       -1.81,
      750.82,       -1.81,
      751.34,       -1.81,
      751.82,       -1.81,
      752.34,       -1.80,
      752.77,       -1.75,
      753.25,       -1.80,
      753.77,       -1.81,
      754.25,       -1.83,
      754.77,       -1.89,
      755.25,       -1.88,
      755.73,       -1.85,
      756.17,       -1.83,
      756.65,       -1.77,
      757.17,       -1.77,
      757.65,       -1.78,
      758.16,       -1.74,
      758.68,       -1.73,
      759.16,       -1.70,
      759.68,       -1.68,
      760.16,       -1.67,
      760.64,       -1.64,
      761.12,       -1.59,
      761.64,       -1.51,
      762.12,       -1.45,
      762.60,       -1.44,
      763.11,       -1.45,
      763.55,       -1.43,
      764.03,       -1.39,
      764.51,       -1.33,
      764.99,       -1.32,
      765.51,       -1.31,
      765.99,       -1.22,
      766.51,       -1.11,
      767.03,       -1.04,
      767.55,       -1.01,
      768.02,       -0.98,
      768.50,       -0.96,
      768.98,       -0.95,
      769.46,       -0.91,
      769.94,       -0.89,
      770.46,       -0.90,
      770.94,       -0.90,
      771.42,       -0.84,
      771.90,       -0.81,
      772.34,       -0.72,
      772.81,       -0.66,
      773.33,       -0.61,
      773.85,       -0.57,
      774.33,       -0.52,
      774.85,       -0.51,
      775.37,       -0.53,
      775.89,       -0.51,
      776.37,       -0.50,
      776.81,       -0.48,
      777.33,       -0.52,
      777.80,       -0.55,
      778.28,       -0.56,
      778.80,       -0.66,
      779.28,       -0.64,
      779.72,       -0.69,
      780.20,       -0.68,
      780.68,       -0.64,
      781.16,       -0.60,
      781.68,       -0.54,
      782.20,       -0.49,
      782.71,       -0.42,
      783.23,       -0.37,
      783.71,       -0.31,
      784.19,       -0.21,
      784.67,       -0.19,
      785.15,       -0.07,
      785.71,        0.04,
      786.19,        0.03,
      786.67,        0.02,
      787.15,       -0.02,
      787.63,       -0.00,
      788.10,        0.07,
      788.54,        0.06,
      789.06,        0.11,
      789.58,        0.18,
      790.06,        0.18,
      790.58,        0.25,
      791.10,        0.27,
      791.62,        0.28,
      792.10,        0.32,
      792.58,        0.33,
      793.05,        0.42,
      793.53,        0.46,
      794.05,        0.48,
      794.53,        0.54,
      795.01,        0.57,
      795.49,        0.56,
      795.97,        0.57,
      796.41,        0.59,
      796.89,        0.56,
      797.41,        0.55,
      797.92,        0.42,
      798.44,        0.19,
      798.96,        0.10,
      799.48,       -0.07,
      799.96,       -0.11,
      800.44,       -0.12,
      800.92,       -0.21,
      801.40,       -0.21,
      801.88,       -0.31,
      802.36,       -0.32,
      802.87,       -0.32,
      803.35,       -0.36,
      803.83,       -0.33,
      804.27,       -0.33,
      804.75,       -0.34,
      805.27,       -0.37,
      805.79,       -0.42,
      806.31,       -0.42,
      806.79,       -0.48,
      807.31,       -0.50,
      807.82,       -0.48,
      808.30,       -0.58,
      808.78,       -0.58,
      809.22,       -0.63,
      809.70,       -0.75,
      810.22,       -0.72,
      810.70,       -0.90,
      811.18,       -0.94,
      811.66,       -1.02,
      812.14,       -1.22,
      812.62,       -1.29,
      813.09,       -1.41,
      813.61,       -1.46,
      814.13,       -1.55,
      814.65,       -1.51,
      815.13,       -1.63,
      815.65,       -1.71,
      816.13,       -1.77,
      816.57,       -2.10,
      817.05,       -2.39,
      817.53,       -2.66,
      818.00,       -2.87,
      818.52,       -2.98,
      819.00,       -3.06,
      819.48,       -3.09,
      819.96,       -3.15,
      820.44,       -3.18,
      820.88,       -3.20,
      821.40,       -3.22,
      821.92,       -3.21,
      822.44,       -3.25,
      822.95,       -3.26,
      823.43,       -3.23,
      823.91,       -3.26,
      824.39,       -3.30,
      824.83,       -3.31,
      825.31,       -3.37,
      825.79,       -3.35,
      826.31,       -3.33,
      826.79,       -3.36,
      827.27,       -3.30,
      827.74,       -3.33,
      828.22,       -3.35,
      828.70,       -3.34,
      829.22,       -3.32,
      829.70,       -3.33,
      830.22,       -3.32,
      830.74,       -3.42,
      831.22,       -3.42,
      831.70,       -3.41,
      832.18,       -3.41,
      832.66,       -3.34,
      833.13,       -3.36,
      833.61,       -3.41,
      834.09,       -3.36,
      834.61,       -3.34,
      835.09,       -3.30,
      835.57,       -3.30,
      836.05,       -3.38,
      836.53,       -3.35,
      837.01,       -3.17,
      837.53,       -3.43,
      838.00,       -3.39,
      838.52,       -3.34,
      839.04,       -3.34,
      839.52,       -3.30,
      840.00,       -3.32,
      840.48,       -3.32,
      840.92,       -3.27,
      841.44,       -3.26,
      841.92,       -3.25,
      842.40,       -3.24,
      842.91,       -3.25,
      843.39,       -3.18,
      843.83,       -3.14,
      844.31,       -3.13,
      844.79,       -3.14,
      845.27,       -3.12,
      845.79,       -3.09,
      846.31,       -3.07,
      846.83,       -3.04,
      847.31,       -2.99,
      847.82,       -2.95,
      848.26,       -2.97,
      848.74,       -2.91,
      849.22,       -2.90,
      849.74,       -2.91,
      850.22,       -2.92,
      850.74,       -2.94,
      851.22,       -2.95,
      851.66,       -2.94,
      852.14,       -2.93,
      852.62,       -2.91,
      853.09,       -2.92,
      853.61,       -2.92,
      854.13,       -2.86,
      854.65,       -2.78,
      855.13,       -2.76,
      855.65,       -2.74,
      856.13,       -2.73,
      856.57,       -2.72,
      857.05,       -2.68,
      857.53,       -2.68,
      858.04,       -2.66,
      858.52,       -2.64,
      859.00,       -2.68,
      859.48,       -2.66,
      859.96,       -2.62,
      860.44,       -2.60,
      860.92,       -2.56,
      861.44,       -2.58,
      861.96,       -2.56,
      862.44,       -2.51,
      862.95,       -2.55,
      863.47,       -2.54,
      863.95,       -2.52,
      864.39,       -2.48,
      864.87,       -2.47,
      865.35,       -2.47,
      865.87,       -2.39,
      866.35,       -2.40,
      866.87,       -2.35,
      867.31,       -2.35,
      867.78,       -2.34,
      868.26,       -2.30,
      868.74,       -2.27,
      869.26,       -2.28,
      869.74,       -2.25,
      870.26,       -2.22,
      870.78,       -2.25,
      871.30,       -2.24,
      871.78,       -2.29,
      872.26,       -2.29,
      872.73,       -2.29,
      873.21,       -2.30,
      873.69,       -2.32,
      874.17,       -2.34,
      874.65,       -2.36,
      875.13,       -2.34,
      875.61,       -2.33,
      876.09,       -2.29,
      876.57,       -2.29,
      877.09,       -2.29,
      877.57,       -2.25,
      878.08,       -2.21,
      878.60,       -2.29,
      879.12,       -2.29,
      879.60,       -2.29,
      880.08,       -2.30,
      880.56,       -2.31,
      881.04,       -2.31,
      881.52,       -2.31,
      882.00,       -2.27,
      882.52,       -2.24,
      882.99,       -2.24,
      883.47,       -2.24,
      883.91,       -2.26,
      884.39,       -2.33,
      884.87,       -2.35,
      885.43,       -2.34,
      885.91,       -2.31,
      886.43,       -2.30,
      886.95,       -2.32,
      887.47,       -2.30,
      887.94,       -2.29,
      888.38,       -2.25,
      888.86,       -2.25,
      889.34,       -2.26,
      889.86,       -2.27,
      890.34,       -2.23,
      890.82,       -2.25,
      891.30,       -2.21,
      891.74,       -2.21,
      892.22,       -2.20,
      892.70,       -2.22,
      893.21,       -2.20,
      893.73,       -2.20,
      894.25,       -2.16,
      894.77,       -2.19,
      895.29,       -2.22,
      895.77,       -2.23,
      896.25,       -2.25,
      896.69,       -2.25,
      897.17,       -2.25,
      897.69,       -2.24,
      898.16,       -2.25,
      898.64,       -2.21,
      899.12,       -2.22,
      899.60,       -2.23,
      900.08,       -2.23,
      900.56,       -2.27,
      901.08,       -2.28,
      901.60,       -2.29,
      902.08,       -2.29,
      902.60,       -2.29,
      903.11,       -2.34,
      903.63,       -2.34,
      904.07,       -2.34,
      904.55,       -2.34,
      905.03,       -2.36,
      905.51,       -2.38,
      906.03,       -2.45,
      906.51,       -2.53,
      907.03,       -2.64,
      907.51,       -2.71,
      907.94,       -2.74,
      908.42,       -2.74,
      908.94,       -2.69,
      909.42,       -2.69,
      909.98,       -2.64,
      910.50,       -2.64,
      910.98,       -2.62,
      911.46,       -2.60,
      911.98,       -2.58,
      912.46,       -2.60,
      912.89,       -2.59,
      913.37,       -2.59,
      913.89,       -2.61,
      914.37,       -2.55,
      914.89,       -2.53,
      915.37,       -2.56,
      915.85,       -2.49,
      916.33,       -2.46,
      916.77,       -2.43,
      917.29,       -2.41,
      917.80,       -2.43,
      918.32,       -2.44,
      918.80,       -2.42,
      919.32,       -2.44,
      919.80,       -2.44,
      920.28,       -2.44,
      920.76,       -2.44,
      921.24,       -2.45,
      921.72,       -2.56,
      922.20,       -2.70,
      922.72,       -2.92,
      923.19,       -3.22,
      923.67,       -3.56,
      924.15,       -3.88,
      924.63,       -3.99,
      925.11,       -4.00,
      925.63,       -3.92,
      926.11,       -3.87,
      926.63,       -3.93,
      927.15,       -3.90,
      927.63,       -3.90,
      928.10,       -3.90,
      928.58,       -3.91,
      929.06,       -3.92,
      929.54,       -3.96,
      930.06,       -3.91,
      930.54,       -3.96,
      931.02,       -3.95,
      931.50,       -3.95,
      931.98,       -3.91,
      932.46,       -3.90,
      932.93,       -3.87,
      933.41,       -3.86,
      933.93,       -3.86,
      934.45,       -3.85,
      934.97,       -3.86,
      935.45,       -3.86,
      935.93,       -3.87,
      936.41,       -3.87,
      936.89,       -3.87,
      937.37,       -3.87,
      937.88,       -3.87,
      938.36,       -3.90,
      938.84,       -3.90,
      939.32,       -3.91,
      939.80,       -3.91,
      940.24,       -3.92,
      940.72,       -3.93,
      941.28,       -3.95,
      941.80,       -3.92,
      942.28,       -3.91,
      942.79,       -3.96,
      943.31,       -3.94,
      943.79,       -3.91,
      944.27,       -3.91,
      944.75,       -3.92,
      945.23,       -3.91,
      945.75,       -3.92,
      946.23,       -3.90,
      946.71,       -3.88,
      947.19,       -3.92,
      947.63,       -3.89,
      948.10,       -3.98,
      948.62,       -3.97,
      949.10,       -3.95,
      949.62,       -4.00,
      950.14,       -4.02,
      950.66,       -4.04,
      951.18,       -4.10,
      951.66,       -4.13,
      952.14,       -4.16,
      952.62,       -4.22,
      953.09,       -4.25,
      953.61,       -4.31,
      954.09,       -4.38,
      954.61,       -4.37,
      955.05,       -4.35,
      955.53,       -4.38,
      956.01,       -4.46,
      956.49,       -4.52,
      956.97,       -4.60,
      957.49,       -4.60,
      958.00,       -4.65,
      958.52,       -4.71,
      959.04,       -4.74,
      959.56,       -4.76,
      960.04,       -4.83,
      960.48,       -4.91,
      961.00,       -4.96,
      961.48,       -4.98,
      962.00,       -5.00,
      962.48,       -5.04,
      962.95,       -5.05,
      963.43,       -5.10,
      963.91,       -5.14,
      964.39,       -5.17,
      964.87,       -5.21,
      965.39,       -5.18,
      965.91,       -5.16,
      966.43,       -5.18,
      966.95,       -5.14,
      967.43,       -5.15,
      967.94,       -5.14,
      968.42,       -5.05,
      968.94,       -5.05,
      969.42,       -5.01,
      969.90,       -4.93,
      970.38,       -4.97,
      970.86,       -4.94,
      971.38,       -4.89,
      971.86,       -4.93,
      972.34,       -4.86,
      972.81,       -4.79,
      973.33,       -4.84,
      973.81,       -4.70,
      974.33,       -4.69,
      974.85,       -4.72,
      975.37,       -4.57,
      975.89,       -4.57,
      976.41,       -4.57,
      976.89,       -4.41,
      977.37,       -4.49,
      977.84,       -4.46,
      978.32,       -4.36,
      978.84,       -4.46,
      979.32,       -4.41,
      979.80,       -4.33,
      980.28,       -4.43,
      980.76,       -4.33,
      981.28,       -4.35,
      981.80,       -4.42,
      982.28,       -4.31,
      982.79,       -4.36,
      983.31,       -4.39,
      983.83,       -4.29,
      984.31,       -4.36,
      984.79,       -4.32,
      985.31,       -4.26,
      985.79,       -4.37,
      986.31,       -4.29,
      986.79,       -4.31,
      987.27,       -4.37,
      987.75,       -4.31,
      988.22,       -4.35,
      988.74,       -4.43,
      989.22,       -4.37,
      989.74,       -4.47,
      990.26,       -4.48,
      990.78,       -4.43,
      991.26,       -4.52,
      991.78,       -4.44,
      992.26,       -4.40,
      992.77,       -4.50,
      993.25,       -4.75,
      993.77,       -4.34,
      994.25,       -4.35,
      994.73,       -4.21,
      995.25,       -4.25,
      995.73,       -4.24,
      996.21,       -4.09,
      996.69,       -4.16,
      997.17,       -4.04,
      997.69,       -3.93,
      998.20,       -3.99,
      998.72,       -3.82,
      999.24,       -3.77,
      999.72,       -3.79,
     1000.20,       -3.63,
     1000.72,       -3.65,
     1001.20,       -3.57,
     1001.72,       -3.46,
     1002.20,       -3.51,
     1002.68,       -3.45,
     1003.15,       -3.39,
     1003.67,       -3.46,
     1004.15,       -3.34,
     1004.63,       -3.29,
     1005.11,       -3.32,
     1005.63,       -3.17,
     1006.15,       -3.17,
     1006.67,       -3.12,
     1007.15,       -2.98,
     1007.63,       -3.02,
     1008.14,       -2.93,
     1008.66,       -2.86,
     1009.14,       -2.92,
     1009.62,       -2.82,
     1010.14,       -2.81,
     1010.62,       -2.86,
     1011.10,       -2.77,
     1011.58,       -2.78,
     1012.06,       -2.76,
     1012.54,       -2.66,
     1013.05,       -2.70,
     1013.57,       -2.65,
     1014.05,       -2.62,
     1014.53,       -2.64,
     1015.05,       -2.57,
     1015.57,       -2.55,
     1016.09,       -2.56,
     1016.57,       -2.51,
     1017.09,       -2.51,
     1017.57,       -2.49,
     1018.04,       -2.48,
     1018.56,       -2.48,
     1019.08,       -2.43,
     1019.52,       -2.42,
     1020.00,       -2.44,
     1020.48,       -2.38,
     1021.00,       -2.37,
     1021.48,       -2.32,
     1021.96,       -2.29,
     1022.48,       -2.28,
     1022.99,       -2.27,
     1023.51,       -2.22,
     1024.03,       -2.20,
     1024.51,       -2.15,
     1025.03,       -2.16,
     1025.51,       -2.16,
     1026.03,       -2.16,
     1026.51,       -2.19,
     1026.99,       -2.23,
     1027.47,       -2.23,
     1027.94,       -2.28,
     1028.42,       -2.29,
     1028.94,       -2.30,
     1029.42,       -2.32,
     1029.90,       -2.29,
     1030.42,       -2.30,
     1030.94,       -2.31,
     1031.46,       -2.30,
     1031.98,       -2.29,
     1032.46,       -2.31,
     1032.97,       -2.34,
     1033.45,       -2.33,
     1033.93,       -2.29,
     1034.45,       -2.24,
     1034.93,       -2.25,
     1035.41,       -2.23,
     1035.89,       -2.21,
     1036.37,       -2.19,
     1036.85,       -2.15,
     1037.33,       -2.09,
     1037.84,       -2.04,
     1038.36,       -2.08,
     1038.88,       -2.04,
     1039.40,       -2.05,
     1039.92,       -2.02,
     1040.40,       -1.99,
     1040.92,       -1.98,
     1041.40,       -1.98,
     1041.88,       -2.03,
     1042.40,       -2.23,
     1042.87,       -2.36,
     1043.35,       -2.60,
     1043.79,       -2.95,
     1044.27,       -3.15,
     1044.79,       -3.47,
     1045.27,       -3.78,
     1045.79,       -3.92,
     1046.31,       -4.20,
     1046.83,       -4.40,
     1047.35,       -4.60,
     1047.82,       -4.93,
     1048.34,       -5.26,
     1048.82,       -5.48,
     1049.30,       -5.78,
     1049.82,       -5.86,
     1050.30,       -5.83,
     1050.82,       -5.91,
     1051.26,       -5.92,
     1051.74,       -5.84,
     1052.22,       -5.83,
     1052.70,       -5.90,
     1053.21,       -5.90,
     1053.73,       -5.97,
     1054.25,       -6.01,
     1054.73,       -6.00,
     1055.25,       -5.99,
     1055.77,       -6.01,
     1056.29,       -5.92,
     1056.77,       -5.93,
     1057.25,       -5.91,
     1057.77,       -5.89,
     1058.24,       -5.90,
     1058.72,       -5.88,
     1059.20,       -5.88,
     1059.68,       -5.90,
     1060.16,       -5.83,
     1060.64,       -5.80,
     1061.16,       -5.78,
     1061.68,       -5.74,
     1062.20,       -5.74,
     1062.68,       -5.70,
     1063.19,       -5.63,
     1063.71,       -5.56,
     1064.23,       -5.54,
     1064.71,       -5.49,
     1065.19,       -5.44,
     1065.71,       -5.41,
     1066.19,       -5.35,
     1066.67,       -5.34,
     1067.15,       -5.41,
     1067.63,       -5.41,
     1068.14,       -5.36,
     1068.62,       -5.36,
     1069.10,       -5.34,
     1069.62,       -5.30,
     1070.14,       -5.32,
     1070.66,       -5.30,
     1071.14,       -5.27,
     1071.66,       -5.27,
     1072.18,       -5.24,
     1072.66,       -5.22,
     1073.17,       -5.22,
     1073.65,       -5.23,
     1074.13,       -5.26,
     1074.65,       -5.30,
     1075.13,       -5.30,
     1075.61,       -5.27,
     1076.09,       -5.22,
     1076.57,       -5.18,
     1077.09,       -5.12,
     1077.61,       -5.09,
     1078.12,       -5.09,
     1078.64,       -5.09,
     1079.12,       -5.04,
     1079.64,       -4.96,
     1080.16,       -4.96,
     1080.64,       -4.87,
     1081.12,       -4.83,
     1081.64,       -4.80,
     1082.12,       -4.78,
     1082.60,       -4.74,
     1083.07,       -4.69,
     1083.55,       -4.69,
     1084.03,       -4.66,
     1084.51,       -4.68,
     1085.03,       -4.69,
     1085.55,       -4.71,
     1086.07,       -4.65,
     1086.55,       -4.54,
     1087.07,       -4.52,
     1087.59,       -4.51,
     1088.10,       -4.52,
     1088.54,       -4.50,
     1089.02,       -4.53,
     1089.54,       -4.45,
     1090.02,       -4.44,
     1090.54,       -4.39,
     1091.02,       -4.36,
     1091.54,       -4.35,
     1091.98,       -4.34,
     1092.50,       -4.33,
     1092.97,       -4.28,
     1093.49,       -4.22,
     1094.01,       -4.18,
     1094.49,       -4.15,
     1095.01,       -4.11,
     1095.53,       -4.10,
     1096.01,       -4.09,
     1096.53,       -4.03,
     1097.01,       -4.00,
     1097.53,       -3.97,
     1098.00,       -3.91,
     1098.48,       -3.85,
     1098.96,       -3.85,
     1099.44,       -3.85,
     1099.92,       -3.80,
     1100.44,       -3.82,
     1100.92,       -3.78,
     1101.44,       -3.74,
     1101.92,       -3.70,
     1102.44,       -3.65,
     1102.95,       -3.57,
     1103.43,       -3.50,
     1103.95,       -3.51,
     1104.47,       -3.52,
     1104.95,       -3.53,
     1105.43,       -3.51,
     1105.91,       -3.50,
     1106.43,       -3.50,
     1106.91,       -3.47,
     1107.39,       -3.43,
     1107.86,       -3.37,
     1108.34,       -3.34,
     1108.86,       -3.35,
     1109.34,       -3.30,
     1109.86,       -3.31,
     1110.38,       -3.29,
     1110.86,       -3.25,
     1111.38,       -3.26,
     1111.90,       -3.26,
     1112.38,       -3.23,
     1112.89,       -3.22,
     1113.37,       -3.24,
     1113.85,       -3.22,
     1114.37,       -3.20,
     1114.85,       -3.19,
     1115.33,       -3.17,
     1115.81,       -3.16,
     1116.29,       -3.12,
     1116.77,       -3.09,
     1117.29,       -3.07,
     1117.81,       -3.02,
     1118.28,       -3.00,
     1118.80,       -2.99,
     1119.32,       -2.94,
     1119.80,       -2.88,
     1120.32,       -2.86,
     1120.80,       -2.83,
     1121.32,       -2.79,
     1121.80,       -2.78,
     1122.28,       -2.74,
     1122.76,       -2.70,
     1123.23,       -2.63,
     1123.71,       -2.59,
     1124.19,       -2.54,
     1124.71,       -2.47,
     1125.19,       -2.41,
     1125.71,       -2.38,
     1126.19,       -2.35,
     1126.71,       -2.31,
     1127.23,       -2.24,
     1127.75,       -2.21,
     1128.22,       -2.17,
     1128.70,       -2.14,
     1129.22,       -2.11,
     1129.70,       -2.09,
     1130.22,       -2.08,
     1130.70,       -2.01,
     1131.18,       -2.00,
     1131.62,       -1.97,
     1132.10,       -1.90,
     1132.62,       -1.86,
     1133.09,       -1.86,
     1133.57,       -1.87,
     1134.09,       -1.85,
     1134.61,       -1.86,
     1135.13,       -1.82,
     1135.65,       -1.82,
     1136.13,       -1.85,
     1136.61,       -1.81,
     1137.09,       -1.79,
     1137.61,       -1.79,
     1138.08,       -1.76,
     1138.56,       -1.76,
     1139.04,       -1.72,
     1139.52,       -1.72,
     1140.00,       -1.73,
     1140.48,       -1.71,
     1141.00,       -1.71,
     1141.48,       -1.70,
     1142.00,       -1.64,
     1142.52,       -1.66,
     1143.03,       -1.61,
     1143.55,       -1.63,
     1144.03,       -1.66,
     1144.51,       -1.64,
     1144.99,       -1.67,
     1145.51,       -1.66,
     1145.99,       -1.68,
     1146.47,       -1.73,
     1146.95,       -1.65,
     1147.43,       -1.70,
     1147.90,       -1.76,
     1148.34,       -1.70,
     1148.86,       -1.75,
     1149.38,       -1.73,
     1149.90,       -1.72,
     1150.42,       -1.80,
     1150.94,       -1.71,
     1151.42,       -1.73,
     1151.94,       -1.73,
     1152.42,       -1.69,
     1152.89,       -1.74,
     1153.37,       -1.74,
     1153.89,       -1.81,
     1154.37,       -1.86,
     1154.85,       -1.80,
     1155.33,       -1.86,
     1155.77,       -1.89,
     1156.25,       -1.85,
     1156.77,       -1.96,
     1157.29,       -1.97,
     1157.81,       -1.96,
     1158.28,       -1.99,
     1158.80,       -1.94,
     1159.32,       -1.95,
     1159.84,       -1.94,
     1160.32,       -1.96,
     1160.80,       -1.97,
     1161.28,       -1.94,
     1161.80,       -1.95,
     1162.28,       -1.96,
     1162.76,       -1.91,
     1163.23,       -1.86,
     1163.71,       -1.90,
     1164.15,       -1.90,
     1164.67,       -1.86,
     1165.19,       -1.85,
     1165.71,       -1.81,
     1166.23,       -1.80,
     1166.71,       -1.75,
     1167.23,       -1.76,
     1167.75,       -1.80,
     1168.22,       -1.78,
     1168.70,       -1.77,
     1169.18,       -1.73,
     1169.66,       -1.70,
     1170.18,       -1.67,
     1170.66,       -1.66,
     1171.14,       -1.67,
     1171.62,       -1.67,
     1172.10,       -1.68,
     1172.58,       -1.65,
     1173.09,       -1.64,
     1173.57,       -1.61,
     1174.13,       -1.60,
     1174.61,       -1.57,
     1175.13,       -1.60,
     1175.65,       -1.61,
     1176.13,       -1.56,
     1176.61,       -1.54,
     1177.09,       -1.55,
     1177.57,       -1.56,
     1178.08,       -1.53,
     1178.56,       -1.51,
     1179.04,       -1.51,
     1179.52,       -1.51,
     1180.00,       -1.51,
     1180.48,       -1.51,
     1181.00,       -1.51,
     1181.48,       -1.51,
     1182.00,       -1.53,
     1182.52,       -1.56,
     1183.03,       -1.55,
     1183.55,       -1.54,
     1184.03,       -1.54,
     1184.51,       -1.53,
     1184.99,       -1.54,
     1185.47,       -1.51,
     1185.99,       -1.50,
     1186.47,       -1.50,
     1186.95,       -1.50,
     1187.43,       -1.58,
     1187.90,       -1.59,
     1188.38,       -1.59,
     1188.86,       -1.63,
     1189.38,       -1.60,
     1189.90,       -1.57,
     1190.42,       -1.54,
     1190.90,       -1.56,
     1191.42,       -1.60,
     1191.86,       -1.57,
     1192.34,       -1.55,
     1192.82,       -1.45,
     1193.29,       -1.53,
     1193.73,       -1.51,
     1194.21,       -1.51,
     1194.65,       -1.53,
     1195.09,       -1.51,
     1195.53,       -1.51,
     1195.97,       -1.49,
     1196.41,       -1.54,
     1196.85,       -1.62,
     1197.29,       -1.66,
     1197.77,       -1.68,
     1198.20,       -1.77,
     1198.60,       -1.77,
     1199.04,       -1.78,
     1199.44,       -1.77,
     1199.84,       -1.77,
     1200.24,       -1.76,
     1200.64,       -1.74,
     1201.00,       -1.71,
     1201.40,       -1.64,
     1201.80,       -1.59,
     1202.16,       -1.56,
     1202.52,       -1.55,
     1202.88,       -1.51,
     1203.19,       -1.46,
     1203.55,       -1.46,
     1203.91,       -1.46,
     1204.27,       -1.42,
     1204.59,       -1.41,
     1204.91,       -1.38,
     1205.23,       -1.32,
     1205.51,       -1.29,
     1205.75,       -1.26,
     1205.99,       -1.21,
     1206.23,       -1.16,
     1206.43,       -1.20,
     1206.63,       -1.22,
     1206.79,       -1.20,
     1206.95,       -1.17,
     1207.07,       -1.17,
     1207.19,       -1.16,
     1207.31,       -1.13,
     1207.35,       -1.16,
     1207.43,       -1.20,
     1207.47,       -1.19,
     1207.51,       -1.19,
     1207.55,       -1.18,
     1207.59,       -1.17,
