       -0.00,       -1.12,
        0.04,       -1.11,
        0.08,       -1.10,
        0.12,       -1.11,
        0.20,       -1.13,
        0.24,       -1.11,
        0.28,       -1.11,
        0.36,       -1.11,
        0.44,       -1.11,
        0.52,       -1.12,
        0.60,       -1.12,
        0.68,       -1.13,
        0.80,       -1.17,
        0.88,       -1.18,
        1.00,       -1.22,
        1.12,       -1.25,
        1.24,       -1.32,
        1.36,       -1.36,
        1.48,       -1.45,
        1.60,       -1.49,
        1.76,       -1.61,
        1.88,       -1.73,
        2.04,       -1.83,
        2.20,       -2.05,
        2.35,       -2.14,
        2.51,       -2.38,
        2.67,       -2.56,
        2.79,       -2.66,
        2.95,       -2.78,
        3.11,       -2.78,
        3.27,       -2.83,
        3.43,       -2.82,
        3.63,       -2.85,
        3.79,       -2.87,
        3.99,       -2.87,
        4.15,       -2.86,
        4.31,       -2.88,
        4.51,       -2.86,
        4.67,       -2.86,
        4.87,       -2.86,
        5.03,       -2.86,
        5.23,       -2.90,
        5.39,       -2.91,
        5.55,       -2.91,
        5.75,       -2.92,
        5.91,       -2.92,
        6.11,       -2.90,
        6.31,       -2.90,
        6.51,       -2.90,
        6.75,       -2.87,
        6.95,       -2.87,
        7.15,       -2.87,
        7.38,       -2.88,
        7.62,       -2.88,
        7.86,       -2.88,
        8.10,       -2.88,
        8.34,       -2.87,
        8.58,       -2.86,
        8.86,       -2.91,
        9.10,       -2.86,
        9.34,       -2.90,
        9.62,       -2.91,
        9.86,       -2.91,
       10.14,       -2.91,
       10.42,       -2.89,
       10.70,       -2.86,
       10.98,       -2.86,
       11.26,       -2.82,
       11.54,       -2.78,
       11.78,       -2.80,
       12.06,       -2.76,
       12.33,       -2.77,
       12.61,       -2.79,
       12.85,       -2.73,
       13.13,       -2.75,
       13.33,       -2.73,
       13.61,       -2.70,
       13.85,       -2.73,
       14.09,       -2.68,
       14.37,       -2.67,
       14.65,       -2.72,
       14.89,       -2.68,
       15.21,       -2.67,
       15.45,       -2.70,
       15.77,       -2.66,
       16.05,       -2.68,
       16.33,       -2.68,
       16.65,       -2.63,
       16.97,       -2.68,
       17.25,       -2.66,
       17.52,       -2.64,
       17.84,       -2.69,
       18.16,       -2.65,
       18.48,       -2.60,
       18.80,       -2.60,
       19.12,       -2.60,
       19.48,       -2.63,
       19.80,       -2.64,
       20.16,       -2.57,
       20.48,       -2.60,
       20.84,       -2.61,
       21.16,       -2.56,
       21.52,       -2.55,
       21.84,       -2.49,
       22.20,       -2.47,
       22.51,       -2.53,
       22.83,       -2.46,
       23.19,       -2.46,
       23.51,       -2.49,
       23.87,       -2.43,
       24.19,       -2.39,
       24.55,       -2.36,
       24.87,       -2.30,
       25.23,       -2.29,
       25.55,       -2.21,
       25.91,       -2.17,
       26.27,       -2.17,
       26.59,       -2.13,
       26.95,       -2.09,
       27.30,       -2.08,
       27.62,       -1.99,
       28.02,       -2.00,
       28.38,       -2.02,
       28.78,       -1.95,
       29.14,       -2.00,
       29.50,       -1.93,
       29.86,       -1.87,
       30.22,       -1.96,
       30.58,       -1.87,
       30.94,       -1.90,
       31.30,       -1.92,
       31.66,       -1.81,
       32.06,       -1.86,
       32.41,       -1.84,
       32.77,       -1.77,
       33.09,       -1.81,
       33.45,       -1.73,
       33.81,       -1.73,
       34.17,       -1.76,
       34.57,       -1.72,
       34.93,       -1.74,
       35.29,       -1.73,
       35.69,       -1.71,
       36.09,       -1.72,
       36.49,       -1.67,
       36.89,       -1.66,
       37.25,       -1.64,
       37.64,       -1.61,
       38.00,       -1.64,
       38.40,       -1.65,
       38.76,       -1.61,
       39.16,       -1.59,
       39.52,       -1.57,
       39.92,       -1.55,
       40.32,       -1.55,
       40.72,       -1.51,
       41.08,       -1.51,
       41.48,       -1.46,
       41.84,       -1.42,
       42.24,       -1.43,
       42.63,       -1.38,
       43.03,       -1.37,
       43.43,       -1.33,
       43.83,       -1.26,
       44.23,       -1.27,
       44.67,       -1.25,
       45.07,       -1.24,
       45.47,       -1.16,
       45.91,       -1.19,
       46.31,       -1.18,
       46.71,       -1.14,
       47.11,       -1.09,
       47.50,       -1.09,
       47.94,       -1.08,
       48.34,       -1.02,
       48.78,       -1.07,
       49.18,       -1.00,
       49.58,       -0.95,
       49.98,       -0.99,
       50.38,       -0.94,
       50.78,       -0.94,
       51.18,       -0.91,
       51.66,       -0.88,
       52.10,       -0.90,
       52.53,       -0.90,
       52.97,       -0.85,
       53.37,       -0.86,
       53.81,       -0.81,
       54.21,       -0.83,
       54.65,       -0.82,
       55.05,       -0.79,
       55.49,       -0.78,
       55.93,       -0.74,
       56.37,       -0.73,
       56.77,       -0.76,
       57.17,       -0.72,
       57.60,       -0.71,
       58.04,       -0.70,
       58.44,       -0.68,
       58.88,       -0.68,
       59.32,       -0.65,
       59.76,       -0.63,
       60.24,       -0.67,
       60.68,       -0.61,
       61.16,       -0.60,
       61.60,       -0.59,
       62.00,       -0.52,
       62.43,       -0.54,
       62.87,       -0.50,
       63.31,       -0.42,
       63.75,       -0.44,
       64.19,       -0.42,
       64.63,       -0.37,
       65.07,       -0.37,
       65.51,       -0.37,
       65.95,       -0.39,
       66.39,       -0.38,
       66.83,       -0.34,
       67.27,       -0.29,
       67.74,       -0.25,
       68.22,       -0.24,
       68.66,       -0.23,
       69.14,       -0.18,
       69.58,       -0.19,
       70.02,       -0.14,
       70.46,       -0.15,
       70.90,       -0.15,
       71.34,       -0.17,
       71.78,       -0.16,
       72.26,       -0.15,
       72.69,       -0.12,
       73.13,       -0.08,
       73.57,       -0.09,
       74.01,       -0.10,
       74.45,       -0.04,
       74.93,       -0.04,
       75.37,       -0.03,
       75.81,       -0.05,
       76.33,       -0.04,
       76.77,        0.00,
       77.21,       -0.01,
       77.68,       -0.02,
       78.12,        0.01,
       78.56,       -0.01,
       79.04,       -0.02,
       79.48,       -0.01,
       79.96,        0.02,
       80.40,        0.04,
       80.88,        0.07,
       81.32,        0.09,
       81.76,        0.08,
       82.20,        0.09,
       82.63,        0.09,
       83.11,        0.11,
       83.55,        0.15,
       84.03,        0.14,
       84.51,        0.19,
       84.99,        0.24,
       85.43,        0.20,
       85.91,        0.22,
       86.35,        0.22,
       86.79,        0.23,
       87.27,        0.28,
       87.74,        0.33,
       88.18,        0.33,
       88.66,        0.33,
       89.10,        0.34,
       89.54,        0.39,
       90.02,        0.40,
       90.46,        0.42,
       90.90,        0.45,
       91.38,        0.43,
       91.82,        0.46,
       92.33,        0.46,
       92.81,        0.46,
       93.29,        0.48,
       93.77,        0.52,
       94.21,        0.54,
       94.69,        0.55,
       95.13,        0.56,
       95.61,        0.55,
       96.09,        0.58,
       96.53,        0.57,
       97.01,        0.60,
       97.44,        0.59,
       97.88,        0.56,
       98.36,        0.56,
       98.80,        0.59,
       99.28,        0.66,
       99.76,        0.69,
      100.28,        0.68,
      100.76,        0.72,
      101.24,        0.70,
      101.72,        0.72,
      102.16,        0.74,
      102.63,        0.77,
      103.11,        0.80,
      103.59,        0.81,
      104.07,        0.83,
      104.51,        0.85,
      104.95,        0.85,
      105.43,        0.86,
      105.91,        0.87,
      106.35,        0.88,
      106.83,        0.85,
      107.31,        0.81,
      107.78,        0.81,
      108.30,        0.80,
      108.78,        0.76,
      109.30,        0.64,
      109.78,        0.59,
      110.22,        0.49,
      110.70,        0.33,
      111.18,        0.24,
      111.62,        0.20,
      112.14,        0.20,
      112.61,        0.20,
      113.05,        0.20,
      113.53,        0.16,
      114.01,        0.14,
      114.49,        0.13,
      114.93,        0.15,
      115.45,        0.15,
      115.93,        0.12,
      116.45,        0.09,
      116.93,        0.10,
      117.44,        0.10,
      117.92,        0.09,
      118.40,        0.11,
      118.84,        0.11,
      119.32,        0.13,
      119.80,        0.14,
      120.32,        0.12,
      120.80,        0.14,
      121.28,        0.15,
      121.72,        0.16,
      122.20,        0.19,
      122.67,        0.18,
      123.19,        0.16,
      123.67,        0.17,
      124.19,        0.17,
      124.67,        0.17,
      125.19,        0.17,
      125.71,        0.15,
      126.15,        0.15,
      126.63,        0.17,
      127.11,        0.17,
      127.62,        0.20,
      128.10,        0.19,
      128.58,        0.17,
      129.06,        0.20,
      129.54,        0.20,
      130.02,        0.20,
      130.50,        0.20,
      130.98,        0.21,
      131.50,        0.24,
      132.02,        0.25,
      132.49,        0.32,
      133.01,        0.30,
      133.49,        0.29,
      134.01,        0.29,
      134.49,        0.24,
      134.97,        0.22,
      135.45,        0.15,
      135.93,       -0.07,
      136.45,       -0.29,
      136.93,       -0.68,
      137.40,       -1.07,
      137.88,       -1.32,
      138.36,       -1.69,
      138.84,       -2.00,
      139.36,       -2.27,
      139.84,       -2.69,
      140.36,       -2.78,
      140.88,       -2.94,
      141.36,       -3.06,
      141.88,       -3.08,
      142.35,       -3.12,
      142.83,       -3.13,
      143.31,       -3.10,
      143.83,       -3.10,
      144.31,       -3.10,
      144.83,       -3.11,
      145.31,       -3.11,
      145.79,       -3.07,
      146.27,       -3.04,
      146.75,       -3.06,
      147.23,       -3.06,
      147.70,       -3.05,
      148.26,       -3.00,
      148.74,       -3.02,
      149.26,       -3.02,
      149.78,       -2.99,
      150.26,       -3.02,
      150.74,       -2.98,
      151.22,       -2.91,
      151.74,       -2.86,
      152.26,       -2.73,
      152.73,       -2.64,
      153.21,       -2.71,
      153.69,       -2.59,
      154.17,       -2.61,
      154.65,       -2.64,
      155.13,       -2.54,
      155.65,       -2.54,
      156.17,       -2.47,
      156.69,       -2.41,
      157.21,       -2.42,
      157.72,       -2.37,
      158.20,       -2.32,
      158.68,       -2.31,
      159.16,       -2.22,
      159.68,       -2.18,
      160.20,       -2.18,
      160.68,       -2.14,
      161.16,       -2.15,
      161.64,       -2.14,
      162.16,       -2.08,
      162.63,       -2.14,
      163.11,       -2.00,
      163.63,       -1.95,
      164.15,       -1.95,
      164.67,       -1.93,
      165.19,       -1.90,
      165.71,       -1.99,
      166.19,       -1.85,
      166.67,       -1.86,
      167.15,       -1.84,
      167.66,       -1.79,
      168.18,       -1.83,
      168.70,       -1.82,
      169.18,       -1.76,
      169.66,       -1.75,
      170.14,       -1.73,
      170.62,       -1.70,
      171.10,       -1.72,
      171.62,       -1.69,
      172.18,       -1.69,
      172.69,       -1.73,
      173.21,       -1.67,
      173.69,       -1.70,
      174.17,       -1.64,
      174.69,       -1.61,
      175.17,       -1.65,
      175.69,       -1.61,
      176.21,       -1.59,
      176.69,       -1.60,
      177.21,       -1.53,
      177.64,       -1.56,
      178.16,       -1.58,
      178.64,       -1.56,
      179.16,       -1.56,
      179.68,       -1.55,
      180.20,       -1.53,
      180.72,       -1.53,
      181.24,       -1.47,
      181.76,       -1.44,
      182.24,       -1.43,
      182.75,       -1.40,
      183.23,       -1.38,
      183.75,       -1.34,
      184.27,       -1.30,
      184.75,       -1.29,
      185.23,       -1.26,
      185.71,       -1.23,
      186.23,       -1.20,
      186.71,       -1.16,
      187.23,       -1.12,
      187.74,       -1.11,
      188.26,       -1.07,
      188.78,       -1.07,
      189.30,       -1.03,
      189.82,       -1.00,
      190.30,       -0.98,
      190.82,       -0.94,
      191.30,       -0.90,
      191.82,       -0.90,
      192.34,       -0.87,
      192.81,       -0.85,
      193.29,       -0.86,
      193.77,       -0.81,
      194.29,       -0.81,
      194.77,       -0.76,
      195.29,       -0.71,
      195.81,       -0.69,
      196.33,       -0.64,
      196.85,       -0.67,
      197.37,       -0.67,
      197.88,       -0.64,
      198.36,       -0.63,
      198.88,       -0.63,
      199.36,       -0.59,
      199.88,       -0.59,
      200.40,       -0.58,
      200.88,       -0.58,
      201.36,       -0.58,
      201.84,       -0.59,
      202.36,       -0.59,
      202.87,       -0.59,
      203.39,       -0.58,
      203.91,       -0.50,
      204.43,       -0.57,
      204.95,       -0.53,
      205.47,       -0.53,
      205.99,       -0.51,
      206.47,       -0.45,
      206.95,       -0.45,
      207.50,       -0.44,
      207.98,       -0.44,
      208.50,       -0.42,
      208.98,       -0.33,
      209.46,       -0.39,
      209.98,       -0.35,
      210.46,       -0.35,
      210.98,       -0.31,
      211.50,       -0.25,
      212.02,       -0.19,
      212.53,       -0.15,
      213.09,       -0.15,
      213.57,       -0.15,
      214.09,       -0.13,
      214.57,       -0.10,
      215.09,       -0.08,
      215.57,       -0.05,
      216.09,       -0.02,
      216.61,        0.02,
      217.09,        0.07,
      217.56,        0.11,
      218.08,        0.15,
      218.56,        0.18,
      219.08,        0.24,
      219.64,        0.24,
      220.16,        0.24,
      220.68,        0.24,
      221.20,        0.24,
      221.72,        0.25,
      222.20,        0.25,
      222.67,        0.29,
      223.19,        0.30,
      223.67,        0.24,
      224.23,        0.25,
      224.71,        0.20,
      225.23,        0.13,
      225.71,        0.14,
      226.23,        0.12,
      226.71,        0.09,
      227.23,        0.03,
      227.78,       -0.06,
      228.30,       -0.20,
      228.82,       -0.47,
      229.34,       -0.72,
      229.86,       -0.97,
      230.38,       -1.24,
      230.86,       -1.28,
      231.38,       -1.29,
      231.86,       -1.25,
      232.38,       -1.27,
      232.89,       -1.21,
      233.37,       -1.23,
      233.89,       -1.25,
      234.37,       -1.20,
      234.89,       -1.19,
      235.41,       -1.19,
      235.97,       -1.15,
      236.49,       -1.15,
      237.01,       -1.09,
      237.52,       -1.03,
      238.04,       -1.05,
      238.52,       -1.00,
      239.00,       -0.94,
      239.52,       -0.89,
      240.08,       -0.90,
      240.60,       -0.90,
      241.08,       -0.88,
      241.56,       -0.85,
      242.08,       -0.85,
      242.55,       -0.79,
      243.11,       -0.76,
      243.67,       -0.72,
      244.19,       -0.67,
      244.75,       -0.63,
      245.27,       -0.63,
      245.75,       -0.56,
      246.27,       -0.56,
      246.75,       -0.51,
      247.27,       -0.42,
      247.78,       -0.39,
      248.30,       -0.39,
      248.82,       -0.38,
      249.34,       -0.37,
      249.82,       -0.28,
      250.34,       -0.24,
      250.82,       -0.22,
      251.38,       -0.19,
      251.90,       -0.20,
      252.41,       -0.16,
      252.97,       -0.14,
      253.45,       -0.09,
      253.97,       -0.12,
      254.49,       -0.03,
      254.97,       -0.03,
      255.49,        0.01,
      256.01,        0.02,
      256.53,        0.02,
      257.05,        0.06,
      257.52,        0.06,
      258.04,        0.14,
      258.52,        0.15,
      259.04,        0.19,
      259.56,        0.22,
      260.12,        0.26,
      260.64,        0.35,
      261.16,        0.33,
      261.68,        0.40,
      262.20,        0.45,
      262.67,        0.44,
      263.19,        0.50,
      263.71,        0.55,
      264.23,        0.57,
      264.75,        0.63,
      265.27,        0.62,
      265.75,        0.73,
      266.23,        0.74,
      266.75,        0.73,
      267.31,        0.82,
      267.82,        0.81,
      268.34,        0.82,
      268.86,        0.86,
      269.38,        0.87,
      269.90,        0.91,
      270.42,        0.91,
      270.90,        0.94,
      271.42,        0.97,
      271.94,        0.93,
      272.45,        0.98,
      272.97,        0.98,
      273.45,        1.01,
      273.97,        1.11,
      274.45,        1.12,
      274.97,        1.06,
      275.49,        0.91,
      276.05,        0.68,
      276.57,        0.31,
      277.09,       -0.02,
      277.64,       -0.37,
      278.12,       -0.75,
      278.64,       -0.90,
      279.12,       -1.00,
      279.68,       -0.98,
      280.20,       -0.94,
      280.72,       -1.08,
      281.20,       -1.07,
      281.72,       -1.13,
      282.20,       -1.25,
      282.75,       -1.20,
      283.27,       -1.29,
      283.83,       -1.40,
      284.35,       -1.32,
      284.87,       -1.38,
      285.43,       -1.42,
      285.95,       -1.43,
      286.43,       -1.56,
      286.95,       -1.58,
      287.46,       -1.54,
      287.98,       -1.59,
      288.50,       -1.61,
      289.02,       -1.68,
      289.50,       -1.79,
      290.02,       -1.81,
      290.50,       -1.83,
      291.02,       -1.86,
      291.58,       -1.88,
      292.10,       -1.90,
      292.65,       -1.90,
      293.17,       -1.89,
      293.69,       -1.90,
      294.21,       -1.88,
      294.69,       -1.88,
      295.21,       -1.94,
      295.73,       -1.96,
      296.25,       -1.94,
      296.81,       -1.97,
      297.29,       -1.96,
      297.80,       -1.95,
      298.28,       -1.95,
      298.80,       -1.94,
      299.32,       -1.93,
      299.84,       -1.91,
      300.40,       -1.90,
      300.92,       -1.90,
      301.44,       -1.90,
      302.00,       -1.90,
      302.47,       -1.89,
      302.99,       -1.88,
      303.47,       -1.85,
      304.03,       -1.83,
      304.55,       -1.82,
      305.07,       -1.83,
      305.55,       -1.83,
      306.07,       -1.79,
      306.55,       -1.74,
      307.07,       -1.69,
      307.58,       -1.70,
      308.14,       -1.71,
      308.66,       -1.69,
      309.22,       -1.68,
      309.74,       -1.68,
      310.26,       -1.64,
      310.74,       -1.57,
      311.26,       -1.55,
      311.78,       -1.55,
      312.30,       -1.55,
      312.81,       -1.52,
      313.33,       -1.46,
      313.85,       -1.40,
      314.33,       -1.38,
      314.85,       -1.34,
      315.37,       -1.32,
      315.93,       -1.26,
      316.45,       -1.26,
      316.97,       -1.20,
      317.52,       -1.17,
      318.04,       -1.15,
      318.56,       -1.13,
      319.08,       -1.13,
      319.60,       -1.07,
      320.12,       -1.02,
      320.64,       -0.97,
      321.16,       -0.92,
      321.64,       -0.91,
      322.16,       -0.86,
      322.63,       -0.79,
      323.19,       -0.74,
      323.75,       -0.65,
      324.27,       -0.60,
      324.83,       -0.55,
      325.35,       -0.49,
      325.91,       -0.46,
      326.43,       -0.43,
      326.95,       -0.40,
      327.46,       -0.37,
      327.98,       -0.33,
      328.50,       -0.29,
      329.02,       -0.25,
      329.50,       -0.22,
      330.02,       -0.23,
      330.54,       -0.22,
      331.02,       -0.21,
      331.54,       -0.21,
      332.10,       -0.17,
      332.61,       -0.17,
      333.17,       -0.15,
      333.69,       -0.13,
      334.25,       -0.14,
      334.77,       -0.08,
      335.29,       -0.07,
      335.81,        0.01,
      336.33,        0.07,
      336.85,        0.08,
      337.37,        0.12,
      337.84,        0.18,
      338.36,        0.23,
      338.84,        0.28,
      339.36,        0.30,
      339.88,        0.38,
      340.44,        0.40,
      340.96,        0.39,
      341.52,        0.40,
      342.04,        0.37,
      342.59,        0.40,
      343.07,        0.44,
      343.59,        0.46,
      344.11,        0.50,
      344.67,        0.50,
      345.15,        0.58,
      345.67,        0.59,
      346.19,        0.55,
      346.67,        0.61,
      347.19,        0.62,
      347.70,        0.63,
      348.26,        0.67,
      348.78,        0.66,
      349.34,        0.63,
      349.90,        0.62,
      350.42,        0.58,
      350.94,        0.62,
      351.46,        0.59,
      351.98,        0.60,
      352.49,        0.61,
      353.01,        0.56,
      353.53,        0.58,
      354.01,        0.50,
      354.49,        0.42,
      355.01,        0.36,
      355.57,        0.10,
      356.09,       -0.15,
      356.65,       -0.49,
      357.17,       -0.85,
      357.72,       -1.12,
      358.24,       -1.45,
      358.76,       -1.81,
      359.28,       -2.08,
      359.84,       -2.44,
      360.36,       -2.71,
      360.88,       -2.77,
      361.40,       -2.77,
      361.88,       -2.85,
      362.40,       -2.86,
      362.87,       -2.82,
      363.43,       -2.86,
      363.95,       -2.89,
      364.51,       -2.91,
      365.03,       -2.89,
      365.55,       -2.83,
      366.11,       -2.89,
      366.63,       -2.91,
      367.15,       -2.86,
      367.66,       -2.81,
      368.18,       -2.78,
      368.70,       -2.78,
      369.22,       -2.78,
      369.70,       -2.78,
      370.18,       -2.79,
      370.70,       -2.75,
      371.22,       -2.73,
      371.78,       -2.68,
      372.30,       -2.63,
      372.85,       -2.59,
      373.37,       -2.51,
      373.93,       -2.42,
      374.45,       -2.35,
      374.97,       -2.31,
      375.49,       -2.25,
      376.01,       -2.20,
      376.53,       -2.17,
      377.01,       -2.16,
      377.52,       -2.21,
      378.00,       -2.14,
      378.52,       -2.12,
      379.04,       -2.07,
      379.56,       -1.99,
      380.12,       -1.94,
      380.64,       -1.93,
      381.20,       -1.85,
      381.72,       -1.86,
      382.24,       -1.82,
      382.75,       -1.76,
      383.27,       -1.76,
      383.79,       -1.76,
      384.31,       -1.71,
      384.83,       -1.68,
      385.31,       -1.63,
      385.83,       -1.64,
      386.35,       -1.60,
      386.83,       -1.55,
      387.39,       -1.55,
      387.90,       -1.46,
      388.46,       -1.42,
      388.98,       -1.34,
      389.54,       -1.29,
      390.06,       -1.30,
      390.58,       -1.28,
      391.06,       -1.24,
      391.58,       -1.24,
      392.10,       -1.19,
      392.61,       -1.16,
      393.13,       -1.11,
      393.61,       -1.05,
      394.13,       -1.03,
      394.61,       -1.03,
      395.17,       -0.98,
      395.69,       -0.95,
      396.29,       -0.87,
      396.81,       -0.86,
      397.37,       -0.86,
      397.88,       -0.78,
      398.40,       -0.79,
      398.88,       -0.78,
      399.40,       -0.72,
      399.92,       -0.73,
      400.44,       -0.68,
      400.96,       -0.63,
      401.44,       -0.63,
      401.96,       -0.58,
      402.44,       -0.56,
      402.95,       -0.53,
      403.51,       -0.47,
      404.07,       -0.47,
      404.59,       -0.37,
      405.15,       -0.30,
      405.67,       -0.28,
      406.19,       -0.26,
      406.67,       -0.25,
      407.19,       -0.22,
      407.70,       -0.23,
      408.22,       -0.24,
      408.74,       -0.15,
      409.26,       -0.15,
      409.74,       -0.07,
      410.22,       -0.02,
      410.74,       -0.01,
      411.30,        0.06,
      411.86,        0.03,
      412.38,        0.02,
      412.93,        0.06,
      413.45,        0.03,
      414.01,        0.08,
      414.49,        0.10,
      415.01,        0.14,
      415.53,        0.17,
      416.05,        0.11,
      416.57,        0.15,
      417.09,        0.17,
      417.56,        0.17,
      418.08,        0.25,
      418.56,        0.25,
      419.12,        0.32,
      419.64,        0.33,
      420.20,        0.34,
      420.72,        0.37,
      421.28,        0.33,
      421.84,        0.32,
      422.36,        0.29,
      422.87,        0.31,
      423.39,        0.36,
      423.91,        0.33,
      424.43,        0.37,
      424.95,        0.41,
      425.43,        0.39,
      425.95,        0.43,
      426.47,        0.44,
      426.99,        0.48,
      427.50,        0.47,
      428.02,        0.46,
      428.62,        0.49,
      429.14,        0.50,
      429.70,        0.56,
      430.26,        0.55,
      430.78,        0.58,
      431.30,        0.60,
      431.82,        0.63,
      432.34,        0.68,
      432.81,        0.70,
      433.33,        0.74,
      433.85,        0.76,
      434.33,        0.77,
      434.85,        0.81,
      435.41,        0.82,
      435.97,        0.81,
      436.49,        0.82,
      437.05,        0.82,
      437.60,        0.82,
      438.12,        0.80,
      438.64,        0.83,
      439.16,        0.84,
      439.68,        0.85,
      440.16,        0.90,
      440.68,        0.90,
      441.20,        0.91,
      441.72,        0.81,
      442.20,        0.81,
      442.71,        0.82,
      443.23,        0.80,
      443.79,        0.81,
      444.31,        0.83,
      444.87,        0.86,
      445.39,        0.90,
      445.95,        0.86,
      446.47,        0.90,
      446.99,        0.93,
      447.50,        0.96,
      447.98,        1.01,
      448.50,        0.98,
      449.02,        1.04,
      449.54,        1.03,
      450.02,        1.04,
      450.54,        1.06,
      451.06,        1.05,
      451.62,        1.07,
      452.14,        1.07,
      452.65,        1.11,
      453.21,        1.15,
      453.73,        1.09,
      454.25,        1.10,
      454.77,        1.10,
      455.29,        1.08,
      455.77,        1.12,
      456.29,        1.14,
      456.81,        1.16,
      457.33,        1.14,
      457.80,        1.12,
      458.32,        1.11,
      458.84,        1.06,
      459.36,        1.11,
      459.92,        1.03,
      460.48,        1.01,
      461.00,        0.99,
      461.52,        0.97,
      462.04,        0.94,
      462.55,        0.82,
      463.03,        0.84,
      463.55,        0.76,
      464.07,        0.73,
      464.63,        0.73,
      465.11,        0.67,
      465.63,        0.72,
      466.11,        0.67,
      466.63,        0.69,
      467.19,        0.74,
      467.70,        0.63,
      468.26,        0.63,
      468.78,        0.56,
      469.34,        0.55,
      469.86,        0.55,
      470.38,        0.48,
      470.86,        0.50,
      471.34,        0.46,
      471.90,        0.44,
      472.42,        0.44,
      472.93,        0.36,
      473.41,        0.37,
      473.93,        0.32,
      474.41,        0.31,
      474.97,        0.37,
      475.49,        0.42,
      476.05,        0.40,
      476.57,        0.34,
      477.13,        0.31,
      477.64,        0.34,
      478.16,        0.34,
      478.64,        0.33,
      479.16,        0.33,
      479.68,        0.31,
      480.20,        0.28,
      480.72,        0.29,
      481.24,        0.30,
      481.76,        0.28,
      482.24,        0.21,
      482.75,        0.20,
      483.31,        0.15,
      483.83,        0.14,
      484.39,        0.08,
      484.91,       -0.08,
      485.47,       -0.24,
      485.99,       -0.58,
      486.47,       -0.86,
      486.95,       -1.15,
      487.51,       -1.60,
      488.02,       -1.96,
      488.54,       -2.34,
      489.06,       -2.61,
      489.54,       -2.68,
      490.06,       -2.57,
      490.58,       -2.56,
      491.10,       -2.54,
      491.66,       -2.49,
      492.18,       -2.50,
      492.73,       -2.51,
      493.25,       -2.49,
      493.77,       -2.43,
      494.29,       -2.43,
      494.77,       -2.44,
      495.29,       -2.41,
      495.81,       -2.40,
      496.37,       -2.35,
      496.85,       -2.34,
      497.37,       -2.25,
      497.88,       -2.18,
      498.36,       -2.18,
      498.92,       -2.20,
      499.44,       -2.19,
      500.00,       -2.17,
      500.52,       -2.15,
      501.08,       -2.08,
      501.60,       -2.04,
      502.12,       -2.01,
      502.59,       -2.00,
      503.11,       -2.01,
      503.63,       -1.91,
      504.15,       -1.83,
      504.67,       -1.74,
      505.19,       -1.73,
      505.71,       -1.71,
      506.19,       -1.58,
      506.71,       -1.51,
      507.23,       -1.49,
      507.78,       -1.51,
      508.34,       -1.52,
      508.86,       -1.49,
      509.42,       -1.45,
      509.90,       -1.49,
      510.42,       -1.52,
      510.94,       -1.44,
      511.46,       -1.44,
      511.98,       -1.42,
      512.50,       -1.39,
      513.01,       -1.38,
      513.53,       -1.32,
      514.05,       -1.25,
      514.53,       -1.22,
      515.09,       -1.20,
      515.65,       -1.17,
      516.21,       -1.11,
      516.73,       -1.01,
      517.29,       -1.01,
      517.80,       -0.98,
      518.36,       -0.97,
      518.84,       -0.93,
      519.36,       -0.88,
      519.88,       -0.84,
      520.44,       -0.83,
      520.92,       -0.77,
      521.44,       -0.71,
      521.96,       -0.66,
      522.44,       -0.62,
      522.99,       -0.54,
      523.51,       -0.53,
      524.07,       -0.53,
      524.63,       -0.50,
      525.15,       -0.47,
      525.67,       -0.46,
      526.19,       -0.44,
      526.67,       -0.54,
      527.19,       -0.42,
      527.70,       -0.36,
      528.22,       -0.29,
      528.78,       -0.28,
      529.26,       -0.28,
      529.78,       -0.26,
      530.26,       -0.22,
      530.82,       -0.19,
      531.34,       -0.13,
      531.86,       -0.07,
      532.42,       -0.05,
      532.97,       -0.02,
      533.49,        0.02,
      534.01,        0.07,
      534.53,        0.07,
      535.09,        0.03,
      535.61,        0.07,
      536.13,        0.15,
      536.65,        0.22,
      537.13,        0.24,
      537.64,        0.28,
      538.16,        0.33,
      538.68,        0.35,
      539.20,        0.38,
      539.72,        0.44,
      540.28,        0.46,
      540.80,        0.49,
      541.32,        0.53,
      541.88,        0.59,
      542.40,        0.63,
      542.91,        0.65,
      543.43,        0.71,
      543.95,        0.73,
      544.47,        0.76,
      544.99,        0.76,
      545.51,        0.76,
      546.03,        0.83,
      546.51,        0.85,
      547.07,        0.84,
      547.58,        0.85,
      548.14,        0.92,
      548.66,        0.94,
      549.18,        0.97,
      549.70,        1.00,
      550.26,        1.03,
      550.78,        1.04,
      551.30,        1.09,
      551.82,        1.12,
      552.34,        1.17,
      552.85,        1.20,
      553.37,        1.20,
      553.85,        1.25,
      554.37,        1.25,
      554.89,        1.31,
      555.41,        1.38,
      555.97,        1.41,
      556.49,        1.43,
      557.01,        1.43,
      557.53,        1.46,
      558.08,        1.49,
      558.60,        1.51,
      559.12,        1.51,
      559.64,        1.49,
      560.16,        1.51,
      560.68,        1.49,
      561.16,        1.51,
      561.68,        1.52,
      562.20,        1.51,
      562.67,        1.62,
      563.23,        1.46,
      563.75,        1.49,
      564.31,        1.42,
      564.83,        1.40,
      565.35,        1.29,
      565.87,        1.18,
      566.39,        1.20,
      566.91,        0.98,
      567.43,        0.90,
      567.94,        0.77,
      568.46,        0.64,
      568.98,        0.57,
      569.46,        0.30,
      569.98,        0.27,
      570.50,        0.01,
      571.02,       -0.25,
      571.54,       -0.39,
      572.06,       -0.76,
      572.61,       -1.02,
      573.13,       -1.26,
      573.65,       -1.53,
      574.17,       -1.59,
      574.65,       -1.89,
      575.17,       -1.96,
      575.69,       -2.15,
      576.21,       -2.49,
      576.77,       -2.68,
      577.25,       -2.99,
      577.72,       -3.26,
      578.24,       -3.36,
      578.76,       -3.49,
      579.32,       -3.55,
      579.84,       -3.63,
      580.36,       -3.65,
      580.88,       -3.67,
      581.44,       -3.69,
      581.96,       -3.69,
      582.44,       -3.70,
      582.95,       -3.71,
      583.47,       -3.73,
      583.99,       -3.71,
      584.55,       -3.68,
      585.03,       -3.68,
      585.55,       -3.65,
      586.07,       -3.61,
      586.55,       -3.59,
      587.11,       -3.57,
      587.62,       -3.52,
      588.14,       -3.50,
      588.70,       -3.43,
      589.22,       -3.38,
      589.74,       -3.37,
      590.26,       -3.39,
      590.74,       -3.35,
      591.26,       -3.30,
      591.78,       -3.22,
      592.30,       -3.17,
      592.81,       -3.12,
      593.33,       -3.09,
      593.81,       -3.01,
      594.33,       -2.96,
      594.85,       -2.91,
      595.37,       -2.90,
      595.93,       -2.91,
      596.45,       -2.85,
      597.01,       -2.77,
      597.53,       -2.72,
      598.04,       -2.62,
      598.52,       -2.55,
      599.04,       -2.47,
      599.56,       -2.43,
      600.12,       -2.39,
      600.64,       -2.30,
      601.12,       -2.25,
      601.64,       -2.18,
      602.12,       -2.12,
      602.63,       -2.10,
      603.15,       -2.03,
      603.71,       -1.99,
      604.23,       -1.98,
      604.79,       -1.83,
      605.31,       -1.75,
      605.83,       -1.76,
      606.35,       -1.68,
      606.83,       -1.68,
      607.39,       -1.63,
      607.90,       -1.54,
      608.42,       -1.49,
      608.94,       -1.41,
      609.42,       -1.37,
      609.94,       -1.30,
      610.46,       -1.20,
      610.94,       -1.12,
      611.50,       -1.02,
      612.02,       -0.95,
      612.58,       -0.91,
      613.09,       -0.85,
      613.65,       -0.80,
      614.13,       -0.76,
      614.65,       -0.69,
      615.17,       -0.65,
      615.69,       -0.65,
      616.21,       -0.57,
      616.73,       -0.50,
      617.25,       -0.39,
      617.72,       -0.30,
      618.24,       -0.25,
      618.72,       -0.27,
      619.28,       -0.24,
      619.80,       -0.21,
      620.36,       -0.13,
      620.88,       -0.08,
      621.44,       -0.03,
      621.96,        0.02,
      622.44,        0.06,
      622.95,        0.11,
      623.47,        0.08,
      623.99,        0.17,
      624.51,        0.22,
      625.03,        0.20,
      625.51,        0.22,
      626.03,        0.27,
      626.51,        0.26,
      627.07,        0.33,
      627.58,        0.31,
      628.14,        0.34,
      628.66,        0.37,
      629.22,        0.40,
      629.74,        0.46,
      630.26,        0.46,
      630.74,        0.48,
      631.26,        0.52,
      631.78,        0.53,
      632.30,        0.54,
      632.81,        0.56,
      633.33,        0.59,
      633.85,        0.57,
      634.33,        0.57,
      634.85,        0.63,
      635.37,        0.67,
      635.93,        0.71,
      636.49,        0.73,
      637.01,        0.76,
      637.57,        0.76,
      638.08,        0.75,
      638.56,        0.76,
      639.08,        0.74,
      639.60,        0.72,
      640.12,        0.75,
      640.64,        0.72,
      641.16,        0.68,
      641.68,        0.59,
      642.16,        0.59,
      642.63,        0.57,
      643.19,        0.49,
      643.75,        0.46,
      644.27,        0.36,
      644.83,        0.37,
      645.35,        0.36,
      645.91,        0.27,
      646.39,        0.24,
      646.91,        0.19,
      647.43,        0.17,
      647.94,        0.01,
      648.46,        0.11,
      648.98,        0.13,
      649.50,        0.16,
      649.98,        0.21,
      650.46,        0.23,
      651.02,        0.15,
      651.54,        0.16,
      652.10,        0.12,
      652.61,        0.05,
      653.17,        0.00,
      653.73,       -0.07,
      654.25,       -0.11,
      654.77,       -0.12,
      655.29,       -0.15,
      655.81,       -0.13,
      656.29,       -0.14,
      656.81,       -0.18,
      657.33,       -0.24,
      657.80,       -0.28,
      658.32,       -0.27,
      658.84,       -0.28,
      659.36,       -0.30,
      659.92,       -0.30,
      660.48,       -0.33,
      661.00,       -0.33,
      661.56,       -0.41,
      662.08,       -0.48,
      662.60,       -0.53,
      663.11,       -0.63,
      663.63,       -0.76,
      664.15,       -0.89,
      664.67,       -1.14,
      665.19,       -1.43,
      665.67,       -1.73,
      666.19,       -1.99,
      666.71,       -2.03,
      667.23,       -2.05,
      667.78,       -2.11,
      668.30,       -2.12,
      668.86,       -2.20,
      669.38,       -2.24,
      669.94,       -2.26,
      670.46,       -2.29,
      670.98,       -2.29,
      671.50,       -2.30,
      672.02,       -2.29,
      672.54,       -2.24,
      673.05,       -2.22,
      673.53,       -2.22,
      674.05,       -2.16,
      674.53,       -2.16,
      675.09,       -2.11,
      675.61,       -2.09,
      676.17,       -2.08,
      676.69,       -2.02,
      677.25,       -2.01,
      677.76,       -2.03,
      678.32,       -1.99,
      678.80,       -1.95,
      679.32,       -1.95,
      679.84,       -1.87,
      680.36,       -1.86,
      680.88,       -1.83,
      681.36,       -1.77,
      681.88,       -1.73,
      682.40,       -1.64,
      682.91,       -1.62,
      683.43,       -1.60,
      683.99,       -1.54,
      684.51,       -1.46,
      685.07,       -1.46,
      685.63,       -1.44,
      686.15,       -1.40,
      686.67,       -1.33,
      687.19,       -1.27,
      687.70,       -1.19,
      688.22,       -1.09,
      688.70,       -1.03,
      689.22,       -1.02,
      689.74,       -0.98,
      690.22,       -0.94,
      690.78,       -0.89,
      691.30,       -0.82,
      691.82,       -0.81,
      692.38,       -0.76,
      692.93,       -0.66,
      693.45,       -0.55,
      694.01,       -0.50,
      694.53,       -0.43,
      695.05,       -0.40,
      695.57,       -0.37,
      696.09,       -0.28,
      696.57,       -0.20,
      697.09,       -0.15,
      697.61,       -0.11,
      698.08,       -0.10,
      698.60,       -0.04,
      699.16,       -0.02,
      699.68,        0.00,
      700.24,        0.05,
      700.76,        0.06,
      701.32,        0.11,
      701.84,        0.16,
      702.40,        0.17,
      702.91,        0.16,
      703.43,        0.21,
      703.95,        0.26,
      704.43,        0.29,
      704.95,        0.31,
      705.47,        0.29,
      705.95,        0.33,
      706.47,        0.37,
      707.03,        0.45,
      707.55,        0.47,
      708.10,        0.53,
      708.62,        0.55,
      709.18,        0.55,
      709.70,        0.50,
      710.22,        0.54,
      710.74,        0.52,
      711.26,        0.48,
      711.78,        0.46,
      712.26,        0.36,
      712.77,        0.33,
      713.25,        0.18,
      713.77,        0.04,
      714.29,       -0.22,
      714.81,       -0.53,
      715.33,       -0.88,
      715.89,       -1.33,
      716.41,       -1.81,
      716.97,       -2.25,
      717.53,       -2.70,
      718.04,       -3.12,
      718.56,       -3.49,
      719.08,       -3.88,
      719.60,       -4.26,
      720.12,       -4.67,
      720.64,       -5.15,
      721.12,       -5.54,
      721.64,       -5.83,
      722.12,       -5.97,
      722.67,       -6.11,
      723.19,       -6.30,
      723.75,       -6.34,
      724.27,       -6.35,
      724.83,       -6.36,
      725.35,       -6.31,
      725.91,       -6.31,
      726.39,       -6.32,
      726.91,       -6.32,
      727.43,       -6.23,
      727.94,       -6.18,
      728.46,       -6.12,
      728.98,       -6.07,
      729.46,       -6.03,
      729.98,       -5.98,
      730.50,       -5.94,
      731.02,       -5.93,
      731.58,       -5.40,
      732.10,       -5.77,
      732.65,       -5.71,
      733.17,       -5.68,
      733.69,       -5.66,
      734.21,       -5.63,
      734.73,       -5.53,
      735.25,       -5.46,
      735.73,       -5.42,
      736.25,       -5.35,
      736.77,       -5.29,
      737.29,       -5.22,
      737.76,       -5.22,
      738.28,       -5.21,
      738.80,       -5.16,
      739.36,       -5.11,
      739.92,       -5.06,
      740.44,       -5.03,
      741.00,       -5.00,
      741.52,       -4.96,
      742.04,       -4.92,
      742.52,       -4.86,
      743.03,       -4.80,
      743.55,       -4.74,
      744.07,       -4.66,
      744.59,       -4.57,
      745.07,       -4.52,
      745.59,       -4.46,
      746.07,       -4.43,
      746.63,       -4.38,
      747.15,       -4.27,
      747.70,       -4.18,
      748.22,       -4.16,
      748.78,       -4.14,
      749.30,       -4.09,
      749.82,       -4.06,
      750.34,       -4.00,
      750.86,       -3.98,
      751.34,       -3.91,
      751.86,       -3.86,
      752.38,       -3.79,
      752.89,       -3.71,
      753.37,       -3.67,
      753.89,       -3.62,
      754.41,       -3.60,
      754.93,       -3.54,
      755.49,       -3.49,
      756.05,       -3.44,
      756.57,       -3.39,
      757.13,       -3.36,
      757.65,       -3.28,
      758.12,       -3.19,
      758.64,       -3.15,
      759.16,       -3.09,
      759.68,       -3.07,
      760.20,       -3.04,
      760.72,       -2.92,
      761.20,       -2.90,
      761.72,       -2.82,
      762.20,       -2.73,
      762.75,       -2.68,
      763.27,       -2.60,
      763.83,       -2.57,
      764.39,       -2.53,
      764.91,       -2.47,
      765.43,       -2.47,
      765.95,       -2.43,
      766.43,       -2.37,
      766.95,       -2.35,
      767.47,       -2.33,
      767.98,       -2.25,
      768.50,       -2.19,
      768.98,       -2.14,
      769.50,       -2.12,
      769.98,       -2.09,
      770.54,       -2.03,
      771.06,       -2.02,
      771.62,       -1.95,
      772.18,       -1.88,
      772.69,       -1.86,
      773.21,       -1.84,
      773.73,       -1.82,
      774.25,       -1.74,
      774.73,       -1.72,
      775.25,       -1.69,
      775.77,       -1.66,
      776.29,       -1.64,
      776.81,       -1.63,
      777.29,       -1.57,
      777.80,       -1.55,
      778.32,       -1.53,
      778.88,       -1.47,
      779.40,       -1.44,
      779.96,       -1.39,
      780.48,       -1.35,
      781.04,       -1.29,
      781.56,       -1.25,
      782.08,       -1.24,
      782.56,       -1.22,
      783.07,       -1.16,
      783.59,       -1.10,
      784.11,       -1.07,
      784.63,       -1.07,
      785.11,       -1.01,
      785.63,       -0.94,
      786.11,       -0.89,
      786.67,       -0.83,
      787.23,       -0.78,
      787.74,       -0.75,
      788.30,       -0.73,
      788.82,       -0.64,
      789.38,       -0.58,
      789.86,       -0.52,
      790.38,       -0.50,
      790.86,       -0.50,
      791.42,       -0.47,
      791.94,       -0.42,
      792.46,       -0.40,
      792.93,       -0.44,
      793.45,       -0.41,
      793.93,       -0.40,
      794.49,       -0.37,
      795.01,       -0.38,
      795.57,       -0.47,
      796.09,       -0.42,
      796.65,       -0.40,
      797.17,       -0.37,
      797.68,       -0.35,
      798.20,       -0.34,
      798.72,       -0.36,
      799.24,       -0.34,
      799.76,       -0.33,
      800.28,       -0.31,
      800.80,       -0.28,
      801.28,       -0.26,
      801.76,       -0.21,
      802.28,       -0.20,
      802.83,       -0.20,
      803.39,       -0.20,
      803.91,       -0.15,
      804.43,       -0.11,
      804.99,       -0.07,
      805.51,       -0.02,
      806.03,       -0.02,
      806.51,       -0.02,
      807.03,       -0.00,
      807.55,        0.02,
      808.06,        0.03,
      808.58,        0.08,
      809.10,        0.10,
      809.58,        0.09,
      810.10,        0.05,
      810.62,        0.09,
      811.18,        0.10,
      811.70,        0.15,
      812.26,        0.16,
      812.77,        0.18,
      813.29,        0.16,
      813.81,        0.19,
      814.29,        0.19,
      814.81,        0.17,
      815.33,        0.15,
      815.85,        0.16,
      816.37,        0.15,
      816.85,        0.11,
      817.37,        0.11,
      817.84,        0.07,
      818.40,        0.06,
      818.92,        0.07,
      819.48,        0.11,
      820.00,        0.15,
      820.56,        0.14,
      821.04,        0.14,
      821.56,        0.13,
      822.04,        0.14,
      822.56,        0.17,
      823.07,        0.24,
      823.59,        0.32,
      824.11,        0.37,
      824.63,        0.41,
      825.11,        0.42,
      825.63,        0.48,
      826.15,        0.58,
      826.71,        0.56,
      827.23,        0.64,
      827.78,        0.61,
      828.30,        0.65,
      828.82,        0.71,
      829.34,        0.74,
      829.82,        0.81,
      830.30,        0.82,
      830.82,        0.92,
      831.38,        0.97,
      831.90,        0.94,
      832.42,        0.95,
      832.89,        1.01,
      833.41,        1.07,
      833.89,        1.14,
      834.45,        1.20,
      834.97,        1.20,
      835.53,        1.20,
      836.05,        1.22,
      836.57,        1.28,
      837.09,        1.28,
      837.61,        1.30,
      838.08,        1.31,
      838.60,        1.29,
      839.12,        1.28,
      839.64,        1.25,
      840.16,        1.24,
      840.68,        1.22,
      841.16,        1.22,
      841.68,        1.26,
      842.20,        1.13,
      842.71,        1.05,
      843.27,        0.87,
      843.83,        0.61,
      844.31,        0.32,
      844.87,       -0.08,
      845.35,       -0.53,
      845.87,       -0.95,
      846.35,       -1.12,
      846.91,       -1.13,
      847.43,       -1.20,
      847.94,       -1.19,
      848.42,       -1.18,
      848.94,       -1.20,
      849.46,       -1.20,
      849.94,       -1.21,
      850.50,       -1.33,
      851.02,       -1.40,
      851.58,       -1.42,
      852.10,       -1.46,
      852.62,       -1.46,
      853.13,       -1.47,
      853.65,       -1.51,
      854.13,       -1.58,
      854.65,       -1.63,
      855.17,       -1.66,
      855.69,       -1.67,
      856.21,       -1.67,
      856.73,       -1.69,
      857.25,       -1.69,
      857.72,       -1.71,
      858.28,       -1.73,
      858.80,       -1.79,
      859.36,       -1.86,
      859.88,       -1.93,
      860.40,       -2.02,
      860.96,       -2.06,
      861.44,       -2.12,
      861.96,       -2.17,
      862.44,       -2.17,
      862.95,       -2.24,
      863.51,       -2.31,
      864.03,       -2.37,
      864.51,       -2.43,
      865.03,       -2.43,
      865.51,       -2.40,
      866.03,       -2.46,
      866.59,       -2.50,
      867.15,       -2.64,
      867.67,       -2.76,
      868.18,       -2.88,
      868.70,       -3.12,
      869.22,       -3.36,
      869.74,       -3.69,
      870.26,       -4.05,
      870.78,       -4.24,
      871.30,       -4.30,
      871.82,       -4.27,
      872.34,       -4.25,
      872.81,       -4.23,
      873.33,       -4.24,
      873.81,       -4.26,
      874.37,       -4.25,
      874.89,       -4.25,
      875.41,       -4.23,
      875.97,       -4.21,
      876.49,       -4.17,
      877.01,       -4.16,
      877.53,       -4.16,
      878.04,       -4.15,
      878.56,       -4.13,
      879.08,       -4.07,
      879.60,       -4.05,
      880.12,       -4.07,
      880.64,       -4.04,
      881.12,       -3.96,
      881.64,       -3.93,
      882.16,       -3.90,
      882.68,       -3.91,
      883.19,       -3.91,
      883.75,       -3.91,
      884.27,       -3.89,
      884.83,       -3.87,
      885.35,       -3.87,
      885.83,       -3.81,
      886.35,       -3.80,
      886.87,       -3.77,
      887.39,       -3.73,
      887.90,       -3.69,
      888.42,       -3.69,
      888.94,       -3.62,
      889.42,       -3.55,
      889.94,       -3.53,
      890.46,       -3.51,
      890.98,       -3.47,
      891.54,       -3.43,
      892.06,       -3.34,
      892.58,       -3.26,
      893.09,       -3.30,
      893.61,       -3.30,
      894.13,       -3.21,
      894.65,       -3.23,
      895.17,       -3.20,
      895.69,       -3.21,
      896.21,       -3.21,
      896.73,       -3.19,
      897.21,       -3.15,
      897.72,       -3.10,
      898.24,       -3.00,
      898.76,       -2.98,
      899.32,       -2.98,
      899.84,       -2.92,
      900.40,       -2.84,
      900.92,       -2.82,
      901.44,       -2.81,
      901.92,       -2.79,
      902.44,       -2.73,
      902.95,       -2.69,
      903.51,       -2.69,
      904.03,       -2.67,
      904.55,       -2.63,
      905.03,       -2.60,
      905.51,       -2.56,
      906.03,       -2.56,
      906.55,       -2.55,
      907.11,       -2.56,
      907.67,       -2.56,
      908.18,       -2.55,
      908.74,       -2.56,
      909.26,       -2.55,
      909.78,       -2.50,
      910.26,       -2.50,
      910.78,       -2.44,
      911.30,       -2.40,
      911.82,       -2.35,
      912.38,       -2.35,
      912.85,       -2.34,
      913.37,       -2.30,
      913.85,       -2.33,
      914.37,       -2.29,
      914.93,       -2.23,
      915.45,       -2.17,
      916.01,       -2.12,
      916.53,       -2.09,
      917.09,       -2.10,
      917.61,       -2.06,
      918.08,       -2.08,
      918.60,       -2.01,
      919.12,       -2.00,
      919.64,       -2.00,
      920.16,       -1.98,
      920.68,       -1.97,
      921.16,       -2.00,
      921.64,       -1.98,
      922.16,       -2.05,
      922.72,       -2.04,
      923.27,       -2.08,
      923.79,       -2.13,
      924.35,       -2.20,
      924.87,       -2.27,
      925.39,       -2.38,
      925.87,       -2.49,
      926.39,       -2.51,
      926.87,       -2.54,
      927.43,       -2.60,
      927.94,       -2.55,
      928.46,       -2.60,
      928.94,       -2.62,
      929.42,       -2.57,
      929.94,       -2.60,
      930.50,       -2.63,
      931.02,       -2.64,
      931.58,       -2.64,
      932.10,       -2.60,
      932.66,       -2.60,
      933.13,       -2.61,
      933.65,       -2.59,
      934.13,       -2.58,
      934.69,       -2.57,
      935.21,       -2.60,
      935.73,       -2.61,
      936.25,       -2.63,
      936.73,       -2.64,
      937.21,       -2.71,
      937.73,       -2.79,
      938.28,       -2.94,
      938.80,       -3.17,
      939.36,       -3.53,
      939.88,       -3.93,
      940.44,       -4.26,
      940.96,       -4.56,
      941.44,       -4.76,
      941.96,       -4.86,
      942.48,       -4.93,
      942.99,       -4.96,
      943.51,       -4.97,
      944.03,       -5.00,
      944.55,       -4.98,
      945.03,       -4.95,
      945.51,       -4.88,
      946.07,       -4.86,
      946.59,       -4.74,
      947.15,       -4.61,
      947.67,       -4.55,
      948.22,       -4.51,
      948.78,       -4.51,
      949.26,       -4.49,
      949.78,       -4.39,
      950.30,       -4.33,
      950.82,       -4.25,
      951.34,       -4.15,
      951.86,       -4.09,
      952.38,       -4.04,
      952.85,       -3.96,
      953.33,       -3.91,
      953.85,       -3.87,
      954.41,       -3.81,
      954.93,       -3.78,
      955.49,       -3.73,
      956.05,       -3.64,
      956.57,       -3.55,
      957.09,       -3.48,
      957.61,       -3.39,
      958.12,       -3.31,
      958.64,       -3.18,
      959.16,       -3.07,
      959.68,       -2.96,
      960.20,       -2.82,
      960.68,       -2.72,
      961.16,       -2.59,
      961.68,       -2.49,
      962.24,       -2.43,
      962.76,       -2.29,
      963.31,       -2.16,
      963.83,       -2.09,
      964.39,       -1.99,
      964.91,       -2.00,
      965.47,       -1.90,
      965.99,       -1.79,
      966.51,       -1.73,
      967.03,       -1.64,
      967.55,       -1.60,
      968.06,       -1.56,
      968.54,       -1.47,
      969.06,       -1.46,
      969.58,       -1.39,
      970.10,       -1.33,
      970.62,       -1.29,
      971.18,       -1.20,
      971.70,       -1.11,
      972.26,       -1.06,
      972.77,       -1.01,
      973.33,       -0.95,
      973.85,       -0.90,
      974.37,       -0.85,
      974.93,       -0.79,
      975.45,       -0.74,
      975.97,       -0.69,
      976.45,       -0.64,
      976.97,       -0.64,
      977.49,       -0.58,
      977.96,       -0.54,
      978.52,       -0.47,
      979.04,       -0.42,
      979.60,       -0.39,
      980.16,       -0.35,
      980.68,       -0.33,
      981.24,       -0.35,
      981.76,       -0.35,
      982.28,       -0.32,
      982.79,       -0.31,
      983.31,       -0.28,
      983.83,       -0.26,
      984.35,       -0.24,
      984.87,       -0.19,
      985.39,       -0.15,
      985.87,       -0.15,
      986.39,       -0.14,
      986.95,       -0.11,
      987.47,       -0.07,
      988.02,       -0.11,
      988.54,       -0.04,
      989.10,       -0.02,
      989.62,       -0.01,
      990.14,       -0.02,
      990.70,        0.00,
      991.22,        0.03,
      991.74,       -0.01,
      992.22,       -0.02,
      992.74,       -0.02,
      993.25,       -0.04,
      993.77,       -0.07,
      994.29,       -0.07,
      994.81,       -0.15,
      995.37,       -0.20,
      995.89,       -0.17,
      996.45,       -0.40,
      996.97,       -0.50,
      997.53,       -0.80,
      998.04,       -1.16,
      998.56,       -1.28,
      999.08,       -1.61,
      999.60,       -1.81,
     1000.08,       -1.95,
     1000.64,       -2.29,
     1001.12,       -2.38,
     1001.64,       -2.44,
     1002.16,       -2.60,
     1002.72,       -2.53,
     1003.23,       -2.60,
     1003.79,       -2.68,
     1004.31,       -2.62,
     1004.87,       -2.65,
     1005.39,       -2.70,
     1005.91,       -2.64,
     1006.43,       -2.65,
     1006.95,       -2.68,
     1007.47,       -2.69,
     1007.98,       -2.73,
     1008.50,       -2.75,
     1009.02,       -2.77,
     1009.50,       -2.82,
     1010.02,       -2.84,
     1010.54,       -2.81,
     1011.10,       -2.86,
     1011.66,       -2.91,
     1012.18,       -2.93,
     1012.74,       -2.93,
     1013.25,       -2.94,
     1013.77,       -2.99,
     1014.29,       -2.97,
     1014.81,       -2.99,
     1015.33,       -3.12,
     1015.85,       -3.19,
     1016.37,       -3.25,
     1016.89,       -3.26,
     1017.41,       -3.36,
     1017.88,       -3.49,
     1018.44,       -3.49,
     1018.96,       -3.51,
     1019.52,       -3.60,
     1020.04,       -3.69,
     1020.60,       -3.75,
     1021.12,       -3.82,
     1021.68,       -3.88,
     1022.20,       -3.98,
     1022.72,       -4.08,
     1023.23,       -4.10,
     1023.75,       -4.13,
     1024.27,       -4.12,
     1024.79,       -4.16,
     1025.27,       -4.34,
     1025.79,       -4.44,
     1026.31,       -4.46,
     1026.87,       -4.51,
     1027.39,       -4.52,
     1027.94,       -4.53,
     1028.46,       -4.59,
     1029.02,       -4.71,
     1029.54,       -4.78,
     1030.06,       -4.81,
     1030.58,       -4.85,
     1031.10,       -4.93,
     1031.62,       -4.94,
     1032.14,       -4.95,
     1032.66,       -5.02,
     1033.17,       -5.03,
     1033.65,       -5.00,
     1034.17,       -5.03,
     1034.73,       -5.08,
     1035.29,       -5.09,
     1035.81,       -5.12,
     1036.37,       -5.13,
     1036.89,       -5.13,
     1037.41,       -5.14,
     1037.96,       -5.13,
     1038.48,       -5.14,
     1038.96,       -5.17,
     1039.48,       -5.19,
     1040.00,       -5.10,
     1040.52,       -5.07,
     1041.04,       -5.06,
     1041.56,       -5.15,
     1042.08,       -5.14,
     1042.60,       -5.09,
     1043.11,       -5.08,
     1043.67,       -5.07,
     1044.19,       -5.07,
     1044.75,       -5.06,
     1045.31,       -5.05,
     1045.83,       -5.07,
     1046.35,       -5.09,
     1046.83,       -5.10,
     1047.35,       -5.13,
     1047.86,       -5.14,
     1048.38,       -5.15,
     1048.90,       -5.14,
     1049.42,       -5.13,
     1049.94,       -5.14,
     1050.46,       -5.13,
     1051.02,       -5.07,
     1051.54,       -5.08,
     1052.10,       -5.03,
     1052.62,       -4.98,
     1053.17,       -5.00,
     1053.69,       -5.01,
     1054.21,       -5.01,
     1054.73,       -5.03,
     1055.25,       -5.02,
     1055.77,       -5.00,
     1056.29,       -5.02,
     1056.77,       -5.04,
     1057.29,       -5.08,
     1057.80,       -5.09,
     1058.32,       -5.05,
     1058.88,       -5.01,
     1059.40,       -5.02,
     1059.96,       -5.02,
     1060.52,       -5.01,
     1061.04,       -5.00,
     1061.56,       -4.98,
     1062.12,       -4.93,
     1062.60,       -4.89,
     1063.11,       -4.87,
     1063.63,       -4.84,
     1064.15,       -4.79,
     1064.67,       -4.76,
     1065.19,       -4.74,
     1065.71,       -4.70,
     1066.23,       -4.68,
     1066.79,       -4.68,
     1067.31,       -4.66,
     1067.82,       -4.65,
     1068.38,       -4.64,
     1068.94,       -4.68,
     1069.46,       -4.71,
     1069.98,       -4.83,
     1070.46,       -4.89,
     1070.98,       -4.93,
     1071.54,       -5.02,
     1072.06,       -5.14,
     1072.58,       -5.20,
     1073.09,       -5.27,
     1073.57,       -5.31,
     1074.13,       -5.32,
     1074.65,       -5.31,
     1075.17,       -5.33,
     1075.73,       -5.31,
     1076.25,       -5.28,
     1076.81,       -5.26,
     1077.37,       -5.21,
     1077.84,       -5.20,
     1078.36,       -5.13,
     1078.88,       -5.07,
     1079.40,       -5.08,
     1079.92,       -5.02,
     1080.44,       -4.92,
     1080.96,       -4.87,
     1081.48,       -4.81,
     1082.00,       -4.77,
     1082.52,       -4.79,
     1083.03,       -4.70,
     1083.59,       -4.61,
     1084.11,       -4.54,
     1084.67,       -4.48,
     1085.23,       -4.39,
     1085.71,       -4.35,
     1086.23,       -4.26,
     1086.75,       -4.17,
     1087.27,       -4.09,
     1087.79,       -3.99,
     1088.30,       -3.91,
     1088.82,       -3.87,
     1089.34,       -3.78,
     1089.86,       -3.69,
     1090.38,       -3.63,
     1090.94,       -3.56,
     1091.46,       -3.47,
     1092.02,       -3.39,
     1092.54,       -3.30,
     1093.09,       -3.15,
     1093.61,       -3.17,
     1094.13,       -3.11,
     1094.65,       -3.07,
     1095.17,       -2.99,
     1095.69,       -2.90,
     1096.21,       -2.83,
     1096.73,       -2.78,
     1097.21,       -2.75,
     1097.73,       -2.69,
     1098.28,       -2.58,
     1098.80,       -2.56,
     1099.36,       -2.47,
     1099.88,       -2.43,
     1100.44,       -2.37,
     1100.96,       -2.28,
     1101.48,       -2.22,
     1102.00,       -2.19,
     1102.48,       -2.09,
     1103.03,       -2.04,
     1103.55,       -1.96,
     1104.07,       -1.88,
     1104.59,       -1.87,
     1105.11,       -1.82,
     1105.59,       -1.78,
     1106.15,       -1.75,
     1106.67,       -1.68,
     1107.19,       -1.68,
     1107.75,       -1.59,
     1108.26,       -1.55,
     1108.82,       -1.51,
     1109.34,       -1.50,
     1109.86,       -1.51,
     1110.38,       -1.57,
     1110.90,       -1.65,
     1111.42,       -1.91,
     1111.94,       -2.20,
     1112.46,       -2.59,
     1112.97,       -3.02,
     1113.49,       -3.39,
     1114.01,       -3.81,
     1114.53,       -4.19,
     1115.05,       -4.54,
     1115.61,       -4.97,
     1116.17,       -5.25,
     1116.69,       -5.31,
     1117.21,       -5.55,
     1117.73,       -5.62,
     1118.24,       -5.61,
     1118.76,       -5.62,
     1119.28,       -5.67,
     1119.80,       -5.67,
     1120.32,       -5.71,
     1120.84,       -5.83,
     1121.36,       -5.86,
     1121.88,       -6.02,
     1122.40,       -6.06,
     1122.95,       -6.00,
     1123.47,       -6.19,
     1124.03,       -6.36,
     1124.59,       -6.38,
     1125.11,       -6.49,
     1125.67,       -6.59,
     1126.19,       -6.53,
     1126.71,       -6.61,
     1127.23,       -6.70,
     1127.71,       -6.73,
     1128.22,       -6.77,
     1128.70,       -6.90,
     1129.22,       -6.93,
     1129.74,       -7.01,
     1130.26,       -7.10,
     1130.82,       -7.08,
     1131.34,       -7.07,
     1131.90,       -7.24,
     1132.46,       -7.33,
     1132.93,       -7.35,
     1133.45,       -7.36,
     1133.97,       -7.31,
     1134.49,       -7.23,
     1135.01,       -7.23,
     1135.53,       -7.26,
     1136.05,       -7.28,
     1136.53,       -7.28,
     1137.05,       -7.32,
     1137.53,       -7.40,
     1138.08,       -7.39,
     1138.64,       -7.31,
     1139.16,       -7.38,
     1139.72,       -7.35,
     1140.24,       -7.31,
     1140.76,       -7.34,
     1141.28,       -7.41,
     1141.76,       -7.42,
     1142.28,       -7.43,
     1142.80,       -7.40,
     1143.31,       -7.35,
     1143.83,       -7.30,
     1144.35,       -7.23,
     1144.83,       -7.17,
     1145.35,       -7.09,
     1145.87,       -6.97,
     1146.43,       -6.88,
     1146.95,       -6.84,
     1147.51,       -6.84,
     1148.02,       -6.84,
     1148.54,       -6.80,
     1149.06,       -6.79,
     1149.58,       -6.79,
     1150.06,       -6.71,
     1150.62,       -6.65,
     1151.14,       -6.59,
     1151.66,       -6.55,
     1152.18,       -6.53,
     1152.66,       -6.51,
     1153.17,       -6.49,
     1153.69,       -6.47,
     1154.21,       -6.40,
     1154.77,       -6.38,
     1155.29,       -6.31,
     1155.85,       -6.30,
     1156.37,       -6.25,
     1156.89,       -6.18,
     1157.41,       -6.14,
     1157.92,       -6.15,
     1158.44,       -6.15,
     1158.96,       -6.06,
     1159.48,       -6.14,
     1159.96,       -6.10,
     1160.48,       -6.08,
     1161.00,       -6.05,
     1161.48,       -5.97,
     1162.04,       -5.94,
     1162.56,       -5.92,
     1163.11,       -5.87,
     1163.63,       -5.81,
     1164.15,       -5.74,
     1164.71,       -5.68,
     1165.23,       -5.61,
     1165.75,       -5.54,
     1166.27,       -5.49,
     1166.75,       -5.45,
     1167.31,       -5.43,
     1167.79,       -5.39,
     1168.30,       -5.34,
     1168.82,       -5.30,
     1169.30,       -5.30,
     1169.86,       -5.26,
     1170.38,       -5.18,
     1170.94,       -5.15,
     1171.46,       -5.20,
     1171.98,       -5.22,
     1172.50,       -5.17,
     1173.05,       -5.13,
     1173.53,       -5.09,
     1174.05,       -5.02,
     1174.57,       -4.97,
     1175.09,       -4.91,
     1175.61,       -4.87,
     1176.13,       -4.84,
     1176.65,       -4.76,
     1177.13,       -4.71,
     1177.65,       -4.63,
     1178.20,       -4.57,
     1178.72,       -4.52,
     1179.28,       -4.46,
     1179.76,       -4.42,
     1180.32,       -4.35,
     1180.84,       -4.31,
     1181.36,       -4.29,
     1181.88,       -4.28,
     1182.40,       -4.21,
     1182.91,       -4.18,
     1183.43,       -4.16,
     1183.95,       -4.11,
     1184.47,       -4.08,
     1184.95,       -4.04,
     1185.47,       -4.01,
     1185.99,       -3.96,
     1186.55,       -3.89,
     1187.07,       -3.81,
     1187.59,       -3.74,
     1188.14,       -3.70,
     1188.66,       -3.67,
     1189.18,       -3.61,
     1189.66,       -3.58,
     1190.18,       -3.56,
     1190.70,       -3.51,
     1191.22,       -3.51,
     1191.74,       -3.45,
     1192.22,       -3.41,
     1192.70,       -3.32,
     1193.17,       -3.31,
     1193.69,       -3.27,
     1194.21,       -3.18,
     1194.73,       -3.17,
     1195.21,       -3.13,
     1195.69,       -3.10,
     1196.21,       -3.08,
     1196.69,       -3.10,
     1197.13,       -3.04,
     1197.57,       -3.00,
     1198.04,       -3.02,
     1198.48,       -2.96,
     1198.92,       -2.87,
     1199.36,       -2.91,
     1199.80,       -2.88,
     1200.20,       -2.87,
     1200.60,       -2.87,
     1201.04,       -2.82,
     1201.44,       -2.78,
     1201.88,       -2.73,
     1202.28,       -2.75,
     1202.72,       -2.76,
     1203.15,       -2.73,
     1203.55,       -2.72,
     1203.95,       -2.69,
     1204.31,       -2.61,
     1204.71,       -2.56,
     1205.07,       -2.52,
     1205.43,       -2.46,
     1205.83,       -2.42,
     1206.19,       -2.38,
     1206.55,       -2.34,
     1206.91,       -2.33,
     1207.23,       -2.29,
     1207.55,       -2.23,
     1207.90,       -2.22,
     1208.22,       -2.16,
     1208.54,       -2.14,
     1208.86,       -2.14,
     1209.18,       -2.25,
     1209.50,       -2.01,
     1209.78,       -2.00,
     1210.06,       -1.94,
     1210.30,       -1.92,
     1210.54,       -1.86,
     1210.74,       -1.84,
     1210.94,       -1.83,
     1211.14,       -1.77,
     1211.30,       -1.81,
     1211.42,       -1.84,
     1211.54,       -1.81,
     1211.66,       -1.84,
     1211.74,       -1.84,
     1211.82,       -1.81,
     1211.90,       -1.86,
     1211.94,       -1.86,
     1211.98,       -1.85,
     1212.02,       -1.85,
