       -0.00,       -0.65,
       -0.00,       -0.66,
       -0.00,       -0.68,
        0.04,       -0.68,
        0.08,       -0.68,
        0.12,       -0.68,
        0.20,       -0.67,
        0.24,       -0.68,
        0.28,       -0.68,
        0.36,       -0.68,
        0.40,       -0.68,
        0.48,       -0.68,
        0.56,       -0.65,
        0.64,       -0.63,
        0.72,       -0.63,
        0.80,       -0.63,
        0.88,       -0.63,
        1.00,       -0.64,
        1.08,       -0.59,
        1.16,       -0.59,
        1.28,       -0.58,
        1.36,       -0.55,
        1.48,       -0.55,
        1.56,       -0.57,
        1.68,       -0.59,
        1.76,       -0.59,
        1.88,       -0.59,
        1.96,       -0.59,
        2.08,       -0.59,
        2.20,       -0.60,
        2.31,       -0.65,
        2.39,       -0.65,
        2.51,       -0.71,
        2.63,       -0.71,
        2.79,       -0.71,
        2.91,       -0.70,
        3.03,       -0.72,
        3.19,       -0.72,
        3.35,       -0.73,
        3.47,       -0.73,
        3.63,       -0.72,
        3.79,       -0.68,
        3.95,       -0.68,
        4.11,       -0.68,
        4.27,       -0.73,
        4.43,       -0.78,
        4.63,       -0.78,
        4.79,       -0.77,
        4.95,       -0.83,
        5.15,       -0.87,
        5.31,       -0.93,
        5.51,       -0.98,
        5.67,       -1.01,
        5.87,       -1.03,
        6.03,       -1.04,
        6.23,       -1.09,
        6.43,       -1.14,
        6.63,       -1.17,
        6.83,       -1.17,
        7.03,       -1.16,
        7.23,       -1.17,
        7.46,       -1.16,
        7.70,       -1.17,
        7.94,       -1.18,
        8.18,       -1.19,
        8.42,       -1.20,
        8.66,       -1.20,
        8.90,       -1.17,
        9.14,       -1.13,
        9.38,       -1.13,
        9.62,       -1.09,
        9.86,       -1.08,
       10.10,       -1.07,
       10.34,       -1.07,
       10.58,       -1.07,
       10.82,       -1.07,
       11.10,       -1.10,
       11.34,       -1.10,
       11.58,       -1.08,
       11.86,       -1.10,
       12.10,       -1.11,
       12.37,       -1.08,
       12.65,       -1.07,
       12.89,       -1.03,
       13.13,       -1.02,
       13.41,       -1.00,
       13.69,       -0.98,
       13.93,       -0.98,
       14.21,       -0.98,
       14.49,       -0.95,
       14.73,       -0.94,
       15.01,       -0.93,
       15.29,       -0.90,
       15.57,       -0.89,
       15.85,       -0.87,
       16.17,       -0.86,
       16.49,       -0.83,
       16.77,       -0.84,
       17.09,       -0.81,
       17.36,       -0.78,
       17.68,       -0.76,
       17.96,       -0.73,
       18.24,       -0.71,
       18.56,       -0.69,
       18.84,       -0.66,
       19.16,       -0.63,
       19.48,       -0.61,
       19.76,       -0.58,
       20.08,       -0.56,
       20.40,       -0.54,
       20.72,       -0.50,
       21.04,       -0.49,
       21.32,       -0.46,
       21.64,       -0.43,
       21.96,       -0.37,
       22.28,       -0.33,
       22.59,       -0.34,
       22.91,       -0.32,
       23.23,       -0.32,
       23.51,       -0.30,
       23.87,       -0.26,
       24.23,       -0.23,
       24.59,       -0.20,
       24.95,       -0.16,
       25.31,       -0.11,
       25.67,       -0.09,
       25.99,       -0.05,
       26.31,       -0.02,
       26.67,       -0.03,
       27.03,        0.02,
       27.38,        0.01,
       27.74,        0.03,
       28.06,        0.07,
       28.46,        0.12,
       28.78,        0.21,
       29.14,        0.20,
       29.50,        0.21,
       29.86,        0.24,
       30.18,        0.24,
       30.54,        0.33,
       30.90,        0.34,
       31.26,        0.37,
       31.62,        0.40,
       32.02,        0.42,
       32.37,        0.47,
       32.77,        0.50,
       33.17,        0.54,
       33.53,        0.53,
       33.93,        0.56,
       34.25,        0.60,
       34.61,        0.63,
       35.01,        0.66,
       35.37,        0.70,
       35.77,        0.72,
       36.13,        0.75,
       36.53,        0.79,
       36.89,        0.81,
       37.28,        0.84,
       37.64,        0.89,
       38.00,        0.94,
       38.40,        0.93,
       38.76,        0.93,
       39.16,        0.94,
       39.52,        0.96,
       39.92,        1.00,
       40.32,        1.02,
       40.72,        1.03,
       41.16,        1.05,
       41.60,        1.09,
       41.96,        1.14,
       42.35,        1.19,
       42.75,        1.19,
       43.15,        1.21,
       43.55,        1.22,
       43.95,        1.21,
       44.35,        1.25,
       44.75,        1.26,
       45.15,        1.27,
       45.55,        1.23,
       45.95,        1.28,
       46.35,        1.32,
       46.75,        1.35,
       47.15,        1.38,
       47.54,        1.40,
       47.94,        1.40,
       48.38,        1.39,
       48.86,        1.41,
       49.30,        1.42,
       49.70,        1.46,
       50.14,        1.46,
       50.54,        1.49,
       50.94,        1.49,
       51.38,        1.52,
       51.78,        1.55,
       52.18,        1.56,
       52.61,        1.57,
       53.01,        1.57,
       53.45,        1.56,
       53.85,        1.56,
       54.25,        1.56,
       54.69,        1.56,
       55.09,        1.56,
       55.53,        1.56,
       55.97,        1.56,
       56.37,        1.56,
       56.85,        1.58,
       57.29,        1.59,
       57.72,        1.55,
       58.16,        1.51,
       58.56,        1.46,
       58.96,        1.39,
       59.40,        1.25,
       59.80,        1.00,
       60.28,        0.71,
       60.68,        0.42,
       61.12,        0.05,
       61.56,       -0.28,
       61.96,       -0.68,
       62.39,       -1.04,
       62.83,       -1.42,
       63.23,       -1.81,
       63.67,       -2.03,
       64.15,       -2.16,
       64.59,       -2.12,
       65.03,       -2.14,
       65.47,       -2.14,
       65.95,       -2.14,
       66.35,       -2.08,
       66.79,       -1.99,
       67.19,       -1.94,
       67.62,       -1.97,
       68.06,       -1.99,
       68.54,       -2.02,
       68.98,       -1.99,
       69.42,       -1.98,
       69.86,       -1.99,
       70.26,       -1.99,
       70.70,       -1.95,
       71.14,       -1.95,
       71.58,       -1.96,
       72.02,       -2.02,
       72.49,       -2.00,
       72.93,       -1.98,
       73.41,       -1.95,
       73.89,       -1.98,
       74.33,       -1.97,
       74.77,       -1.89,
       75.21,       -1.86,
       75.65,       -1.90,
       76.13,       -1.95,
       76.57,       -1.98,
       77.05,       -1.98,
       77.48,       -1.97,
       77.92,       -1.93,
       78.32,       -1.91,
       78.76,       -1.90,
       79.24,       -1.89,
       79.68,       -1.91,
       80.16,       -1.85,
       80.64,       -1.84,
       81.12,       -1.86,
       81.60,       -1.87,
       82.08,       -1.87,
       82.51,       -1.86,
       82.99,       -1.83,
       83.43,       -1.86,
       83.95,       -1.88,
       84.39,       -1.88,
       84.87,       -1.86,
       85.31,       -1.84,
       85.75,       -1.79,
       86.23,       -1.78,
       86.67,       -1.78,
       87.15,       -1.77,
       87.58,       -1.74,
       88.10,       -1.74,
       88.58,       -1.76,
       89.06,       -1.73,
       89.54,       -1.71,
       90.02,       -1.69,
       90.46,       -1.71,
       90.90,       -1.67,
       91.38,       -1.66,
       91.82,       -1.66,
       92.26,       -1.64,
       92.73,       -1.64,
       93.21,       -1.62,
       93.65,       -1.58,
       94.09,       -1.59,
       94.57,       -1.64,
       95.01,       -1.63,
       95.49,       -1.63,
       95.93,       -1.61,
       96.41,       -1.56,
       96.89,       -1.55,
       97.36,       -1.54,
       97.88,       -1.55,
       98.32,       -1.54,
       98.76,       -1.55,
       99.20,       -1.56,
       99.68,       -1.52,
      100.16,       -1.46,
      100.64,       -1.49,
      101.12,       -1.40,
      101.56,       -1.51,
      102.04,       -1.49,
      102.47,       -1.44,
      102.95,       -1.46,
      103.43,       -1.39,
      103.91,       -1.38,
      104.35,       -1.38,
      104.87,       -1.38,
      105.39,       -1.39,
      105.87,       -1.33,
      106.31,       -1.33,
      106.79,       -1.32,
      107.27,       -1.31,
      107.70,       -1.32,
      108.22,       -1.28,
      108.70,       -1.24,
      109.18,       -1.20,
      109.62,       -1.20,
      110.10,       -1.20,
      110.54,       -1.20,
      111.02,       -1.19,
      111.50,       -1.09,
      112.02,       -1.10,
      112.53,       -1.07,
      112.97,       -1.04,
      113.49,       -1.04,
      113.97,       -1.03,
      114.45,       -0.98,
      114.93,       -0.94,
      115.41,       -0.94,
      115.89,       -0.93,
      116.37,       -0.94,
      116.85,       -0.91,
      117.32,       -0.88,
      117.80,       -0.87,
      118.28,       -0.85,
      118.76,       -0.83,
      119.24,       -0.85,
      119.72,       -0.85,
      120.20,       -0.83,
      120.68,       -0.85,
      121.20,       -0.85,
      121.68,       -0.88,
      122.20,       -0.85,
      122.67,       -0.82,
      123.15,       -0.78,
      123.63,       -0.81,
      124.15,       -0.80,
      124.63,       -0.77,
      125.15,       -0.75,
      125.63,       -0.76,
      126.11,       -0.76,
      126.59,       -0.67,
      127.07,       -0.68,
      127.50,       -0.64,
      127.98,       -0.63,
      128.50,       -0.64,
      129.02,       -0.58,
      129.50,       -0.58,
      130.02,       -0.56,
      130.50,       -0.51,
      130.98,       -0.49,
      131.46,       -0.43,
      131.94,       -0.39,
      132.45,       -0.37,
      132.93,       -0.30,
      133.45,       -0.28,
      133.93,       -0.28,
      134.41,       -0.25,
      134.85,       -0.20,
      135.33,       -0.20,
      135.81,       -0.15,
      136.33,       -0.15,
      136.89,       -0.10,
      137.36,       -0.09,
      137.88,       -0.15,
      138.40,       -0.11,
      138.88,       -0.11,
      139.36,       -0.06,
      139.84,       -0.05,
      140.40,       -0.09,
      140.88,       -0.04,
      141.40,       -0.02,
      141.88,       -0.03,
      142.32,       -0.02,
      142.79,       -0.02,
      143.27,       -0.02,
      143.75,        0.01,
      144.27,        0.02,
      144.79,        0.02,
      145.27,        0.02,
      145.79,       -0.02,
      146.31,       -0.01,
      146.79,       -0.00,
      147.27,        0.02,
      147.74,        0.02,
      148.26,        0.00,
      148.74,        0.01,
      149.26,        0.02,
      149.74,        0.02,
      150.22,        0.02,
      150.70,        0.01,
      151.18,        0.07,
      151.70,        0.07,
      152.18,        0.11,
      152.69,        0.15,
      153.21,        0.15,
      153.73,        0.15,
      154.21,        0.15,
      154.73,        0.14,
      155.21,        0.18,
      155.69,        0.15,
      156.21,        0.18,
      156.69,        0.20,
      157.21,        0.19,
      157.68,        0.18,
      158.16,        0.17,
      158.64,        0.14,
      159.16,        0.13,
      159.64,        0.11,
      160.16,        0.11,
      160.68,        0.15,
      161.20,        0.14,
      161.72,        0.20,
      162.24,        0.20,
      162.71,        0.27,
      163.19,        0.33,
      163.71,        0.28,
      164.19,        0.30,
      164.67,        0.34,
      165.19,        0.39,
      165.67,        0.46,
      166.15,        0.49,
      166.67,        0.55,
      167.15,        0.63,
      167.62,        0.59,
      168.14,        0.63,
      168.66,        0.64,
      169.18,        0.68,
      169.70,        0.77,
      170.22,        0.76,
      170.70,        0.76,
      171.22,        0.81,
      171.70,        0.83,
      172.18,        0.85,
      172.69,        0.92,
      173.17,        0.94,
      173.69,        0.98,
      174.17,        1.00,
      174.65,        1.02,
      175.17,        0.99,
      175.65,        0.96,
      176.17,        0.94,
      176.69,        0.89,
      177.21,        0.85,
      177.72,        0.82,
      178.24,        0.81,
      178.76,        0.77,
      179.24,        0.72,
      179.72,        0.67,
      180.20,        0.57,
      180.72,        0.36,
      181.24,        0.16,
      181.76,        0.01,
      182.24,       -0.07,
      182.71,       -0.11,
      183.23,       -0.14,
      183.71,       -0.16,
      184.23,       -0.20,
      184.75,       -0.21,
      185.27,       -0.27,
      185.79,       -0.31,
      186.31,       -0.31,
      186.83,       -0.34,
      187.27,       -0.37,
      187.78,       -0.40,
      188.26,       -0.50,
      188.78,       -0.56,
      189.30,       -0.55,
      189.78,       -0.63,
      190.26,       -0.70,
      190.78,       -0.73,
      191.26,       -0.81,
      191.78,       -0.89,
      192.30,       -0.94,
      192.85,       -1.01,
      193.37,       -1.08,
      193.89,       -1.16,
      194.37,       -1.31,
      194.85,       -1.46,
      195.37,       -1.52,
      195.85,       -1.60,
      196.37,       -1.59,
      196.89,       -1.59,
      197.40,       -1.59,
      197.88,       -1.59,
      198.36,       -1.60,
      198.88,       -1.57,
      199.36,       -1.54,
      199.88,       -1.52,
      200.40,       -1.51,
      200.92,       -1.53,
      201.44,       -1.55,
      202.00,       -1.54,
      202.43,       -1.47,
      202.95,       -1.46,
      203.43,       -1.42,
      203.95,       -1.40,
      204.47,       -1.38,
      204.99,       -1.42,
      205.51,       -1.42,
      205.99,       -1.40,
      206.47,       -1.34,
      206.99,       -1.30,
      207.46,       -1.36,
      207.98,       -1.35,
      208.54,       -1.35,
      209.06,       -1.33,
      209.58,       -1.32,
      210.06,       -1.31,
      210.58,       -1.29,
      211.06,       -1.27,
      211.58,       -1.30,
      212.10,       -1.31,
      212.61,       -1.25,
      213.09,       -1.27,
      213.61,       -1.22,
      214.09,       -1.22,
      214.61,       -1.22,
      215.13,       -1.25,
      215.61,       -1.25,
      216.17,       -1.25,
      216.69,       -1.21,
      217.17,       -1.14,
      217.68,       -1.11,
      218.20,       -1.13,
      218.72,       -1.10,
      219.20,       -1.07,
      219.72,       -1.06,
      220.24,       -1.07,
      220.76,       -1.06,
      221.28,       -0.98,
      221.76,       -1.00,
      222.24,       -0.97,
      222.75,       -0.90,
      223.27,       -0.86,
      223.79,       -0.86,
      224.31,       -0.85,
      224.83,       -0.83,
      225.35,       -0.84,
      225.87,       -0.85,
      226.39,       -0.86,
      226.87,       -0.87,
      227.38,       -0.85,
      227.86,       -0.79,
      228.38,       -0.79,
      228.94,       -0.76,
      229.42,       -0.77,
      229.94,       -0.71,
      230.42,       -0.66,
      230.94,       -0.66,
      231.42,       -0.66,
      231.98,       -0.62,
      232.45,       -0.59,
      233.01,       -0.59,
      233.53,       -0.55,
      234.05,       -0.53,
      234.57,       -0.52,
      235.05,       -0.49,
      235.57,       -0.48,
      236.09,       -0.48,
      236.61,       -0.48,
      237.13,       -0.48,
      237.60,       -0.48,
      238.12,       -0.47,
      238.60,       -0.45,
      239.12,       -0.41,
      239.60,       -0.41,
      240.12,       -0.42,
      240.68,       -0.39,
      241.20,       -0.33,
      241.72,       -0.29,
      242.24,       -0.28,
      242.75,       -0.24,
      243.23,       -0.22,
      243.75,       -0.20,
      244.27,       -0.20,
      244.79,       -0.20,
      245.31,       -0.20,
      245.83,       -0.18,
      246.31,       -0.14,
      246.83,       -0.10,
      247.31,       -0.05,
      247.82,       -0.02,
      248.34,        0.04,
      248.86,        0.07,
      249.42,        0.07,
      249.94,        0.15,
      250.46,        0.15,
      250.94,        0.17,
      251.46,        0.22,
      251.98,        0.20,
      252.49,        0.20,
      253.01,        0.21,
      253.53,        0.24,
      254.01,        0.27,
      254.53,        0.27,
      255.01,        0.29,
      255.49,        0.29,
      256.05,        0.30,
      256.57,        0.33,
      257.09,        0.34,
      257.64,        0.34,
      258.16,        0.33,
      258.68,        0.34,
      259.16,        0.35,
      259.68,        0.31,
      260.20,        0.29,
      260.72,        0.35,
      261.24,        0.36,
      261.72,        0.35,
      262.24,        0.37,
      262.71,        0.40,
      263.19,        0.40,
      263.71,        0.43,
      264.23,        0.45,
      264.79,        0.43,
      265.35,        0.48,
      265.87,        0.46,
      266.39,        0.49,
      266.91,        0.50,
      267.39,        0.45,
      267.90,        0.34,
      268.42,        0.09,
      268.94,       -0.26,
      269.46,       -0.59,
      269.94,       -0.96,
      270.46,       -1.35,
      270.94,       -1.66,
      271.42,       -1.74,
      271.98,       -1.67,
      272.49,       -1.68,
      273.05,       -1.71,
      273.57,       -1.69,
      274.09,       -1.73,
      274.61,       -1.72,
      275.13,       -1.69,
      275.61,       -1.68,
      276.13,       -1.64,
      276.65,       -1.66,
      277.17,       -1.68,
      277.68,       -1.66,
      278.20,       -1.65,
      278.64,       -1.61,
      279.16,       -1.56,
      279.68,       -1.56,
      280.20,       -1.59,
      280.76,       -1.54,
      281.32,       -1.51,
      281.84,       -1.52,
      282.36,       -1.51,
      282.87,       -1.51,
      283.35,       -1.50,
      283.87,       -1.47,
      284.39,       -1.50,
      284.95,       -1.48,
      285.47,       -1.47,
      285.95,       -1.49,
      286.43,       -1.46,
      286.95,       -1.40,
      287.42,       -1.37,
      287.98,       -1.37,
      288.54,       -1.38,
      289.06,       -1.34,
      289.58,       -1.34,
      290.14,       -1.39,
      290.66,       -1.39,
      291.14,       -1.42,
      291.66,       -1.42,
      292.18,       -1.42,
      292.69,       -1.37,
      293.21,       -1.40,
      293.73,       -1.42,
      294.21,       -1.41,
      294.69,       -1.38,
      295.21,       -1.38,
      295.77,       -1.45,
      296.33,       -1.46,
      296.85,       -1.43,
      297.41,       -1.41,
      297.92,       -1.39,
      298.44,       -1.38,
      298.96,       -1.40,
      299.44,       -1.42,
      299.96,       -1.39,
      300.48,       -1.42,
      301.04,       -1.41,
      301.56,       -1.34,
      302.04,       -1.32,
      302.51,       -1.35,
      303.03,       -1.31,
      303.51,       -1.29,
      304.07,       -1.30,
      304.63,       -1.31,
      305.15,       -1.33,
      305.71,       -1.32,
      306.23,       -1.33,
      306.75,       -1.29,
      307.23,       -1.25,
      307.74,       -1.26,
      308.26,       -1.27,
      308.78,       -1.26,
      309.30,       -1.28,
      309.82,       -1.24,
      310.30,       -1.24,
      310.82,       -1.22,
      311.30,       -1.20,
      311.86,       -1.17,
      312.38,       -1.13,
      312.93,       -1.13,
      313.45,       -1.09,
      314.01,       -1.10,
      314.53,       -1.09,
      315.05,       -1.07,
      315.53,       -1.07,
      316.05,       -1.07,
      316.57,       -1.06,
      317.09,       -1.03,
      317.60,       -1.03,
      318.12,       -1.01,
      318.60,       -0.98,
      319.08,       -0.98,
      319.64,       -0.98,
      320.16,       -0.98,
      320.72,       -0.98,
      321.24,       -0.97,
      321.80,       -0.97,
      322.32,       -0.97,
      322.83,       -0.94,
      323.35,       -0.89,
      323.87,       -0.86,
      324.39,       -0.81,
      324.87,       -0.78,
      325.43,       -0.77,
      325.91,       -0.76,
      326.43,       -0.72,
      326.91,       -0.69,
      327.43,       -0.68,
      327.98,       -0.64,
      328.50,       -0.63,
      329.06,       -0.63,
      329.58,       -0.63,
      330.14,       -0.60,
      330.66,       -0.59,
      331.26,       -0.57,
      331.74,       -0.56,
      332.26,       -0.53,
      332.77,       -0.50,
      333.29,       -0.49,
      333.77,       -0.46,
      334.29,       -0.44,
      334.81,       -0.45,
      335.33,       -0.41,
      335.85,       -0.37,
      336.37,       -0.33,
      336.89,       -0.32,
      337.44,       -0.28,
      338.00,       -0.30,
      338.52,       -0.28,
      339.08,       -0.27,
      339.56,       -0.24,
      340.08,       -0.18,
      340.60,       -0.14,
      341.12,       -0.10,
      341.64,       -0.07,
      342.12,       -0.03,
      342.63,       -0.03,
      343.15,        0.02,
      343.63,        0.06,
      344.19,        0.09,
      344.75,        0.11,
      345.31,        0.15,
      345.83,        0.18,
      346.39,        0.21,
      346.91,        0.24,
      347.46,        0.28,
      347.98,        0.32,
      348.46,        0.33,
      348.98,        0.37,
      349.50,        0.37,
      350.02,        0.36,
      350.54,        0.36,
      351.02,        0.42,
      351.54,        0.40,
      352.06,        0.43,
      352.61,        0.47,
      353.13,        0.48,
      353.69,        0.50,
      354.21,        0.45,
      354.77,        0.37,
      355.29,        0.29,
      355.81,        0.24,
      356.33,        0.11,
      356.85,        0.04,
      357.37,        0.04,
      357.88,       -0.01,
      358.36,       -0.01,
      358.88,       -0.02,
      359.36,       -0.02,
      359.92,       -0.01,
      360.44,        0.05,
      361.00,        0.08,
      361.52,        0.08,
      362.08,        0.07,
      362.59,        0.10,
      363.11,        0.11,
      363.63,        0.13,
      364.15,        0.19,
      364.63,        0.24,
      365.15,        0.24,
      365.67,        0.24,
      366.19,        0.24,
      366.71,        0.29,
      367.23,        0.32,
      367.70,        0.32,
      368.26,        0.32,
      368.78,        0.37,
      369.34,        0.42,
      369.86,        0.43,
      370.42,        0.50,
      370.94,        0.54,
      371.46,        0.56,
      371.94,        0.62,
      372.45,        0.59,
      372.97,        0.60,
      373.49,        0.62,
      374.01,        0.60,
      374.53,        0.57,
      375.01,        0.56,
      375.53,        0.55,
      376.05,        0.58,
      376.61,        0.59,
      377.17,        0.59,
      377.68,        0.61,
      378.20,        0.63,
      378.76,        0.70,
      379.28,        0.72,
      379.76,        0.75,
      380.28,        0.79,
      380.80,        0.83,
      381.32,        0.85,
      381.84,        0.93,
      382.36,        1.00,
      382.83,        1.03,
      383.35,        1.09,
      383.87,        1.12,
      384.43,        1.15,
      384.95,        1.16,
      385.47,        1.15,
      386.03,        1.13,
      386.55,        1.11,
      387.07,        0.87,
      387.54,        0.60,
      388.06,        0.28,
      388.58,       -0.15,
      389.10,       -0.46,
      389.62,       -0.87,
      390.14,       -1.02,
      390.62,       -1.17,
      391.14,       -1.46,
      391.66,       -1.56,
      392.22,       -1.60,
      392.73,       -1.61,
      393.29,       -1.58,
      393.81,       -1.59,
      394.37,       -1.61,
      394.85,       -1.59,
      395.33,       -1.60,
      395.85,       -1.61,
      396.37,       -1.58,
      396.89,       -1.64,
      397.45,       -1.59,
      397.92,       -1.60,
      398.44,       -1.63,
      398.92,       -1.64,
      399.44,       -1.65,
      400.00,       -1.59,
      400.52,       -1.61,
      401.08,       -1.56,
      401.60,       -1.54,
      402.16,       -1.53,
      402.67,       -1.55,
      403.11,       -1.53,
      403.63,       -1.52,
      404.15,       -1.55,
      404.67,       -1.55,
      405.23,       -1.53,
      405.75,       -1.50,
      406.23,       -1.51,
      406.71,       -1.51,
      407.23,       -1.49,
      407.78,       -1.51,
      408.30,       -1.54,
      408.86,       -1.51,
      409.38,       -1.48,
      409.94,       -1.47,
      410.46,       -1.49,
      410.94,       -1.51,
      411.46,       -1.51,
      411.98,       -1.56,
      412.49,       -1.57,
      413.01,       -1.51,
      413.53,       -1.55,
      414.05,       -1.51,
      414.53,       -1.47,
      415.05,       -1.51,
      415.57,       -1.45,
      416.13,       -1.42,
      416.69,       -1.42,
      417.25,       -1.46,
      417.76,       -1.42,
      418.32,       -1.39,
      418.84,       -1.34,
      419.36,       -1.31,
      419.84,       -1.30,
      420.36,       -1.30,
      420.92,       -1.27,
      421.44,       -1.23,
      421.96,       -1.18,
      422.44,       -1.19,
      422.95,       -1.16,
      423.47,       -1.16,
      423.99,       -1.15,
      424.55,       -1.11,
      425.07,       -1.09,
      425.63,       -1.07,
      426.15,       -1.08,
      426.67,       -1.07,
      427.19,       -1.00,
      427.70,       -0.98,
      428.22,       -1.00,
      428.74,       -0.99,
      429.30,       -0.99,
      429.78,       -0.96,
      430.30,       -0.94,
      430.82,       -0.90,
      431.30,       -0.84,
      431.86,       -0.92,
      432.38,       -0.86,
      432.93,       -0.81,
      433.45,       -0.83,
      433.97,       -0.77,
      434.53,       -0.76,
      435.05,       -0.74,
      435.57,       -0.68,
      436.09,       -0.71,
      436.61,       -0.65,
      437.13,       -0.60,
      437.64,       -0.61,
      438.16,       -0.51,
      438.64,       -0.42,
      439.16,       -0.40,
      439.68,       -0.37,
      440.20,       -0.30,
      440.76,       -0.27,
      441.32,       -0.24,
      441.80,       -0.24,
      442.36,       -0.19,
      442.87,       -0.19,
      443.35,       -0.17,
      443.87,       -0.13,
      444.39,       -0.11,
      444.95,       -0.04,
      445.43,       -0.02,
      445.95,       -0.00,
      446.47,        0.07,
      446.95,        0.04,
      447.47,        0.09,
      448.02,        0.12,
      448.54,        0.13,
      449.10,        0.04,
      449.62,        0.06,
      450.14,        0.05,
      450.66,        0.04,
      451.18,        0.09,
      451.66,        0.15,
      452.18,        0.15,
      452.73,        0.15,
      453.25,        0.15,
      453.77,        0.22,
      454.25,        0.28,
      454.73,        0.28,
      455.25,        0.28,
      455.81,        0.26,
      456.33,        0.27,
      456.89,        0.30,
      457.41,        0.31,
      457.92,        0.30,
      458.44,        0.36,
      458.96,        0.42,
      459.44,        0.40,
      459.96,        0.41,
      460.52,        0.44,
      461.04,        0.51,
      461.56,        0.52,
      462.08,        0.54,
      462.55,        0.48,
      463.07,        0.45,
      463.59,        0.47,
      464.15,        0.46,
      464.67,        0.47,
      465.19,        0.41,
      465.75,        0.32,
      466.27,        0.23,
      466.79,        0.20,
      467.27,        0.25,
      467.82,        0.31,
      468.34,        0.33,
      468.86,        0.33,
      469.38,        0.37,
      469.90,        0.39,
      470.38,        0.44,
      470.86,        0.46,
      471.42,        0.50,
      471.94,        0.49,
      472.50,        0.51,
      473.01,        0.53,
      473.53,        0.58,
      474.09,        0.67,
      474.61,        0.72,
      475.09,        0.72,
      475.61,        0.76,
      476.13,        0.76,
      476.65,        0.82,
      477.21,        0.87,
      477.68,        0.89,
      478.20,        0.96,
      478.68,        0.99,
      479.20,        0.99,
      479.76,        1.05,
      480.28,        1.11,
      480.80,        1.47,
      481.36,        1.19,
      481.88,        1.19,
      482.44,        1.17,
      482.91,        1.20,
      483.43,        1.22,
      483.95,        1.23,
      484.47,        1.27,
      484.99,        1.33,
      485.51,        1.39,
      486.03,        1.38,
      486.55,        1.40,
      487.03,        1.39,
      487.58,        1.41,
      488.14,        1.37,
      488.66,        1.33,
      489.22,        1.33,
      489.78,        1.29,
      490.30,        1.29,
      490.82,        1.29,
      491.34,        1.26,
      491.86,        1.29,
      492.38,        1.19,
      492.89,        1.21,
      493.41,        1.15,
      493.93,        1.02,
      494.45,        0.92,
      494.93,        0.63,
      495.45,        0.47,
      495.97,        0.34,
      496.53,        0.26,
      497.05,        0.31,
      497.60,        0.26,
      498.12,        0.25,
      498.64,        0.31,
      499.16,        0.33,
      499.64,        0.37,
      500.24,        0.24,
      500.76,        0.25,
      501.28,        0.21,
      501.80,        0.15,
      502.32,        0.18,
      502.79,        0.16,
      503.31,        0.11,
      503.83,        0.13,
      504.35,        0.06,
      504.91,        0.07,
      505.47,        0.05,
      505.99,       -0.02,
      506.51,       -0.01,
      507.03,       -0.07,
      507.54,       -0.13,
      508.06,       -0.15,
      508.58,       -0.31,
      509.10,       -0.26,
      509.62,       -0.38,
      510.14,       -0.50,
      510.66,       -0.55,
      511.14,       -0.90,
      511.70,       -1.18,
      512.18,       -1.38,
      512.73,       -1.78,
      513.29,       -1.98,
      513.81,       -2.31,
      514.37,       -2.73,
      514.89,       -3.02,
      515.41,       -3.16,
      515.93,       -3.15,
      516.45,       -3.09,
      516.97,       -3.08,
      517.49,       -3.06,
      518.00,       -2.99,
      518.48,       -3.00,
      519.00,       -2.99,
      519.52,       -2.99,
      520.04,       -2.99,
      520.56,       -2.93,
      521.12,       -2.92,
      521.64,       -2.91,
      522.20,       -2.86,
      522.71,       -2.82,
      523.23,       -2.76,
      523.75,       -2.74,
      524.27,       -2.73,
      524.79,       -2.72,
      525.31,       -2.73,
      525.79,       -2.77,
      526.27,       -2.69,
      526.79,       -2.64,
      527.27,       -2.60,
      527.82,       -2.55,
      528.34,       -2.52,
      528.90,       -2.52,
      529.42,       -2.51,
      529.98,       -2.48,
      530.54,       -2.51,
      531.06,       -2.47,
      531.58,       -2.43,
      532.10,       -2.42,
      532.61,       -2.38,
      533.13,       -2.35,
      533.65,       -2.29,
      534.17,       -2.24,
      534.69,       -2.21,
      535.17,       -2.23,
      535.73,       -2.22,
      536.29,       -2.27,
      536.81,       -2.24,
      537.37,       -2.17,
      537.88,       -2.14,
      538.44,       -2.15,
      538.96,       -2.15,
      539.52,       -2.16,
      540.04,       -2.15,
      540.56,       -2.10,
      541.08,       -2.04,
      541.60,       -2.02,
      542.12,       -2.02,
      542.59,       -1.99,
      543.07,       -1.98,
      543.59,       -1.97,
      544.15,       -1.94,
      544.67,       -1.93,
      545.23,       -1.91,
      545.75,       -1.86,
      546.31,       -1.84,
      546.87,       -1.80,
      547.39,       -1.75,
      547.90,       -1.69,
      548.42,       -1.66,
      548.94,       -1.64,
      549.46,       -1.61,
      549.98,       -1.56,
      550.46,       -1.55,
      550.94,       -1.51,
      551.46,       -1.46,
      552.02,       -1.38,
      552.54,       -1.35,
      553.09,       -1.37,
      553.65,       -1.36,
      554.17,       -1.38,
      554.73,       -1.33,
      555.25,       -1.34,
      555.77,       -1.31,
      556.29,       -1.27,
      556.81,       -1.25,
      557.33,       -1.21,
      557.84,       -1.23,
      558.32,       -1.23,
      558.84,       -1.24,
      559.32,       -1.24,
      559.88,       -1.23,
      560.40,       -1.21,
      560.96,       -1.16,
      561.48,       -1.12,
      562.04,       -1.15,
      562.55,       -1.16,
      563.07,       -1.17,
      563.59,       -1.18,
      564.11,       -1.19,
      564.63,       -1.20,
      565.15,       -1.20,
      565.67,       -1.18,
      566.19,       -1.17,
      566.67,       -1.20,
      567.15,       -1.16,
      567.70,       -1.15,
      568.22,       -1.16,
      568.78,       -1.17,
      569.30,       -1.17,
      569.86,       -1.12,
      570.38,       -1.10,
      570.90,       -1.11,
      571.38,       -1.07,
      571.90,       -0.98,
      572.42,       -0.97,
      572.93,       -0.98,
      573.45,       -0.99,
      573.97,       -0.98,
      574.45,       -0.98,
      574.93,       -0.96,
      575.49,       -0.91,
      576.01,       -0.90,
      576.57,       -0.90,
      577.09,       -0.88,
      577.64,       -0.86,
      578.16,       -0.83,
      578.68,       -0.79,
      579.16,       -0.81,
      579.68,       -0.76,
      580.20,       -0.73,
      580.76,       -0.73,
      581.32,       -0.73,
      581.80,       -0.64,
      582.28,       -0.61,
      582.79,       -0.64,
      583.27,       -0.56,
      583.83,       -0.54,
      584.39,       -0.57,
      584.99,       -0.55,
      585.51,       -0.55,
      586.07,       -0.51,
      586.59,       -0.51,
      587.07,       -0.48,
      587.58,       -0.42,
      588.10,       -0.42,
      588.62,       -0.40,
      589.14,       -0.37,
      589.66,       -0.35,
      590.14,       -0.34,
      590.62,       -0.33,
      591.14,       -0.30,
      591.66,       -0.28,
      592.22,       -0.28,
      592.73,       -0.24,
      593.29,        0.44,
      593.85,       -0.15,
      594.37,       -0.15,
      594.85,       -0.15,
      595.37,       -0.15,
      595.89,       -0.10,
      596.41,       -0.07,
      596.93,       -0.06,
      597.45,       -0.05,
      597.92,       -0.05,
      598.44,       -0.09,
      598.92,       -0.10,
      599.48,       -0.10,
      600.00,       -0.09,
      600.56,       -0.15,
      601.16,       -0.20,
      601.68,       -0.15,
      602.24,       -0.20,
      602.71,       -0.20,
      603.23,       -0.21,
      603.75,       -0.21,
      604.27,       -0.19,
      604.79,       -0.18,
      605.31,       -0.15,
      605.79,       -0.15,
      606.31,       -0.11,
      606.83,       -0.17,
      607.35,       -0.15,
      607.86,       -0.11,
      608.42,       -0.12,
      608.94,       -0.10,
      609.50,       -0.09,
      610.02,       -0.07,
      610.58,       -0.04,
      611.06,       -0.02,
      611.58,       -0.04,
      612.10,       -0.01,
      612.61,       -0.00,
      613.13,        0.02,
      613.61,        0.02,
      614.13,       -0.07,
      614.65,       -0.11,
      615.13,       -0.13,
      615.69,       -0.11,
      616.21,       -0.07,
      616.77,       -0.05,
      617.29,       -0.03,
      617.84,       -0.02,
      618.36,        0.02,
      618.88,        0.01,
      619.36,       -0.04,
      619.88,       -0.05,
      620.40,        0.01,
      620.92,        0.06,
      621.44,        0.08,
      621.96,        0.12,
      622.44,        0.15,
      622.95,        0.17,
      623.47,        0.20,
      623.99,        0.25,
      624.55,        0.32,
      625.11,        0.35,
      625.63,        0.34,
      626.19,        0.35,
      626.71,        0.42,
      627.19,        0.45,
      627.70,        0.46,
      628.22,        0.51,
      628.74,        0.55,
      629.26,        0.53,
      629.78,        0.54,
      630.26,        0.56,
      630.78,        0.57,
      631.26,        0.60,
      631.82,        0.63,
      632.34,        0.69,
      632.89,        0.69,
      633.45,        0.69,
      633.97,        0.71,
      634.53,        0.68,
      635.05,        0.70,
      635.57,        0.55,
      636.05,        0.26,
      636.61,        0.05,
      637.09,       -0.34,
      637.60,       -0.68,
      638.12,       -1.02,
      638.60,       -1.40,
      639.12,       -1.65,
      639.64,       -2.03,
      640.20,       -2.37,
      640.76,       -2.54,
      641.28,       -2.61,
      641.84,       -2.64,
      642.36,       -2.66,
      642.87,       -2.67,
      643.39,       -2.64,
      643.91,       -2.57,
      644.43,       -2.48,
      644.91,       -2.43,
      645.43,       -2.28,
      645.95,       -2.15,
      646.47,       -1.95,
      646.95,       -1.77,
      647.47,       -1.67,
      648.02,       -1.68,
      648.58,       -1.77,
      649.10,       -1.77,
      649.70,       -1.90,
      650.22,       -1.94,
      650.78,       -1.97,
      651.30,       -2.08,
      651.82,       -2.09,
      652.30,       -2.16,
      652.81,       -2.29,
      653.33,       -2.28,
      653.85,       -2.38,
      654.37,       -2.39,
      654.85,       -2.35,
      655.37,       -2.36,
      655.93,       -2.37,
      656.45,       -2.38,
      657.01,       -2.52,
      657.53,       -2.47,
      658.08,       -2.52,
      658.60,       -2.56,
      659.16,       -2.45,
      659.68,       -2.58,
      660.16,       -2.59,
      660.68,       -2.56,
      661.20,       -2.59,
      661.72,       -2.55,
      662.24,       -2.58,
      662.75,       -2.64,
      663.23,       -2.58,
      663.75,       -2.62,
      664.31,       -2.59,
      664.87,       -2.56,
      665.39,       -2.60,
      665.95,       -2.67,
      666.47,       -2.54,
      667.03,       -2.57,
      667.55,       -2.51,
      668.02,       -2.54,
      668.54,       -2.51,
      669.06,       -2.50,
      669.58,       -2.59,
      670.10,       -2.56,
      670.62,       -2.52,
      671.10,       -2.47,
      671.62,       -2.43,
      672.18,       -2.42,
      672.73,       -2.43,
      673.25,       -2.39,
      673.81,       -2.39,
      674.33,       -2.37,
      674.89,       -2.34,
      675.41,       -2.38,
      675.89,       -2.34,
      676.41,       -2.34,
      676.93,       -2.34,
      677.45,       -2.28,
      677.96,       -2.25,
      678.48,       -2.21,
      678.96,       -2.15,
      679.48,       -2.16,
      680.04,       -2.11,
      680.56,       -2.09,
      681.12,       -2.12,
      681.64,       -2.10,
      682.20,       -2.09,
      682.75,       -2.09,
      683.27,       -2.08,
      683.75,       -2.07,
      684.27,       -2.04,
      684.79,       -2.02,
      685.31,       -2.02,
      685.83,       -1.97,
      686.35,       -1.94,
      686.87,       -1.94,
      687.39,       -1.88,
      687.90,       -1.88,
      688.42,       -1.83,
      688.98,       -1.79,
      689.54,       -1.80,
      690.06,       -1.78,
      690.62,       -1.76,
      691.14,       -1.73,
      691.66,       -1.74,
      692.18,       -1.72,
      692.69,       -1.67,
      693.21,       -1.64,
      693.73,       -1.59,
      694.25,       -1.54,
      694.73,       -1.48,
      695.25,       -1.45,
      695.81,       -1.38,
      696.33,       -1.33,
      696.89,       -1.33,
      697.41,       -1.30,
      697.96,       -1.28,
      698.48,       -1.25,
      699.04,       -1.19,
      699.52,       -1.16,
      700.04,       -1.15,
      700.60,       -1.14,
      701.12,       -1.12,
      701.64,       -1.11,
      702.12,       -1.11,
      702.63,       -1.13,
      703.15,       -1.16,
      703.67,       -1.14,
      704.23,       -1.14,
      704.75,       -1.20,
      705.31,       -1.23,
      705.83,       -1.24,
      706.39,       -1.20,
      706.91,       -1.12,
      707.43,       -1.12,
      707.94,       -1.11,
      708.46,       -1.07,
      708.98,       -1.03,
      709.50,       -0.98,
      710.02,       -0.96,
      710.50,       -0.93,
      711.02,       -0.95,
      711.54,       -0.88,
      712.06,       -0.84,
      712.61,       -0.78,
      713.13,       -0.69,
      713.69,       -0.66,
      714.21,       -0.59,
      714.77,       -0.55,
      715.29,       -0.53,
      715.81,       -0.51,
      716.33,       -0.51,
      716.85,       -0.51,
      717.37,       -0.41,
      717.88,       -0.37,
      718.36,       -0.35,
      718.88,       -0.33,
      719.40,       -0.36,
      719.92,       -0.37,
      720.48,       -0.37,
      721.00,       -0.37,
      721.56,       -0.37,
      722.12,       -0.40,
      722.64,       -0.43,
      723.11,       -0.50,
      723.63,       -0.55,
      724.15,       -0.62,
      724.67,       -0.66,
      725.19,       -0.68,
      725.71,       -0.67,
      726.23,       -0.65,
      726.71,       -0.65,
      727.23,       -0.63,
      727.78,       -0.61,
      728.30,       -0.57,
      728.86,       -0.56,
      729.42,       -0.56,
      729.94,       -0.54,
      730.50,       -0.51,
      730.98,       -0.46,
      731.50,       -0.38,
      732.02,       -0.35,
      732.54,       -0.35,
      733.05,       -0.32,
      733.57,       -0.28,
      734.05,       -0.27,
      734.57,       -0.25,
      735.05,       -0.18,
      735.61,       -0.13,
      736.13,       -0.09,
      736.69,       -0.07,
      737.25,       -0.11,
      737.76,       -0.10,
      738.32,       -0.10,
      738.80,       -0.04,
      739.28,       -0.02,
      739.80,        0.01,
      740.36,        0.01,
      740.88,        0.06,
      741.40,        0.01,
      741.88,        0.11,
      742.40,        0.13,
      742.87,        0.11,
      743.43,        0.12,
      743.95,        0.09,
      744.51,        0.08,
      745.03,        0.14,
      745.59,        0.17,
      746.11,        0.12,
      746.63,       -0.06,
      747.11,       -0.29,
      747.63,       -0.64,
      748.14,       -1.05,
      748.66,       -1.51,
      749.22,       -1.98,
      749.70,       -2.43,
      750.22,       -2.85,
      750.70,       -3.04,
      751.22,       -2.93,
      751.78,       -2.86,
      752.30,       -2.92,
      752.85,       -2.98,
      753.37,       -3.04,
      753.93,       -3.10,
      754.41,       -3.13,
      754.89,       -3.14,
      755.41,       -3.17,
      755.93,       -3.21,
      756.49,       -3.23,
      757.01,       -3.21,
      757.53,       -3.20,
      758.00,       -3.23,
      758.52,       -3.23,
      759.00,       -3.22,
      759.56,       -3.27,
      760.12,       -3.26,
      760.64,       -3.26,
      761.20,       -3.24,
      761.72,       -3.26,
      762.24,       -3.25,
      762.71,       -3.25,
      763.23,       -3.26,
      763.75,       -3.24,
      764.27,       -3.18,
      764.79,       -3.12,
      765.31,       -3.10,
      765.83,       -3.02,
      766.35,       -3.00,
      766.83,       -2.99,
      767.39,       -2.92,
      767.90,       -2.86,
      768.46,       -2.82,
      768.98,       -2.74,
      769.50,       -2.66,
      770.06,       -2.60,
      770.54,       -2.57,
      771.06,       -2.55,
      771.58,       -2.54,
      772.10,       -2.51,
      772.62,       -2.43,
      773.13,       -2.37,
      773.65,       -2.31,
      774.13,       -2.22,
      774.65,       -2.17,
      775.17,       -2.12,
      775.73,       -2.03,
      776.25,       -1.97,
      776.81,       -1.94,
      777.33,       -1.90,
      777.84,       -1.81,
      778.36,       -1.76,
      778.88,       -1.71,
      779.40,       -1.66,
      779.92,       -1.63,
      780.44,       -2.11,
      780.96,       -1.54,
      781.48,       -1.49,
      781.96,       -1.45,
      782.48,       -1.42,
      782.99,       -1.37,
      783.51,       -1.29,
      784.07,       -1.25,
      784.63,       -1.24,
      785.11,       -1.20,
      785.67,       -1.18,
      786.19,       -1.15,
      786.71,       -1.09,
      787.23,       -1.04,
      787.74,       -0.99,
      788.26,       -0.93,
      788.78,       -0.90,
      789.30,       -0.80,
      789.82,       -0.78,
      790.30,       -0.76,
      790.82,       -0.69,
      791.34,       -0.62,
      791.90,       -0.55,
      792.42,       -0.54,
      792.93,       -0.51,
      793.49,       -0.45,
      794.01,       -0.39,
      794.57,       -0.37,
      795.05,       -0.28,
      795.57,       -0.27,
      796.09,       -0.24,
      796.61,       -0.25,
      797.13,       -0.25,
      797.65,       -0.24,
      798.12,       -0.17,
      798.64,       -0.11,
      799.16,       -0.09,
      799.72,       -0.04,
      800.24,       -0.02,
      800.76,        0.01,
      801.32,        0.02,
      801.88,        0.10,
      802.40,        0.10,
      802.91,        0.13,
      803.39,        0.15,
      803.91,        0.23,
      804.43,        0.24,
      804.95,        0.25,
      805.51,        0.29,
      805.99,        0.33,
      806.51,        0.37,
      806.99,        0.40,
      807.55,        0.42,
      808.10,        0.43,
      808.62,        0.46,
      809.14,        0.50,
      809.70,        0.55,
      810.22,        0.54,
      810.74,        0.52,
      811.22,        0.53,
      811.74,        0.49,
      812.26,        0.44,
      812.77,        0.44,
      813.29,        0.45,
      813.81,        0.42,
      814.29,        0.43,
      814.81,        0.42,
      815.33,        0.40,
      815.89,        0.38,
      816.41,        0.28,
      816.93,        0.13,
      817.49,        0.06,
      818.00,       -0.22,
      818.52,       -0.51,
      819.00,       -0.75,
      819.52,       -1.11,
      820.04,       -1.38,
      820.56,       -1.73,
      821.08,       -2.09,
      821.60,       -2.38,
      822.08,       -2.82,
      822.60,       -3.18,
      823.11,       -3.23,
      823.67,       -3.34,
      824.19,       -3.43,
      824.71,       -3.47,
      825.27,       -3.66,
      825.79,       -3.71,
      826.31,       -3.73,
      826.79,       -3.89,
      827.27,       -3.93,
      827.78,       -4.00,
      828.30,       -4.07,
      828.86,       -4.06,
      829.38,       -4.13,
      829.86,       -4.24,
      830.38,       -4.24,
      830.90,       -4.30,
      831.42,       -4.32,
      831.94,       -4.28,
      832.50,       -4.33,
      833.01,       -4.38,
      833.57,       -4.39,
      834.09,       -4.39,
      834.57,       -4.39,
      835.05,       -4.42,
      835.57,       -4.48,
      836.09,       -4.54,
      836.61,       -4.54,
      837.13,       -4.53,
      837.65,       -4.54,
      838.16,       -4.54,
      838.68,       -4.55,
      839.20,       -4.52,
      839.72,       -4.49,
      840.24,       -4.47,
      840.80,       -4.44,
      841.32,       -4.44,
      841.84,       -4.40,
      842.36,       -4.38,
      842.83,       -4.37,
      843.35,       -4.39,
      843.87,       -4.39,
      844.39,       -4.38,
      844.91,       -4.35,
      845.43,       -4.31,
      845.91,       -4.26,
      846.43,       -4.23,
      846.95,       -4.19,
      847.47,       -4.14,
      848.02,       -4.07,
      848.54,       -4.01,
      849.10,       -3.98,
      849.62,       -3.96,
      850.14,       -3.88,
      850.62,       -3.80,
      851.14,       -3.65,
      851.66,       -3.56,
      852.18,       -3.56,
      852.70,       -3.56,
      853.21,       -3.51,
      853.73,       -3.44,
      854.21,       -3.34,
      854.73,       -3.27,
      855.25,       -3.21,
      855.81,       -3.17,
      856.33,       -3.14,
      856.89,       -3.05,
      857.41,       -2.98,
      857.92,       -2.98,
      858.44,       -2.90,
      858.92,       -2.85,
      859.44,       -2.86,
      859.96,       -2.76,
      860.48,       -2.73,
      861.00,       -2.73,
      861.52,       -2.61,
      862.04,       -2.64,
      862.56,       -2.54,
      863.03,       -2.47,
      863.55,       -2.47,
      864.11,       -2.38,
      864.67,       -2.36,
      865.19,       -2.40,
      865.75,       -2.25,
      866.23,       -2.25,
      866.75,       -2.18,
      867.23,       -2.08,
      867.78,       -2.14,
      868.30,       -2.07,
      868.82,       -2.03,
      869.34,       -2.07,
      869.82,       -1.97,
      870.34,       -1.90,
      870.82,       -2.02,
      871.38,       -1.90,
      871.90,       -1.99,
      872.46,       -1.94,
      873.01,       -1.87,
      873.53,       -2.00,
      874.05,       -1.89,
      874.57,       -1.90,
      875.09,       -1.93,
      875.61,       -1.81,
      876.13,       -1.86,
      876.65,       -1.81,
      877.17,       -1.68,
      877.69,       -1.73,
      878.16,       -1.57,
      878.64,       -1.52,
      879.20,       -1.57,
      879.72,       -1.39,
      880.28,       -1.42,
      880.80,       -1.40,
      881.36,       -1.28,
      881.88,       -1.35,
      882.40,       -1.25,
      882.91,       -1.19,
      883.43,       -1.19,
      883.95,       -1.09,
      884.47,       -1.14,
      884.99,       -1.11,
      885.51,       -0.99,
      885.99,       -1.03,
      886.47,       -0.92,
      886.99,       -0.90,
      887.55,       -0.96,
      888.06,       -0.90,
      888.62,       -1.00,
      889.18,       -1.00,
      889.70,       -0.97,
      890.22,       -1.04,
      890.74,       -1.00,
      891.22,       -1.04,
      891.74,       -1.08,
      892.26,       -1.12,
      892.77,       -1.28,
      893.29,       -1.27,
      893.77,       -1.32,
      894.29,       -1.42,
      894.81,       -1.45,
      895.33,       -1.54,
      895.89,       -1.64,
      896.45,       -1.67,
      896.97,       -1.75,
      897.53,       -1.77,
      898.04,       -1.76,
      898.56,       -1.78,
      899.08,       -1.80,
      899.60,       -1.78,
      900.12,       -1.73,
      900.64,       -1.76,
      901.16,       -1.73,
      901.64,       -1.65,
      902.12,       -1.61,
      902.64,       -1.59,
      903.19,       -1.54,
      903.71,       -1.49,
      904.27,       -1.45,
      904.79,       -1.41,
      905.35,       -1.33,
      905.91,       -1.26,
      906.39,       -1.21,
      906.91,       -1.15,
      907.43,       -1.09,
      907.94,       -1.03,
      908.46,       -0.98,
      908.98,       -0.98,
      909.50,       -0.90,
      909.98,       -0.86,
      910.50,       -0.85,
      911.02,       -0.80,
      911.54,       -0.76,
      912.10,       -0.77,
      912.66,       -0.72,
      913.17,       -0.73,
      913.73,       -0.74,
      914.25,       -0.69,
      914.77,       -0.71,
      915.29,       -0.69,
      915.77,       -0.67,
      916.29,       -0.68,
      916.85,       -0.70,
      917.33,       -0.81,
      917.84,       -0.94,
      918.32,       -1.21,
      918.84,       -1.60,
      919.40,       -1.90,
      919.92,       -2.35,
      920.48,       -2.78,
      921.00,       -3.15,
      921.56,       -3.41,
      922.08,       -3.43,
      922.60,       -3.39,
      923.07,       -3.36,
      923.59,       -3.34,
      924.11,       -3.32,
      924.63,       -3.38,
      925.11,       -3.43,
      925.63,       -3.49,
      926.15,       -3.51,
      926.67,       -3.60,
      927.19,       -3.63,
      927.74,       -3.68,
      928.26,       -3.80,
      928.82,       -3.79,
      929.34,       -3.74,
      929.86,       -3.83,
      930.38,       -3.85,
      930.86,       -3.77,
      931.38,       -3.82,
      931.90,       -3.82,
      932.42,       -3.79,
      932.93,       -3.87,
      933.41,       -3.87,
      933.93,       -3.84,
      934.45,       -3.88,
      934.97,       -3.83,
      935.53,       -3.82,
      936.05,       -3.78,
      936.61,       -3.67,
      937.13,       -3.57,
      937.69,       -3.52,
      938.16,       -3.47,
      938.68,       -3.47,
      939.20,       -3.46,
      939.72,       -3.42,
      940.24,       -3.38,
      940.76,       -3.29,
      941.24,       -3.25,
      941.76,       -3.20,
      942.24,       -3.13,
      942.75,       -3.14,
      943.31,       -3.16,
      943.87,       -3.10,
      944.39,       -3.02,
      944.95,       -2.95,
      945.47,       -2.96,
      946.03,       -2.95,
      946.51,       -2.88,
      947.03,       -2.82,
      947.55,       -2.75,
      948.06,       -2.66,
      948.58,       -2.61,
      949.10,       -2.57,
      949.58,       -2.53,
      950.10,       -2.51,
      950.62,       -2.51,
      951.14,       -2.46,
      951.70,       -2.45,
      952.22,       -2.36,
      952.77,       -2.29,
      953.33,       -2.29,
      953.85,       -2.24,
      954.33,       -2.21,
      954.85,       -2.16,
      955.37,       -2.11,
      955.93,       -2.07,
      956.41,       -1.99,
      956.93,       -1.95,
      957.45,       -1.90,
      957.92,       -1.81,
      958.44,       -1.79,
      959.00,       -1.77,
      959.52,       -1.76,
      960.08,       -1.73,
      960.60,       -1.66,
      961.16,       -1.66,
      961.72,       -1.65,
      962.24,       -1.66,
      962.76,       -1.69,
      963.27,       -1.64,
      963.79,       -1.58,
      964.27,       -1.52,
      964.83,       -1.46,
      965.31,       -1.46,
      965.83,       -1.44,
      966.35,       -1.40,
      966.87,       -1.48,
      967.39,       -1.61,
      967.94,       -1.86,
      968.46,       -2.18,
      969.02,       -2.51,
      969.58,       -2.86,
      970.10,       -3.22,
      970.66,       -3.55,
      971.18,       -3.90,
      971.70,       -4.24,
      972.22,       -4.58,
      972.74,       -4.95,
      973.21,       -5.23,
      973.73,       -5.68,
      974.25,       -5.83,
      974.77,       -5.73,
      975.29,       -5.67,
      975.85,       -5.66,
      976.41,       -5.66,
      976.93,       -5.61,
      977.49,       -5.60,
      978.04,       -5.60,
      978.56,       -5.62,
      979.08,       -5.62,
      979.60,       -5.62,
      980.12,       -5.62,
      980.64,       -5.60,
      981.16,       -5.57,
      981.68,       -5.57,
      982.20,       -5.63,
      982.72,       -5.62,
      983.23,       -5.63,
      983.79,       -5.65,
      984.31,       -5.66,
      984.87,       -5.67,
      985.39,       -5.74,
      985.95,       -5.74,
      986.47,       -5.68,
      987.03,       -5.61,
      987.51,       -5.57,
      988.02,       -5.57,
      988.58,       -5.55,
      989.10,       -5.53,
      989.58,       -5.52,
      990.10,       -5.46,
      990.62,       -5.44,
      991.18,       -5.36,
      991.70,       -5.26,
      992.26,       -5.15,
      992.77,       -5.10,
      993.33,       -5.08,
      993.85,       -5.07,
      994.41,       -5.00,
      994.93,       -4.91,
      995.41,       -4.87,
      995.93,       -4.83,
      996.45,       -4.76,
      996.97,       -4.72,
      997.49,       -4.64,
      998.00,       -4.54,
      998.52,       -4.44,
      999.04,       -4.39,
      999.60,       -4.33,
     1000.12,       -4.27,
     1000.68,       -4.22,
     1001.20,       -4.15,
     1001.76,       -4.16,
     1002.28,       -4.16,
     1002.83,       -4.13,
     1003.31,       -4.07,
     1003.83,       -4.00,
     1004.35,       -4.00,
     1004.87,       -3.96,
     1005.39,       -3.91,
     1005.91,       -3.87,
     1006.43,       -3.91,
     1006.95,       -3.84,
     1007.47,       -3.81,
     1008.02,       -3.77,
     1008.58,       -3.76,
     1009.10,       -3.78,
     1009.66,       -3.67,
     1010.18,       -3.69,
     1010.70,       -3.70,
     1011.22,       -3.64,
     1011.74,       -3.63,
     1012.26,       -3.58,
     1012.78,       -3.51,
     1013.29,       -3.50,
     1013.81,       -3.52,
     1014.33,       -3.52,
     1014.85,       -3.50,
     1015.37,       -3.47,
     1015.93,       -3.44,
     1016.45,       -3.50,
     1017.01,       -3.47,
     1017.53,       -3.49,
     1018.08,       -3.54,
     1018.60,       -3.47,
     1019.12,       -3.53,
     1019.64,       -3.53,
     1020.16,       -3.45,
     1020.68,       -3.51,
     1021.20,       -3.43,
     1021.72,       -3.42,
     1022.24,       -3.47,
     1022.76,       -3.43,
     1023.27,       -3.44,
     1023.83,       -3.53,
     1024.35,       -3.39,
     1024.91,       -3.39,
     1025.43,       -3.40,
     1025.99,       -3.30,
     1026.51,       -3.34,
     1027.03,       -3.30,
     1027.55,       -3.21,
     1028.06,       -3.26,
     1028.58,       -3.20,
     1029.10,       -3.19,
     1029.62,       -3.24,
     1030.14,       -3.18,
     1030.66,       -3.18,
     1031.18,       -3.21,
     1031.70,       -3.14,
     1032.26,       -3.21,
     1032.78,       -3.23,
     1033.33,       -3.17,
     1033.89,       -3.24,
     1034.41,       -3.22,
     1034.89,       -3.19,
     1035.45,       -3.33,
     1035.97,       -3.32,
     1036.49,       -3.33,
     1037.01,       -3.54,
     1037.53,       -3.47,
     1038.04,       -3.61,
     1038.52,       -3.81,
     1039.08,       -3.73,
     1039.60,       -3.96,
     1040.16,       -4.04,
     1040.68,       -4.01,
     1041.24,       -4.24,
     1041.76,       -4.31,
     1042.32,       -4.27,
     1042.80,       -4.48,
     1043.35,       -4.56,
     1043.87,       -4.59,
     1044.39,       -4.81,
     1044.91,       -4.81,
     1045.43,       -4.84,
     1045.95,       -4.96,
     1046.43,       -5.00,
     1046.95,       -5.10,
     1047.51,       -5.13,
     1048.02,       -5.16,
     1048.58,       -5.23,
     1049.10,       -5.26,
     1049.66,       -5.31,
     1050.18,       -5.34,
     1050.70,       -5.34,
     1051.22,       -5.42,
     1051.74,       -5.45,
     1052.26,       -5.44,
     1052.78,       -5.52,
     1053.29,       -5.48,
     1053.85,       -5.44,
     1054.33,       -5.44,
     1054.85,       -5.45,
     1055.41,       -5.40,
     1055.93,       -5.41,
     1056.49,       -5.36,
     1057.01,       -5.31,
     1057.57,       -5.34,
     1058.08,       -5.23,
     1058.60,       -5.17,
     1059.12,       -5.06,
     1059.64,       -5.09,
     1060.16,       -5.05,
     1060.68,       -5.07,
     1061.20,       -4.99,
     1061.76,       -4.98,
     1062.24,       -4.97,
     1062.76,       -4.88,
     1063.31,       -4.88,
     1063.83,       -4.83,
     1064.39,       -4.72,
     1064.91,       -4.68,
     1065.47,       -4.61,
     1065.99,       -4.57,
     1066.51,       -4.57,
     1067.03,       -4.56,
     1067.55,       -4.45,
     1068.06,       -4.44,
     1068.58,       -4.44,
     1069.10,       -4.40,
     1069.62,       -4.39,
     1070.14,       -4.36,
     1070.66,       -4.32,
     1071.22,       -4.35,
     1071.74,       -4.35,
     1072.30,       -4.34,
     1072.81,       -4.38,
     1073.37,       -4.44,
     1073.89,       -4.41,
     1074.41,       -4.40,
     1074.93,       -4.38,
     1075.45,       -4.35,
     1075.97,       -4.35,
     1076.49,       -4.28,
     1077.01,       -4.24,
     1077.53,       -4.21,
     1078.04,       -4.14,
     1078.56,       -4.09,
     1079.08,       -4.04,
     1079.64,       -3.94,
     1080.20,       -3.89,
     1080.72,       -3.87,
     1081.28,       -4.04,
     1081.80,       -3.74,
     1082.32,       -3.75,
     1082.83,       -3.71,
     1083.31,       -3.65,
     1083.87,       -3.73,
     1084.39,       -3.89,
     1084.91,       -4.15,
     1085.47,       -4.56,
     1085.95,       -4.97,
     1086.47,       -5.43,
     1086.99,       -5.90,
     1087.55,       -6.32,
     1088.06,       -6.62,
     1088.62,       -6.67,
     1089.14,       -6.61,
     1089.66,       -6.54,
     1090.22,       -6.60,
     1090.74,       -6.78,
     1091.30,       -6.84,
     1091.82,       -6.98,
     1092.34,       -7.05,
     1092.85,       -6.98,
     1093.37,       -7.03,
     1093.85,       -7.22,
     1094.37,       -7.24,
     1094.89,       -7.26,
     1095.45,       -7.40,
     1096.01,       -7.42,
     1096.53,       -7.48,
     1097.09,       -7.63,
     1097.61,       -7.63,
     1098.12,       -7.63,
     1098.64,       -7.79,
     1099.16,       -7.89,
     1099.68,       -7.86,
     1100.20,       -7.94,
     1100.72,       -7.97,
     1101.24,       -7.93,
     1101.76,       -7.89,
     1102.28,       -7.89,
     1102.80,       -7.84,
     1103.31,       -7.84,
     1103.87,       -7.85,
     1104.39,       -7.86,
     1104.95,       -7.80,
     1105.47,       -7.77,
     1105.99,       -7.71,
     1106.55,       -7.67,
     1107.03,       -7.57,
     1107.59,       -7.50,
     1108.10,       -7.45,
     1108.62,       -7.39,
     1109.14,       -7.30,
     1109.66,       -7.21,
     1110.14,       -7.13,
     1110.66,       -7.10,
     1111.22,       -7.04,
     1111.74,       -6.97,
     1112.30,       -6.92,
     1112.82,       -6.84,
     1113.33,       -6.77,
     1113.89,       -6.65,
     1114.41,       -6.61,
     1114.93,       -6.51,
     1115.45,       -6.40,
     1115.97,       -6.33,
     1116.49,       -6.27,
     1117.01,       -6.18,
     1117.53,       -6.14,
     1118.04,       -6.08,
     1118.56,       -5.99,
     1119.08,       -5.90,
     1119.60,       -5.83,
     1120.16,       -5.73,
     1120.68,       -5.62,
     1121.24,       -5.53,
     1121.76,       -5.40,
     1122.32,       -5.32,
     1122.83,       -5.27,
     1123.35,       -5.18,
     1123.87,       -5.08,
     1124.39,       -5.00,
     1124.91,       -4.95,
     1125.43,       -4.90,
     1125.91,       -4.80,
     1126.43,       -4.73,
     1126.99,       -4.63,
     1127.51,       -4.56,
     1128.06,       -4.48,
     1128.58,       -4.43,
     1129.10,       -4.39,
     1129.66,       -4.33,
     1130.18,       -4.24,
     1130.70,       -4.16,
     1131.22,       -4.10,
     1131.78,       -4.06,
     1132.30,       -4.01,
     1132.82,       -3.96,
     1133.29,       -3.88,
     1133.81,       -3.87,
     1134.33,       -3.83,
     1134.85,       -3.78,
     1135.41,       -3.73,
     1135.93,       -3.67,
     1136.49,       -3.60,
     1137.01,       -3.53,
     1137.57,       -3.47,
     1138.08,       -3.40,
     1138.60,       -3.37,
     1139.16,       -3.34,
     1139.68,       -3.30,
     1140.20,       -3.26,
     1140.72,       -3.20,
     1141.24,       -3.16,
     1141.72,       -3.12,
     1142.24,       -3.08,
     1142.76,       -3.09,
     1143.27,       -3.09,
     1143.83,       -3.06,
     1144.39,       -3.03,
     1144.91,       -2.95,
     1145.43,       -2.93,
     1145.99,       -2.91,
     1146.51,       -2.91,
     1147.03,       -2.91,
     1147.55,       -2.89,
     1148.06,       -2.88,
     1148.58,       -2.86,
     1149.10,       -2.82,
     1149.58,       -2.81,
     1150.10,       -2.76,
     1150.62,       -2.73,
     1151.18,       -2.75,
     1151.70,       -2.76,
     1152.26,       -2.73,
     1152.78,       -2.68,
     1153.29,       -2.69,
     1153.85,       -2.69,
     1154.37,       -2.65,
     1154.89,       -2.63,
     1155.41,       -2.61,
     1155.93,       -2.60,
     1156.45,       -2.57,
     1156.97,       -2.57,
     1157.49,       -2.59,
     1157.96,       -2.54,
     1158.48,       -2.53,
     1159.04,       -2.60,
     1159.56,       -2.52,
     1160.12,       -2.52,
     1160.64,       -2.55,
     1161.20,       -2.50,
     1161.72,       -2.58,
     1162.24,       -2.55,
     1162.76,       -2.53,
     1163.31,       -2.54,
     1163.83,       -2.47,
     1164.35,       -2.45,
     1164.87,       -2.47,
     1165.35,       -2.38,
     1165.87,       -2.47,
     1166.39,       -2.44,
     1166.91,       -2.35,
     1167.47,       -2.40,
     1167.98,       -2.36,
     1168.50,       -2.33,
     1169.06,       -2.34,
     1169.58,       -2.26,
     1170.14,       -2.27,
     1170.66,       -2.25,
     1171.18,       -2.16,
     1171.70,       -2.12,
     1172.22,       -2.12,
     1172.74,       -2.12,
     1173.25,       -2.15,
     1173.77,       -2.15,
     1174.25,       -2.14,
     1174.81,       -2.12,
     1175.33,       -2.11,
     1175.89,       -2.09,
     1176.41,       -2.06,
     1176.93,       -2.06,
     1177.49,       -2.03,
     1178.00,       -2.03,
     1178.52,       -1.95,
     1179.08,       -1.95,
     1179.60,       -1.95,
     1180.12,       -1.98,
     1180.60,       -1.93,
     1181.12,       -1.89,
     1181.64,       -1.89,
     1182.16,       -1.86,
     1182.68,       -1.83,
     1183.19,       -1.77,
     1183.75,       -1.73,
     1184.27,       -1.68,
     1184.83,       -1.68,
     1185.35,       -1.68,
     1185.87,       -1.67,
     1186.39,       -1.65,
     1186.91,       -1.65,
     1187.43,       -1.60,
     1187.98,       -1.60,
     1188.46,       -1.56,
     1188.98,       -1.53,
     1189.50,       -1.43,
     1190.02,       -1.44,
     1190.54,       -1.47,
     1191.06,       -1.46,
     1191.58,       -1.44,
     1192.10,       -1.46,
     1192.62,       -1.42,
     1193.17,       -1.38,
     1193.65,       -1.37,
     1194.17,       -1.33,
     1194.69,       -1.28,
     1195.17,       -1.27,
     1195.69,       -1.27,
     1196.17,       -1.27,
     1196.65,       -1.29,
     1197.09,       -1.33,
     1197.57,       -1.32,
     1198.00,       -1.33,
     1198.48,       -1.29,
     1198.92,       -1.30,
     1199.40,       -1.30,
     1199.84,       -1.41,
     1200.32,       -1.48,
     1200.80,       -1.61,
     1201.24,       -1.70,
     1201.68,       -1.73,
     1202.12,       -1.76,
     1202.56,       -1.73,
     1202.95,       -1.75,
     1203.35,       -1.76,
     1203.79,       -1.75,
     1204.19,       -1.74,
     1204.55,       -1.73,
     1204.91,       -1.73,
     1205.27,       -1.74,
     1205.63,       -1.76,
     1205.99,       -1.73,
     1206.31,       -1.70,
     1206.59,       -1.71,
     1206.87,       -1.74,
     1207.15,       -1.75,
     1207.43,       -1.76,
     1207.67,       -1.77,
     1207.86,       -1.76,
     1208.06,       -1.77,
     1208.26,       -1.75,
     1208.42,       -1.77,
     1208.54,       -1.79,
     1208.70,       -1.82,
     1208.82,       -1.82,
     1208.94,       -1.81,
     1209.02,       -1.80,
     1209.10,       -1.80,
     1209.18,       -1.81,
     1209.22,       -1.90,
     1209.26,       -1.92,
     1209.30,       -1.95,