       -0.00,       -0.05,
        0.04,       -0.03,
        0.08,       -0.05,
        0.12,       -0.04,
        0.16,       -0.02,
        0.20,       -0.02,
        0.28,       -0.01,
        0.32,        0.00,
        0.40,       -0.01,
        0.44,        0.03,
        0.52,        0.07,
        0.60,        0.09,
        0.68,        0.09,
        0.76,        0.08,
        0.84,        0.06,
        0.92,        0.07,
        1.00,        0.15,
        1.08,        0.16,
        1.16,        0.19,
        1.24,        0.22,
        1.36,        0.27,
        1.44,        0.30,
        1.56,        0.34,
        1.64,        0.34,
        1.76,        0.34,
        1.84,        0.37,
        1.96,        0.38,
        2.08,        0.44,
        2.20,        0.46,
        2.31,        0.51,
        2.43,        0.55,
        2.59,        0.59,
        2.71,        0.65,
        2.87,        0.69,
        2.99,        0.68,
        3.15,        0.72,
        3.27,        0.73,
        3.43,        0.77,
        3.59,        0.80,
        3.71,        0.82,
        3.87,        0.83,
        4.03,        0.84,
        4.19,        0.86,
        4.39,        0.89,
        4.55,        0.94,
        4.71,        1.00,
        4.91,        1.05,
        5.07,        1.07,
        5.27,        1.11,
        5.51,        1.12,
        5.71,        1.15,
        5.91,        1.15,
        6.15,        1.15,
        6.35,        1.20,
        6.55,        1.25,
        6.79,        1.27,
        6.99,        1.29,
        7.23,        1.30,
        7.42,        1.36,
        7.66,        1.40,
        7.86,        1.42,
        8.10,        1.43,
        8.34,        1.47,
        8.54,        1.51,
        8.78,        1.54,
        9.02,        1.58,
        9.26,        1.61,
        9.54,        1.60,
        9.82,        1.61,
       10.02,        1.64,
       10.30,        1.70,
       10.54,        1.77,
       10.78,        1.80,
       11.02,        1.83,
       11.26,        1.90,
       11.50,        1.91,
       11.74,        1.93,
       12.02,        1.92,
       12.26,        1.90,
       12.49,        1.95,
       12.73,        2.00,
       13.05,        2.05,
       13.33,        2.09,
       13.61,        2.09,
       13.89,        2.09,
       14.21,        2.12,
       14.49,        2.16,
       14.77,        2.17,
       15.05,        2.16,
       15.33,        2.15,
       15.61,        2.17,
       15.89,        2.22,
       16.17,        2.22,
       16.45,        2.24,
       16.77,        2.30,
       17.05,        2.33,
       17.32,        2.36,
       17.64,        2.36,
       17.92,        2.32,
       18.20,        2.36,
       18.48,        2.38,
       18.80,        2.39,
       19.08,        2.39,
       19.36,        2.39,
       19.68,        2.31,
       19.96,        2.20,
       20.24,        2.04,
       20.56,        1.81,
       20.84,        1.52,
       21.16,        1.22,
       21.52,        0.90,
       21.84,        0.68,
       22.20,        0.45,
       22.51,        0.17,
       22.83,       -0.07,
       23.15,       -0.31,
       23.47,       -0.57,
       23.79,       -0.85,
       24.11,       -1.12,
       24.43,       -1.33,
       24.75,       -1.56,
       25.11,       -1.87,
       25.43,       -2.08,
       25.75,       -2.33,
       26.11,       -2.59,
       26.47,       -2.86,
       26.79,       -3.13,
       27.11,       -3.36,
       27.42,       -3.67,
       27.74,       -3.99,
       28.06,       -4.31,
       28.42,       -4.52,
       28.74,       -4.65,
       29.06,       -4.70,
       29.42,       -4.61,
       29.82,       -4.51,
       30.18,       -4.48,
       30.54,       -4.47,
       30.90,       -4.45,
       31.26,       -4.44,
       31.62,       -4.42,
       31.94,       -4.44,
       32.29,       -4.39,
       32.65,       -4.29,
       32.97,       -4.21,
       33.33,       -4.15,
       33.69,       -4.11,
       34.05,       -4.10,
       34.41,       -4.11,
       34.73,       -4.08,
       35.09,       -4.00,
       35.45,       -4.00,
       35.81,       -3.99,
       36.17,       -3.96,
       36.49,       -3.96,
       36.85,       -3.97,
       37.21,       -4.00,
       37.64,       -3.99,
       38.00,       -3.96,
       38.36,       -3.88,
       38.76,       -3.86,
       39.16,       -3.82,
       39.52,       -3.76,
       39.88,       -3.76,
       40.24,       -3.78,
       40.60,       -3.85,
       40.96,       -3.87,
       41.36,       -3.91,
       41.72,       -4.00,
       42.12,       -4.07,
       42.47,       -4.09,
       42.87,       -4.12,
       43.23,       -4.14,
       43.59,       -4.17,
       43.95,       -4.18,
       44.31,       -4.23,
       44.67,       -4.22,
       45.07,       -4.22,
       45.47,       -4.22,
       45.91,       -4.27,
       46.35,       -4.32,
       46.75,       -4.32,
       47.15,       -4.35,
       47.54,       -4.32,
       47.94,       -4.31,
       48.30,       -3.88,
       48.70,       -4.31,
       49.06,       -4.31,
       49.46,       -4.31,
       49.86,       -4.26,
       50.26,       -4.22,
       50.66,       -4.18,
       51.02,       -4.18,
       51.42,       -4.14,
       51.78,       -4.10,
       52.18,       -4.11,
       52.57,       -4.15,
       52.93,       -4.24,
       53.37,       -4.25,
       53.77,       -4.26,
       54.21,       -4.26,
       54.65,       -4.25,
       55.05,       -4.19,
       55.49,       -4.13,
       55.85,       -4.09,
       56.25,       -4.06,
       56.65,       -4.00,
       57.05,       -3.95,
       57.44,       -3.95,
       57.84,       -3.93,
       58.28,       -3.94,
       58.68,       -3.95,
       59.08,       -3.91,
       59.52,       -3.87,
       59.92,       -3.80,
       60.32,       -3.75,
       60.72,       -3.71,
       61.12,       -3.69,
       61.52,       -3.68,
       61.96,       -3.67,
       62.35,       -3.63,
       62.83,       -3.58,
       63.27,       -3.56,
       63.71,       -3.55,
       64.11,       -3.55,
       64.51,       -3.52,
       64.91,       -3.48,
       65.35,       -3.43,
       65.79,       -3.38,
       66.23,       -3.38,
       66.67,       -3.38,
       67.07,       -3.34,
       67.46,       -3.28,
       67.82,       -3.25,
       68.34,       -3.20,
       68.74,       -3.15,
       69.14,       -3.09,
       69.54,       -3.07,
       70.02,       -2.99,
       70.46,       -2.95,
       70.86,       -2.89,
       71.34,       -2.83,
       71.78,       -2.79,
       72.18,       -2.78,
       72.57,       -2.78,
       72.97,       -2.69,
       73.45,       -2.60,
       73.93,       -2.52,
       74.33,       -2.47,
       74.77,       -2.43,
       75.17,       -2.39,
       75.61,       -2.35,
       76.01,       -2.27,
       76.41,       -2.21,
       76.81,       -2.16,
       77.25,       -2.11,
       77.64,       -2.06,
       78.16,       -2.01,
       78.60,       -1.96,
       79.08,       -1.89,
       79.52,       -1.83,
       79.96,       -1.83,
       80.40,       -1.81,
       80.80,       -1.74,
       81.20,       -1.66,
       81.64,       -1.56,
       82.08,       -1.54,
       82.51,       -1.51,
       82.95,       -1.45,
       83.35,       -1.42,
       83.79,       -1.42,
       84.19,       -1.35,
       84.63,       -1.29,
       85.03,       -1.23,
       85.47,       -1.20,
       85.91,       -1.15,
       86.39,       -1.07,
       86.87,       -1.03,
       87.27,       -1.01,
       87.74,       -0.99,
       88.18,       -0.93,
       88.62,       -0.85,
       89.02,       -0.81,
       89.50,       -0.78,
       89.94,       -0.72,
       90.38,       -0.69,
       90.82,       -0.58,
       91.26,       -0.56,
       91.66,       -0.56,
       92.10,       -0.50,
       92.53,       -0.43,
       92.93,       -0.37,
       93.37,       -0.27,
       93.77,       -0.20,
       94.21,       -0.14,
       94.69,       -0.07,
       95.13,       -0.02,
       95.61,        0.08,
       96.05,        0.12,
       96.49,        0.19,
       96.93,        0.24,
       97.32,        0.33,
       97.80,        0.37,
       98.24,        0.39,
       98.68,        0.47,
       99.12,        0.55,
       99.56,        0.61,
      100.00,        0.68,
      100.40,        0.73,
      100.84,        0.77,
      101.28,        0.84,
      101.72,        0.90,
      102.16,        0.98,
      102.63,        1.05,
      103.07,        1.13,
      103.55,        1.16,
      104.03,        1.20,
      104.47,        1.22,
      104.91,        1.28,
      105.35,        1.37,
      105.79,        1.43,
      106.23,        1.47,
      106.71,        1.51,
      107.15,        1.55,
      107.58,        1.58,
      108.02,        1.64,
      108.46,        1.70,
      108.90,        1.73,
      109.34,        1.73,
      109.78,        1.79,
      110.26,        1.85,
      110.74,        1.90,
      111.18,        1.94,
      111.66,        1.98,
      112.14,        2.03,
      112.57,        2.08,
      113.01,        2.16,
      113.45,        2.22,
      113.89,        2.25,
      114.37,        2.25,
      114.81,        2.26,
      115.29,        2.32,
      115.73,        2.39,
      116.13,        2.43,
      116.61,        2.47,
      117.05,        2.47,
      117.48,        2.53,
      117.92,        2.53,
      118.40,        2.53,
      118.88,        2.57,
      119.36,        2.59,
      119.84,        2.58,
      120.28,        2.64,
      120.72,        2.69,
      121.16,        2.72,
      121.64,        2.75,
      122.08,        2.75,
      122.55,        2.78,
      123.03,        2.77,
      123.47,        2.83,
      123.91,        2.91,
      124.35,        2.94,
      124.79,        2.93,
      125.27,        2.93,
      125.71,        2.92,
      126.19,        2.95,
      126.67,        2.99,
      127.15,        3.06,
      127.62,        3.07,
      128.06,        3.08,
      128.54,        3.10,
      128.98,        3.13,
      129.42,        3.14,
      129.86,        3.14,
      130.42,        3.18,
      130.86,        3.20,
      131.34,        3.21,
      131.78,        3.28,
      132.22,        3.34,
      132.65,        3.34,
      133.13,        3.41,
      133.57,        3.47,
      134.05,        3.50,
      134.53,        3.51,
      135.05,        3.56,
      135.53,        3.57,
      136.01,        3.57,
      136.45,        3.63,
      136.89,        3.69,
      137.36,        3.71,
      137.80,        3.76,
      138.28,        3.75,
      138.76,        3.76,
      139.24,        3.76,
      139.68,        3.82,
      140.12,        3.89,
      140.56,        3.85,
      141.04,        3.81,
      141.48,        3.84,
      141.96,        3.81,
      142.43,        3.78,
      142.95,        3.67,
      143.43,        3.46,
      143.91,        3.21,
      144.35,        2.91,
      144.83,        2.61,
      145.27,        2.25,
      145.71,        1.82,
      146.19,        1.40,
      146.67,        0.99,
      147.15,        0.66,
      147.58,        0.46,
      148.02,        0.42,
      148.46,        0.42,
      148.94,        0.46,
      149.38,        0.39,
      149.86,        0.35,
      150.34,        0.34,
      150.86,        0.30,
      151.34,        0.30,
      151.86,        0.34,
      152.34,        0.37,
      152.77,        0.38,
      153.21,        0.37,
      153.69,        0.32,
      154.17,        0.26,
      154.65,        0.22,
      155.09,        0.25,
      155.53,        0.26,
      156.01,        0.24,
      156.45,        0.27,
      156.93,        0.31,
      157.36,        0.34,
      157.84,        0.32,
      158.32,        0.27,
      158.80,        0.25,
      159.32,        0.26,
      159.80,        0.21,
      160.28,        0.20,
      160.72,        0.19,
      161.20,        0.19,
      161.64,        0.21,
      162.12,        0.28,
      162.59,        0.28,
      163.07,        0.29,
      163.55,        0.33,
      164.03,        0.37,
      164.47,        0.40,
      164.91,        0.37,
      165.39,        0.36,
      165.83,        0.41,
      166.35,        0.44,
      166.83,        0.44,
      167.31,        0.40,
      167.82,        0.45,
      168.30,        0.49,
      168.74,        0.52,
      169.18,        0.50,
      169.66,        0.52,
      170.10,        0.58,
      170.62,        0.63,
      171.10,        0.63,
      171.58,        0.63,
      172.06,        0.63,
      172.49,        0.72,
      172.93,        0.78,
      173.41,        0.79,
      173.89,        0.79,
      174.37,        0.80,
      174.89,        0.85,
      175.33,        0.87,
      175.85,        0.86,
      176.29,        0.78,
      176.77,        0.83,
      177.21,        0.88,
      177.68,        0.86,
      178.16,        0.92,
      178.64,        0.98,
      179.12,        1.03,
      179.60,        1.05,
      180.04,        1.07,
      180.52,        1.09,
      180.96,        1.08,
      181.44,        1.13,
      181.92,        1.18,
      182.43,        1.22,
      182.95,        1.23,
      183.39,        1.28,
      183.91,        1.32,
      184.39,        1.36,
      184.83,        1.42,
      185.31,        1.48,
      185.75,        1.51,
      186.23,        1.52,
      186.75,        1.55,
      187.19,        1.60,
      187.66,        1.62,
      188.14,        1.68,
      188.58,        1.72,
      189.06,        1.73,
      189.50,        1.71,
      189.98,        1.74,
      190.50,        1.73,
      191.06,        1.78,
      191.54,        1.81,
      192.02,        1.81,
      192.49,        1.86,
      192.97,        1.88,
      193.41,        1.88,
      193.89,        1.86,
      194.37,        1.83,
      194.85,        1.81,
      195.33,        1.78,
      195.81,        1.77,
      196.25,        1.76,
      196.73,        1.76,
      197.21,        1.76,
      197.64,        1.79,
      198.12,        1.81,
      198.64,        1.81,
      199.20,        1.78,
      199.72,        1.81,
      200.20,        1.81,
      200.68,        1.81,
      201.16,        1.81,
      201.60,        1.81,
      202.08,        1.85,
      202.55,        1.81,
      203.03,        1.82,
      203.51,        1.82,
      203.99,        1.81,
      204.47,        1.77,
      204.91,        1.77,
      205.35,        1.82,
      205.83,        1.81,
      206.35,        1.84,
      206.87,        1.86,
      207.35,        1.88,
      207.82,        1.90,
      208.34,        1.98,
      208.78,        2.06,
      209.26,        2.05,
      209.74,        2.03,
      210.18,        2.12,
      210.70,        2.16,
      211.18,        2.15,
      211.66,        2.12,
      212.10,        2.11,
      212.53,        2.13,
      213.01,        2.15,
      213.49,        2.16,
      213.97,        2.18,
      214.45,        2.21,
      214.93,        2.24,
      215.45,        2.28,
      215.93,        2.34,
      216.41,        2.33,
      216.89,        2.33,
      217.37,        2.33,
      217.80,        2.32,
      218.28,        2.37,
      218.80,        2.40,
      219.24,        2.39,
      219.72,        2.34,
      220.20,        2.32,
      220.64,        2.31,
      221.12,        2.27,
      221.60,        2.21,
      222.04,        2.21,
      222.55,        2.18,
      223.03,        2.08,
      223.55,        1.99,
      224.03,        1.90,
      224.51,        1.72,
      224.99,        1.42,
      225.47,        1.01,
      225.91,        0.63,
      226.43,        0.29,
      226.91,        0.10,
      227.38,        0.07,
      227.86,        0.08,
      228.34,        0.06,
      228.78,        0.05,
      229.26,        0.10,
      229.74,        0.11,
      230.22,        0.12,
      230.74,        0.15,
      231.22,        0.16,
      231.78,        0.22,
      232.26,        0.27,
      232.73,        0.27,
      233.21,        0.21,
      233.65,        0.17,
      234.09,        0.15,
      234.61,        0.20,
      235.09,        0.24,
      235.57,        0.24,
      236.05,        0.24,
      236.49,        0.28,
      236.97,        0.28,
      237.44,        0.33,
      237.92,        0.37,
      238.40,        0.38,
      238.88,        0.37,
      239.44,        0.29,
      239.92,        0.36,
      240.44,        0.41,
      240.88,        0.45,
      241.36,        0.46,
      241.80,        0.56,
      242.32,        0.64,
      242.79,        0.63,
      243.31,        0.67,
      243.75,        0.68,
      244.23,        0.76,
      244.71,        0.75,
      245.15,        0.73,
      245.63,        0.76,
      246.11,        0.82,
      246.63,        0.84,
      247.11,        0.90,
      247.62,        0.96,
      248.14,        1.02,
      248.62,        1.03,
      249.10,        1.08,
      249.58,        1.13,
      250.02,        1.17,
      250.50,        1.19,
      251.02,        1.27,
      251.50,        1.35,
      251.98,        1.40,
      252.45,        1.48,
      252.89,        1.52,
      253.37,        1.59,
      253.85,        1.62,
      254.33,        1.68,
      254.81,        1.78,
      255.29,        1.86,
      255.81,        1.86,
      256.29,        1.94,
      256.81,        1.99,
      257.29,        2.07,
      257.72,        2.14,
      258.20,        2.21,
      258.72,        2.33,
      259.24,        2.34,
      259.72,        2.42,
      260.20,        2.54,
      260.64,        2.60,
      261.12,        2.64,
      261.60,        2.71,
      262.04,        2.78,
      262.51,        2.86,
      263.03,        3.44,
      263.51,        3.01,
      264.03,        3.10,
      264.55,        3.20,
      265.03,        3.30,
      265.51,        3.37,
      265.95,        3.44,
      266.43,        3.55,
      266.99,        3.64,
      267.46,        3.74,
      267.94,        3.82,
      268.42,        3.91,
      268.86,        3.98,
      269.34,        4.03,
      269.78,        4.06,
      270.26,        4.18,
      270.78,        4.23,
      271.30,        4.35,
      271.78,        4.41,
      272.30,        4.44,
      272.77,        4.55,
      273.25,        4.61,
      273.73,        4.72,
      274.21,        4.78,
      274.73,        4.80,
      275.21,        4.87,
      275.69,        4.87,
      276.21,        4.99,
      276.65,        5.00,
      277.09,        5.03,
      277.56,        5.11,
      278.04,        5.09,
      278.52,        5.15,
      279.04,        5.14,
      279.56,        5.14,
      280.04,        5.19,
      280.56,        5.21,
      281.04,        5.26,
      281.52,        5.22,
      282.00,        5.31,
      282.43,        5.30,
      283.03,        5.31,
      283.51,        5.28,
      283.99,        5.23,
      284.47,        5.26,
      284.95,        5.11,
      285.39,        4.96,
      285.87,        4.66,
      286.35,        4.37,
      286.87,        4.13,
      287.39,        3.80,
      287.90,        3.66,
      288.38,        3.31,
      288.90,        3.04,
      289.38,        2.77,
      289.86,        2.44,
      290.30,        2.19,
      290.86,        1.82,
      291.34,        1.40,
      291.82,        1.03,
      292.30,        0.66,
      292.77,        0.42,
      293.21,        0.20,
      293.69,       -0.20,
      294.17,       -0.59,
      294.69,       -0.98,
      295.17,       -1.32,
      295.69,       -1.43,
      296.21,       -1.46,
      296.69,       -1.47,
      297.21,       -1.42,
      297.68,       -1.52,
      298.12,       -1.63,
      298.60,       -1.66,
      299.16,       -1.80,
      299.68,       -1.81,
      300.16,       -1.66,
      300.64,       -1.56,
      301.12,       -1.53,
      301.56,       -1.47,
      302.04,       -1.51,
      302.55,       -1.52,
      303.03,       -1.55,
      303.55,       -1.68,
      304.07,       -1.70,
      304.59,       -1.66,
      305.11,       -1.69,
      305.59,       -1.63,
      306.03,       -1.53,
      306.51,       -1.67,
      306.99,       -1.64,
      307.46,       -1.64,
      307.98,       -1.79,
      308.46,       -1.71,
      308.94,       -1.66,
      309.38,       -1.79,
      309.86,       -1.76,
      310.34,       -1.81,
      310.86,       -1.94,
      311.38,       -1.96,
      311.86,       -2.10,
      312.38,       -2.26,
      312.85,       -2.29,
      313.33,       -2.31,
      313.81,       -2.37,
      314.29,       -2.37,
      314.77,       -2.40,
      315.25,       -2.49,
      315.81,       -2.45,
      316.29,       -2.50,
      316.77,       -2.56,
      317.25,       -2.51,
      317.72,       -2.48,
      318.16,       -2.56,
      318.68,       -2.49,
      319.16,       -2.47,
      319.68,       -2.43,
      320.20,       -2.37,
      320.68,       -2.35,
      321.16,       -2.33,
      321.68,       -2.25,
      322.12,       -2.28,
      322.59,       -2.29,
      323.11,       -2.21,
      323.59,       -2.16,
      324.07,       -2.20,
      324.55,       -2.10,
      325.03,       -2.03,
      325.51,       -2.01,
      325.95,       -1.91,
      326.43,       -1.86,
      326.95,       -1.86,
      327.46,       -1.76,
      327.94,       -1.74,
      328.46,       -1.73,
      328.94,       -1.60,
      329.46,       -1.54,
      329.94,       -1.56,
      330.42,       -1.50,
      330.90,       -1.46,
      331.42,       -1.43,
      331.90,       -1.41,
      332.42,       -1.41,
      332.89,       -1.38,
      333.37,       -1.26,
      333.81,       -1.25,
      334.29,       -1.25,
      334.81,       -1.20,
      335.33,       -1.21,
      335.81,       -1.25,
      336.33,       -1.19,
      336.81,       -1.22,
      337.33,       -1.25,
      337.80,       -1.12,
      338.28,       -1.20,
      338.76,       -1.23,
      339.28,       -1.13,
      339.80,       -1.23,
      340.28,       -1.24,
      340.76,       -1.13,
      341.20,       -1.29,
      341.72,       -1.30,
      342.16,       -1.18,
      342.63,       -1.36,
      343.15,       -1.46,
      343.63,       -1.33,
      344.15,       -1.36,
      344.67,       -1.32,
      345.15,       -1.26,
      345.67,       -1.43,
      346.15,       -1.37,
      346.59,       -1.25,
      347.15,       -1.35,
      347.62,       -1.31,
      348.14,       -1.27,
      348.62,       -1.41,
      349.10,       -1.29,
      349.58,       -1.24,
      350.02,       -1.31,
      350.46,       -1.19,
      350.98,       -1.11,
      351.50,       -1.15,
      352.02,       -1.06,
      352.49,       -0.99,
      353.01,       -1.08,
      353.49,       -0.97,
      354.01,       -0.94,
      354.45,       -0.91,
      354.93,       -0.76,
      355.49,       -0.71,
      355.97,       -0.61,
      356.45,       -0.53,
      356.93,       -0.53,
      357.41,       -0.44,
      357.84,       -0.34,
      358.32,       -0.33,
      358.80,       -0.23,
      359.32,       -0.12,
      359.84,       -0.11,
      360.32,       -0.03,
      360.84,        0.00,
      361.36,       -0.02,
      361.84,        0.11,
      362.32,        0.08,
      362.79,        0.06,
      363.31,        0.17,
      363.79,        0.20,
      364.27,        0.28,
      364.75,        0.39,
      365.23,        0.39,
      365.71,        0.43,
      366.15,        0.50,
      366.63,        0.55,
      367.15,        0.66,
      367.66,        0.69,
      368.18,        0.74,
      368.74,        0.82,
      369.22,        0.90,
      369.74,        0.95,
      370.22,        1.05,
      370.70,        1.08,
      371.18,        1.18,
      371.62,        1.28,
      372.14,        1.38,
      372.61,        1.44,
      373.09,        1.51,
      373.57,        1.51,
      374.05,        1.54,
      374.53,        1.55,
      375.01,        1.59,
      375.53,        1.64,
      376.09,        1.69,
      376.65,        1.77,
      377.13,        1.79,
      377.60,        1.83,
      378.12,        1.94,
      378.60,        2.02,
      379.04,        2.12,
      379.56,        2.18,
      380.08,        2.18,
      380.56,        2.28,
      381.04,        2.32,
      381.52,        2.36,
      382.00,        2.44,
      382.47,        2.51,
      382.95,        2.60,
      383.47,        2.64,
      383.99,        2.69,
      384.51,        2.74,
      384.99,        2.82,
      385.47,        2.92,
      385.99,        2.99,
      386.43,        3.03,
      386.95,        3.12,
      387.46,        3.14,
      387.98,        3.19,
      388.46,        3.21,
      388.94,        3.26,
      389.42,        3.34,
      389.90,        3.36,
      390.38,        3.46,
      390.86,        3.55,
      391.38,        3.57,
      391.90,        3.66,
      392.42,        3.67,
      392.93,        3.76,
      393.41,        3.81,
      393.89,        3.87,
      394.37,        3.90,
      394.81,        3.94,
      395.33,        3.97,
      395.81,        4.00,
      396.29,        4.04,
      396.77,        4.13,
      397.25,        4.19,
      397.72,        4.25,
      398.20,        4.29,
      398.64,        4.39,
      399.16,        4.44,
      399.64,        4.51,
      400.20,        4.58,
      400.72,        4.59,
      401.20,        4.63,
      401.72,        4.63,
      402.16,        4.63,
      402.63,        4.67,
      403.11,        4.70,
      403.59,        4.77,
      404.11,        4.83,
      404.59,        4.83,
      405.03,        4.86,
      405.51,        4.93,
      405.99,        4.99,
      406.47,        5.03,
      406.95,        5.09,
      407.43,        5.08,
      407.98,        5.10,
      408.46,        5.13,
      408.98,        5.14,
      409.46,        5.18,
      409.94,        5.19,
      410.42,        5.22,
      410.86,        5.24,
      411.38,        5.26,
      411.86,        5.28,
      412.38,        5.28,
      412.85,        5.27,
      413.33,        5.27,
      413.77,        5.27,
      414.25,        5.30,
      414.73,        5.34,
      415.21,        5.35,
      415.69,        5.35,
      416.25,        5.35,
      416.81,        5.39,
      417.33,        5.37,
      417.84,        5.40,
      418.32,        5.42,
      418.80,        5.35,
      419.24,        5.39,
      419.76,        5.36,
      420.32,        5.34,
      420.80,        5.30,
      421.28,        5.29,
      421.76,        5.28,
      422.24,        5.33,
      422.67,        5.37,
      423.15,        5.30,
      423.67,        5.16,
      424.19,        5.06,
      424.75,        5.04,
      425.23,        5.03,
      425.75,        4.99,
      426.27,        4.98,
      426.75,        4.98,
      427.19,        4.97,
      427.70,        5.00,
      428.18,        5.01,
      428.66,        5.01,
      429.14,        5.03,
      429.62,        5.05,
      430.10,        5.05,
      430.54,        5.09,
      431.02,        5.19,
      431.58,        5.18,
      432.10,        5.18,
      432.57,        5.21,
      433.09,        5.28,
      433.61,        5.32,
      434.09,        5.39,
      434.57,        5.35,
      435.05,        5.29,
      435.53,        5.31,
      436.01,        5.32,
      436.53,        5.36,
      437.01,        5.40,
      437.48,        5.47,
      437.92,        5.51,
      438.40,        5.51,
      438.88,        5.47,
      439.36,        5.44,
      439.88,        5.42,
      440.40,        5.44,
      440.96,        5.44,
      441.48,        5.43,
      441.96,        5.33,
      442.48,        5.22,
      442.91,        5.05,
      443.39,        4.84,
      443.95,        4.49,
      444.43,        4.05,
      444.95,        3.57,
      445.39,        3.13,
      445.87,        2.73,
      446.31,        2.38,
      446.79,        1.93,
      447.27,        1.49,
      447.82,        1.09,
      448.34,        0.67,
      448.86,        0.27,
      449.38,       -0.07,
      449.90,       -0.37,
      450.38,       -0.66,
      450.86,       -0.98,
      451.34,       -1.32,
      451.82,       -1.66,
      452.30,       -1.90,
      452.77,       -2.07,
      453.25,       -2.25,
      453.73,       -2.43,
      454.21,       -2.61,
      454.69,       -2.72,
      455.13,       -2.86,
      455.65,       -2.99,
      456.21,       -3.14,
      456.69,       -3.24,
      457.21,       -3.27,
      457.72,       -3.28,
      458.20,       -3.35,
      458.68,       -3.39,
      459.12,       -3.46,
      459.64,       -3.47,
      460.08,       -3.43,
      460.60,       -3.42,
      461.08,       -3.47,
      461.56,       -3.50,
      462.04,       -3.51,
      462.48,       -3.56,
      462.95,       -3.60,
      463.43,       -3.61,
      463.99,       -3.61,
      464.51,       -3.63,
      465.03,       -3.70,
      465.55,       -3.78,
      466.03,       -3.83,
      466.51,       -3.83,
      466.95,       -3.78,
      467.43,       -3.80,
      467.98,       -3.74,
      468.46,       -3.63,
      468.94,       -3.61,
      469.42,       -3.61,
      469.90,       -3.51,
      470.38,       -3.61,
      470.86,       -3.64,
      471.34,       -3.59,
      471.82,       -3.56,
      472.34,       -3.61,
      472.81,       -3.61,
      473.33,       -3.74,
      473.85,       -3.90,
      474.29,       -3.95,
      474.77,       -3.94,
      475.25,       -3.87,
      475.73,       -3.82,
      476.25,       -3.78,
      476.77,       -3.77,
      477.25,       -3.75,
      477.72,       -3.76,
      478.20,       -3.81,
      478.64,       -3.92,
      479.12,       -4.04,
      479.68,       -4.14,
      480.20,       -4.16,
      480.72,       -4.17,
      481.24,       -4.17,
      481.72,       -4.07,
      482.20,       -3.97,
      482.67,       -3.91,
      483.15,       -3.90,
      483.63,       -3.84,
      484.15,       -3.79,
      484.67,       -3.75,
      485.15,       -3.74,
      485.63,       -3.74,
      486.11,       -3.85,
      486.55,       -3.88,
      487.03,       -3.78,
      487.51,       -3.67,
      488.02,       -3.60,
      488.54,       -3.59,
      489.02,       -3.58,
      489.54,       -3.59,
      490.02,       -3.60,
      490.50,       -3.64,
      490.98,       -3.61,
      491.46,       -3.58,
      491.94,       -3.52,
      492.46,       -3.46,
      492.93,       -3.43,
      493.41,       -3.39,
      493.89,       -3.38,
      494.37,       -3.35,
      494.85,       -3.31,
      495.33,       -3.32,
      495.85,       -3.26,
      496.33,       -3.24,
      496.85,       -3.22,
      497.37,       -3.23,
      497.84,       -3.22,
      498.36,       -3.18,
      498.84,       -3.13,
      499.28,       -3.09,
      499.84,       -3.08,
      500.36,       -3.04,
      500.84,       -2.99,
      501.36,       -2.97,
      501.84,       -2.93,
      502.28,       -2.84,
      502.75,       -2.76,
      503.23,       -2.69,
      503.67,       -2.60,
      504.19,       -2.51,
      504.71,       -2.42,
      505.23,       -2.37,
      505.75,       -2.27,
      506.23,       -2.25,
      506.71,       -2.24,
      507.19,       -2.15,
      507.66,       -2.01,
      508.14,       -1.91,
      508.66,       -1.88,
      509.14,       -1.81,
      509.62,       -1.81,
      510.10,       -1.80,
      510.58,       -1.80,
      511.02,       -1.80,
      511.50,       -1.77,
      512.06,       -1.69,
      512.53,       -1.64,
      513.09,       -1.59,
      513.61,       -1.55,
      514.09,       -1.51,
      514.61,       -1.44,
      515.09,       -1.39,
      515.53,       -1.32,
      516.05,       -1.27,
      516.61,       -1.28,
      517.09,       -1.23,
      517.60,       -1.25,
      518.08,       -1.21,
      518.52,       -1.24,
      518.96,       -1.22,
      519.44,       -1.20,
      520.00,       -1.20,
      520.52,       -1.16,
      521.04,       -1.17,
      521.52,       -1.18,
      522.04,       -1.16,
      522.52,       -1.17,
      522.99,       -1.20,
      523.47,       -1.24,
      523.95,       -1.21,
      524.43,       -1.19,
      524.95,       -1.14,
      525.43,       -1.12,
      525.87,       -1.15,
      526.35,       -1.16,
      526.83,       -1.16,
      527.31,       -1.14,
      527.78,       -1.12,
      528.26,       -1.12,
      528.78,       -1.07,
      529.22,       -1.03,
      529.74,       -0.98,
      530.22,       -0.98,
      530.74,       -0.97,
      531.22,       -1.00,
      531.70,       -1.02,
      532.18,       -0.99,
      532.65,       -0.99,
      533.13,       -1.05,
      533.61,       -1.06,
      534.09,       -1.07,
      534.57,       -1.10,
      535.05,       -1.10,
      535.49,       -1.16,
      536.01,       -1.11,
      536.53,       -1.07,
      537.01,       -1.16,
      537.53,       -1.18,
      538.04,       -1.21,
      538.52,       -1.26,
      539.04,       -1.31,
      539.48,       -1.36,
      539.96,       -1.39,
      540.44,       -1.46,
      540.92,       -1.70,
      541.44,       -2.03,
      541.92,       -2.47,
      542.40,       -2.95,
      542.83,       -3.46,
      543.31,       -3.94,
      543.79,       -4.39,
      544.31,       -4.78,
      544.83,       -5.05,
      545.31,       -5.13,
      545.83,       -5.09,
      546.35,       -5.10,
      546.83,       -5.20,
      547.31,       -5.26,
      547.74,       -5.22,
      548.26,       -5.25,
      548.74,       -5.27,
      549.22,       -5.29,
      549.74,       -5.40,
      550.22,       -5.49,
      550.66,       -5.52,
      551.14,       -5.53,
      551.62,       -5.45,
      552.14,       -5.27,
      552.65,       -5.17,
      553.21,       -5.13,
      553.69,       -5.14,
      554.21,       -5.21,
      554.69,       -5.18,
      555.17,       -5.16,
      555.61,       -5.03,
      556.17,       -4.88,
      556.65,       -4.74,
      557.13,       -4.62,
      557.64,       -4.54,
      558.12,       -4.44,
      558.56,       -4.30,
      559.04,       -4.17,
      559.52,       -4.04,
      560.00,       -3.91,
      560.52,       -3.76,
      561.04,       -3.66,
      561.56,       -3.56,
      562.08,       -3.44,
      562.55,       -3.30,
      563.03,       -3.22,
      563.51,       -3.16,
      563.99,       -3.10,
      564.47,       -3.01,
      564.99,       -2.90,
      565.47,       -2.78,
      565.95,       -2.67,
      566.43,       -2.53,
      566.87,       -2.43,
      567.35,       -2.31,
      567.86,       -2.22,
      568.34,       -2.08,
      568.86,       -1.99,
      569.34,       -1.89,
      569.86,       -1.77,
      570.34,       -1.65,
      570.86,       -1.55,
      571.30,       -1.46,
      571.78,       -1.38,
      572.26,       -1.25,
      572.81,       -1.12,
      573.29,       -1.03,
      573.77,       -0.97,
      574.25,       -0.90,
      574.69,       -0.81,
      575.17,       -0.75,
      575.65,       -0.64,
      576.17,       -0.56,
      576.61,       -0.44,
      577.17,       -0.37,
      577.64,       -0.25,
      578.16,       -0.15,
      578.64,       -0.05,
      579.08,        0.02,
      579.56,        0.13,
      580.04,        0.18,
      580.52,        0.22,
      581.04,        0.35,
      581.52,        0.42,
      582.00,        0.50,
      582.48,        0.59,
      582.95,        0.68,
      583.39,        0.79,
      583.87,        0.90,
      584.39,        0.96,
      584.87,        1.08,
      585.43,        1.16,
      585.95,        1.22,
      586.43,        1.27,
      586.91,        1.33,
      587.39,        1.42,
      587.90,        1.49,
      588.34,        1.54,
      588.86,        1.63,
      589.34,        1.63,
      589.82,        1.68,
      590.30,        1.73,
      590.78,        1.77,
      591.22,        1.83,
      591.70,        1.81,
      592.26,        1.85,
      592.77,        1.94,
      593.25,        2.02,
      593.77,        2.05,
      594.25,        2.05,
      594.73,        2.10,
      595.21,        2.12,
      595.69,        2.08,
      596.17,        2.10,
      596.65,        2.10,
      597.17,        2.12,
      597.64,        2.15,
      598.12,        2.13,
      598.56,        2.20,
      599.04,        2.12,
      599.48,        2.10,
      600.00,        2.20,
      600.48,        2.16,
      601.00,        2.24,
      601.52,        2.28,
      602.00,        2.27,
      602.52,        2.33,
      602.99,        2.27,
      603.43,        2.35,
      603.91,        2.37,
      604.39,        2.19,
      604.91,        2.04,
      605.39,        1.65,
      605.87,        1.20,
      606.35,        0.87,
      606.79,        0.42,
      607.31,        0.02,
      607.78,       -0.34,
      608.26,       -0.82,
      608.78,       -1.26,
      609.26,       -1.66,
      609.82,       -2.05,
      610.30,       -2.49,
      610.78,       -2.91,
      611.26,       -3.34,
      611.74,       -3.65,
      612.22,       -4.03,
      612.69,       -4.41,
      613.17,       -4.60,
      613.65,       -4.52,
      614.17,       -4.46,
      614.61,       -4.44,
      615.09,       -4.38,
      615.57,       -4.34,
      616.13,       -4.45,
      616.61,       -4.52,
      617.17,       -4.56,
      617.64,       -4.64,
      618.16,       -4.62,
      618.64,       -4.61,
      619.12,       -4.60,
      619.60,       -4.57,
      620.08,       -4.57,
      620.52,       -4.56,
      621.04,       -4.52,
      621.52,       -4.49,
      622.00,       -4.49,
      622.48,       -4.47,
      622.95,       -4.44,
      623.43,       -4.45,
      623.91,       -4.39,
      624.43,       -4.35,
      624.95,       -4.34,
      625.43,       -4.34,
      625.95,       -4.35,
      626.47,       -4.35,
      626.95,       -4.37,
      627.39,       -4.40,
      627.82,       -4.48,
      628.30,       -4.48,
      628.82,       -4.41,
      629.30,       -4.31,
      629.78,       -4.25,
      630.26,       -4.25,
      630.74,       -4.24,
      631.22,       -4.22,
      631.70,       -4.13,
      632.22,       -4.07,
      632.69,       -4.01,
      633.21,       -3.95,
      633.73,       -3.89,
      634.21,       -3.82,
      634.73,       -3.81,
      635.17,       -3.78,
      635.65,       -3.69,
      636.13,       -3.65,
      636.61,       -3.57,
      637.13,       -3.52,
      637.60,       -3.47,
      638.08,       -3.42,
      638.56,       -3.42,
      639.04,       -3.43,
      639.48,       -3.40,
      640.00,       -3.38,
      640.52,       -3.35,
      641.00,       -3.32,
      641.52,       -3.32,
      642.04,       -3.30,
      642.52,       -3.21,
      642.99,       -3.14,
      643.47,       -3.13,
      643.95,       -3.11,
      644.43,       -3.08,
      644.91,       -3.08,
      645.43,       -3.08,
      645.91,       -3.05,
      646.39,       -3.02,
      646.87,       -2.97,
      647.35,       -2.87,
      647.82,       -2.78,
      648.34,       -2.71,
      648.86,       -2.69,
      649.38,       -2.62,
      649.86,       -2.61,
      650.34,       -2.63,
      650.86,       -2.50,
      651.34,       -2.49,
      651.78,       -2.51,
      652.26,       -2.54,
      652.81,       -2.49,
      653.29,       -2.40,
      653.81,       -2.38,
      654.29,       -2.36,
      654.73,       -2.35,
      655.21,       -2.29,
      655.69,       -2.23,
      656.21,       -2.21,
      656.69,       -2.23,
      657.21,       -2.24,
      657.68,       -2.19,
      658.20,       -2.12,
      658.72,       -2.06,
      659.20,       -2.02,
      659.64,       -1.95,
      660.12,       -1.94,
      660.60,       -1.93,
      661.12,       -1.91,
      661.60,       -1.92,
      662.08,       -1.87,
      662.56,       -1.79,
      663.03,       -1.78,
      663.51,       -1.77,
      663.99,       -1.76,
      664.47,       -1.76,
      664.99,       -1.71,
      665.55,       -1.66,
      666.03,       -1.61,
      666.55,       -1.62,
      667.03,       -1.60,
      667.51,       -1.55,
      667.98,       -1.50,
      668.46,       -1.53,
      668.94,       -1.53,
      669.46,       -1.55,
      669.94,       -1.55,
      670.42,       -1.51,
      670.90,       -1.52,
      671.34,       -1.52,
      671.82,       -1.52,
      672.34,       -1.47,
      672.81,       -1.42,
      673.33,       -1.46,
      673.85,       -1.48,
      674.37,       -1.48,
      674.85,       -1.44,
      675.33,       -1.38,
      675.81,       -1.30,
      676.29,       -1.24,
      676.77,       -1.23,
      677.29,       -1.18,
      677.76,       -1.20,
      678.24,       -1.23,
      678.68,       -1.20,
      679.16,       -1.17,
      679.64,       -1.12,
      680.12,       -1.09,
      680.64,       -1.06,
      681.16,       -1.05,
      681.68,       -0.99,
      682.16,       -0.95,
      682.67,       -0.92,
      683.15,       -0.85,
      683.59,       -0.82,
      684.07,       -0.76,
      684.59,       -0.73,
      685.07,       -0.75,
      685.55,       -0.72,
      686.03,       -0.68,
      686.47,       -0.65,
      686.95,       -0.63,
      687.43,       -0.64,
      687.90,       -0.60,
      688.42,       -0.56,
      688.94,       -0.50,
      689.42,       -0.44,
      689.94,       -0.39,
      690.46,       -0.34,
      690.94,       -0.28,
      691.42,       -0.24,
      691.90,       -0.20,
      692.38,       -0.15,
      692.85,       -0.09,
      693.33,       -0.05,
      693.81,        0.02,
      694.29,        0.10,
      694.77,        0.16,
      695.25,        0.20,
      695.69,        0.24,
      696.21,        0.30,
      696.73,        0.34,
      697.25,        0.41,
      697.76,        0.46,
      698.24,        0.52,
      698.76,        0.58,
      699.24,        0.62,
      699.72,        0.69,
      700.20,        0.76,
      700.68,        0.81,
      701.20,        0.83,
      701.68,        0.86,
      702.16,        0.93,
      702.63,        0.97,
      703.11,        0.99,
      703.59,        0.98,
      704.07,        0.98,
      704.59,        1.03,
      705.15,        1.09,
      705.71,        1.10,
      706.19,        1.14,
      706.71,        1.17,
      707.23,        1.21,
      707.66,        1.22,
      708.14,        1.26,
      708.62,        1.28,
      709.10,        1.32,
      709.62,        1.34,
      710.10,        1.37,
      710.58,        1.38,
      711.06,        1.39,
      711.54,        1.39,
      712.02,        1.38,
      712.54,        1.38,
      713.01,        1.41,
      713.57,        1.42,
      714.09,        1.44,
      714.57,        1.47,
      715.05,        1.54,
      715.49,        1.51,
      715.97,        1.53,
      716.49,        1.57,
      717.01,        1.59,
      717.53,        1.64,
      718.00,        1.68,
      718.48,        1.65,
      718.96,        1.57,
      719.44,        1.51,
      719.92,        1.48,
      720.44,        1.44,
      720.96,        1.42,
      721.44,        1.42,
      721.96,        1.41,
      722.48,        1.42,
      722.95,        1.48,
      723.43,        1.51,
      723.91,        1.52,
      724.39,        1.51,
      724.95,        1.55,
      725.43,        1.55,
      725.91,        1.53,
      726.43,        1.48,
      726.87,        1.46,
      727.35,        1.46,
      727.82,        1.48,
      728.34,        1.54,
      728.82,        1.56,
      729.34,        1.57,
      729.86,        1.51,
      730.34,        1.46,
      730.82,        1.49,
      731.30,        1.51,
      731.78,        1.57,
      732.26,        1.64,
      732.77,        1.67,
      733.25,        1.69,
      733.77,        1.74,
      734.25,        1.81,
      734.69,        1.77,
      735.17,        1.77,
      735.65,        1.84,
      736.13,        1.89,
      736.65,        1.94,
      737.17,        1.96,
      737.61,        1.97,
      738.12,        1.99,
      738.64,        2.00,
      739.12,        2.00,
      739.56,        2.06,
      740.04,        2.13,
      740.56,        2.16,
      741.08,        2.16,
      741.56,        2.16,
      742.08,        2.15,
      742.52,        2.12,
      742.99,        2.12,
      743.47,        2.09,
      743.95,        1.95,
      744.43,        1.77,
      744.95,        1.54,
      745.43,        1.28,
      745.95,        1.03,
      746.43,        0.83,
      746.95,        0.59,
      747.39,        0.28,
      747.86,        0.04,
      748.34,       -0.17,
      748.86,       -0.46,
      749.34,       -0.68,
      749.82,       -0.89,
      750.30,       -1.20,
      750.74,       -1.55,
      751.22,       -1.91,
      751.70,       -2.35,
      752.18,       -2.75,
      752.69,       -3.13,
      753.17,       -3.56,
      753.69,       -3.94,
      754.21,       -4.29,
      754.69,       -4.52,
      755.17,       -4.65,
      755.65,       -4.72,
      756.09,       -4.76,
      756.61,       -4.80,
      757.09,       -4.83,
      757.57,       -4.91,
      758.04,       -4.99,
      758.52,       -5.07,
      759.00,       -5.18,
      759.44,       -5.27,
      759.92,       -5.31,
      760.44,       -5.35,
      760.96,       -5.41,
      761.44,       -5.45,
      761.96,       -5.49,
      762.44,       -5.51,
      762.95,       -5.53,
      763.39,       -5.57,
      763.87,       -5.53,
      764.35,       -5.53,
      764.83,       -5.51,
      765.35,       -5.49,
      765.83,       -5.41,
      766.31,       -5.38,
      766.71,       -5.39,
      767.19,       -5.33,
      767.66,       -5.39,
      768.14,       -5.53,
      768.66,       -5.62,
      769.14,       -5.62,
      769.66,       -5.61,
      770.14,       -5.70,
      770.66,       -5.78,
      771.10,       -5.72,
      771.58,       -5.75,
      772.06,       -5.83,
      772.54,       -5.89,
      773.01,       -5.92,
      773.49,       -6.05,
      773.97,       -6.10,
      774.45,       -6.14,
      774.93,       -6.11,
      775.37,       -6.05,
      775.85,       -6.05,
      776.33,       -6.06,
      776.85,       -6.09,
      777.37,       -6.10,
      777.88,       -6.04,
      778.36,       -6.01,
      778.84,       -6.06,
      779.32,       -6.07,
      779.80,       -6.08,
      780.28,       -6.05,
      780.76,       -6.00,
      781.24,       -5.99,
      781.72,       -5.97,
      782.20,       -5.92,
      782.67,       -5.91,
      783.11,       -5.83,
      783.59,       -5.78,
      784.07,       -5.75,
      784.59,       -5.74,
      785.11,       -5.68,
      785.63,       -5.59,
      786.11,       -5.53,
      786.63,       -5.49,
      787.11,       -5.42,
      787.59,       -5.38,
      788.02,       -5.31,
      788.54,       -5.31,
      789.06,       -5.27,
      789.54,       -5.22,
      790.02,       -5.19,
      790.50,       -5.19,
      790.98,       -5.22,
      791.46,       -5.19,
      791.94,       -5.18,
      792.42,       -5.24,
      792.93,       -5.23,
      793.45,       -5.19,
      793.97,       -5.18,
      794.45,       -5.17,
      794.97,       -5.15,
      795.41,       -5.13,
      795.89,       -5.09,
      796.37,       -5.04,
      796.85,       -5.00,
      797.37,       -4.94,
      797.84,       -4.90,
      798.32,       -4.83,
      798.80,       -4.80,
      799.28,       -4.74,
      799.76,       -4.73,
      800.28,       -4.70,
      800.76,       -4.67,
      801.28,       -4.65,
      801.80,       -4.62,
      802.28,       -4.59,
      802.75,       -4.54,
      803.23,       -4.54,
      803.71,       -4.49,
      804.19,       -4.45,
      804.67,       -4.42,
      805.19,       -4.41,
      805.67,       -4.39,
      806.15,       -4.37,
      806.63,       -4.34,
      807.07,       -4.26,
      807.55,       -4.22,
      808.02,       -4.13,
      808.54,       -4.04,
      809.06,       -4.01,
      809.54,       -3.91,
      810.02,       -3.85,
      810.54,       -3.86,
      811.02,       -3.77,
      811.50,       -3.69,
      811.98,       -3.65,
      812.42,       -3.58,
      812.93,       -3.51,
      813.41,       -3.49,
      813.89,       -3.47,
      814.37,       -3.47,
      814.85,       -3.48,
      815.33,       -3.41,
      815.81,       -3.38,
      816.29,       -3.38,
      816.81,       -3.31,
      817.29,       -3.25,
      817.80,       -3.17,
      818.28,       -3.12,
      818.76,       -3.04,
      819.24,       -3.01,
      819.72,       -2.96,
      820.16,       -2.91,
      820.64,       -2.86,
      821.16,       -2.82,
      821.64,       -2.69,
      822.12,       -2.62,
      822.60,       -2.52,
      823.07,       -2.47,
      823.55,       -2.45,
      824.03,       -2.38,
      824.51,       -2.27,
      825.03,       -2.17,
      825.51,       -2.09,
      826.03,       -2.03,
      826.51,       -1.95,
      826.99,       -1.91,
      827.47,       -1.81,
      827.94,       -1.70,
      828.42,       -1.58,
      828.90,       -1.51,
      829.42,       -1.44,
      829.90,       -1.42,
      830.38,       -1.36,
      830.86,       -1.32,
      831.34,       -1.29,
      831.78,       -1.26,
      832.30,       -1.21,
      832.81,       -1.18,
      833.33,       -1.14,
      833.85,       -1.10,
      834.33,       -1.06,
      834.81,       -1.04,
      835.29,       -1.03,
      835.73,       -1.00,
      836.25,       -1.03,
      836.73,       -1.07,
      837.21,       -1.07,
      837.68,       -1.06,
      838.16,       -1.13,
      838.64,       -1.13,
      839.12,       -1.13,
      839.60,       -1.16,
      840.04,       -1.16,
      840.56,       -1.11,
      841.08,       -1.07,
      841.60,       -1.01,
      842.08,       -0.96,
      842.56,       -0.90,
      843.03,       -0.81,
      843.51,       -0.69,
      843.99,       -0.66,
      844.47,       -0.61,
      844.95,       -0.55,
      845.43,       -0.48,
      845.91,       -0.42,
      846.39,       -0.36,
      846.83,       -0.29,
      847.31,       -0.24,
      847.78,       -0.16,
      848.30,       -0.10,
      848.78,       -0.04,
      849.30,        0.02,
      849.82,        0.08,
      850.30,        0.11,
      850.78,        0.17,
      851.26,        0.22,
      851.74,        0.28,
      852.22,        0.28,
      852.70,        0.30,
      853.17,        0.29,
      853.65,        0.33,
      854.13,        0.34,
      854.61,        0.36,
      855.09,        0.34,
      855.57,        0.35,
      856.01,        0.40,
      856.53,        0.44,
      857.05,        0.39,
      857.53,        0.29,
      858.04,        0.28,
      858.52,        0.26,
      859.00,        0.15,
      859.48,        0.11,
      859.96,        0.04,
      860.44,       -0.11,
      860.88,       -0.20,
      861.40,       -0.23,
      861.88,       -0.24,
      862.36,       -0.28,
      862.79,       -0.36,
      863.31,       -0.39,
      863.75,       -0.41,
      864.27,       -0.42,
      864.75,       -0.49,
      865.27,       -0.49,
      865.79,       -0.50,
      866.27,       -0.50,
      866.75,       -0.52,
      867.23,       -0.60,
      867.71,       -0.64,
      868.14,       -0.72,
      868.62,       -0.74,
      869.14,       -0.79,
      869.62,       -0.85,
      870.10,       -0.85,
      870.58,       -0.88,
      871.06,       -0.93,
      871.54,       -1.00,
      872.02,       -1.04,
      872.54,       -0.99,
      873.01,       -1.07,
      873.53,       -1.14,
      874.05,       -1.12,
      874.53,       -1.18,
      874.97,       -1.21,
      875.45,       -1.33,
      875.93,       -1.54,
      876.41,       -1.76,
      876.89,       -2.06,
      877.41,       -2.38,
      877.88,       -2.68,
      878.36,       -2.91,
      878.84,       -3.14,
      879.32,       -3.44,
      879.80,       -3.73,
      880.32,       -4.05,
      880.80,       -4.36,
      881.32,       -4.69,
      881.84,       -5.00,
      882.32,       -5.18,
      882.79,       -5.37,
      883.27,       -5.66,
      883.75,       -6.01,
      884.23,       -6.27,
      884.71,       -6.49,
      885.23,       -6.69,
      885.71,       -6.84,
      886.19,       -7.23,
      886.67,       -7.48,
      887.15,       -7.76,
      887.63,       -7.89,
      888.10,       -7.85,
      888.62,       -7.71,
      889.14,       -7.58,
      889.62,       -7.61,
      890.14,       -7.63,
      890.62,       -7.80,
      891.10,       -8.03,
      891.54,       -8.22,
      892.02,       -8.37,
      892.54,       -8.43,
      893.01,       -8.56,
      893.49,       -8.78,
      893.97,       -8.91,
      894.45,       -8.97,
      894.89,       -8.95,
      895.37,       -9.03,
      895.81,       -9.15,
      896.33,       -9.29,
      896.81,       -9.34,
      897.33,       -9.42,
      897.84,       -9.57,
      898.32,       -9.70,
      898.80,       -9.71,
      899.28,       -9.70,
      899.76,       -9.76,
      900.24,       -9.76,
      900.72,       -9.94,
      901.20,      -10.11,
      901.68,      -10.15,
      902.16,      -10.17,
      902.60,      -10.18,
      903.07,      -10.18,
      903.55,      -10.15,
      904.03,      -10.13,
      904.55,      -10.14,
      905.07,      -10.16,
      905.55,      -10.16,
      906.07,      -10.12,
      906.55,      -10.12,
      907.03,      -10.11,
      907.51,      -10.11,
      907.98,      -10.10,
      908.46,      -10.03,
      908.94,       -9.95,
      909.46,       -9.85,
      909.94,       -9.75,
      910.38,       -9.67,
      910.86,       -9.53,
      911.34,       -9.44,
      911.82,       -9.34,
      912.30,       -9.36,
      912.81,       -9.36,
      913.29,       -9.27,
      913.81,       -9.20,
      914.33,       -9.13,
      914.81,       -9.07,
      915.29,       -9.02,
      915.73,       -8.94,
      916.21,       -8.89,
      916.73,       -8.84,
      917.21,       -8.73,
      917.69,       -8.64,
      918.16,       -8.59,
      918.64,       -8.55,
      919.12,       -8.42,
      919.56,       -8.29,
      920.04,       -8.22,
      920.56,       -8.13,
      921.08,       -8.04,
      921.60,       -7.98,
      922.12,       -7.92,
      922.60,       -7.88,
      923.03,       -7.80,
      923.51,       -7.68,
      923.99,       -7.60,
      924.47,       -7.54,
      924.95,       -7.47,
      925.43,       -7.40,
      925.91,       -7.34,
      926.39,       -7.28,
      926.87,       -7.16,
      927.35,       -7.02,
      927.82,       -6.89,
      928.30,       -6.76,
      928.82,       -6.67,
      929.34,       -6.57,
      929.82,       -6.54,
      930.34,       -6.50,
      930.82,       -6.43,
      931.26,       -6.36,
      931.74,       -6.26,
      932.22,       -6.15,
      932.73,       -6.07,
      933.17,       -6.00,
      933.69,       -5.95,
      934.13,       -5.90,
      934.61,       -5.88,
      935.13,       -5.84,
      935.57,       -5.86,
      936.09,       -5.85,
      936.57,       -5.74,
      937.13,       -5.58,
      937.61,       -5.50,
      938.08,       -5.48,
      938.60,       -5.44,
      939.08,       -5.41,
      939.52,       -5.42,
      940.04,       -5.37,
      940.52,       -5.30,
      941.00,       -5.21,
      941.48,       -5.14,
      941.96,       -5.09,
      942.44,       -5.02,
      942.91,       -4.97,
      943.39,       -4.95,
      943.87,       -4.93,
      944.43,       -4.85,
      944.99,       -4.74,
      945.47,       -4.65,
      945.99,       -4.59,
      946.47,       -4.54,
      946.95,       -4.45,
      947.43,       -4.35,
      947.90,       -4.30,
      948.38,       -4.22,
      948.86,       -4.11,
      949.38,       -4.04,
      949.86,       -3.97,
      950.34,       -3.94,
      950.78,       -3.91,
      951.26,       -3.81,
      951.78,       -3.74,
      952.26,       -3.64,
      952.77,       -3.54,
      953.29,       -3.48,
      953.77,       -3.39,
      954.29,       -3.30,
      954.77,       -3.28,
      955.21,       -3.28,
      955.69,       -3.20,
      956.25,       -3.12,
      956.73,       -3.05,
      957.21,       -3.03,
      957.73,       -3.01,
      958.20,       -2.99,
      958.64,       -2.95,
      959.12,       -2.89,
      959.60,       -2.86,
      960.12,       -2.82,
      960.64,       -2.82,
      961.12,       -2.78,
      961.64,       -2.71,
      962.16,       -2.68,
      962.64,       -2.60,
      963.11,       -2.60,
      963.59,       -2.48,
      964.07,       -2.43,
      964.55,       -2.34,
      965.07,       -2.27,
      965.59,       -2.20,
      966.07,       -2.11,
      966.55,       -1.99,
      966.99,       -1.88,
      967.51,       -1.79,
      967.98,       -1.71,
      968.50,       -1.63,
      969.02,       -1.55,
      969.58,       -1.47,
      970.06,       -1.38,
      970.54,       -1.30,
      971.06,       -1.22,
      971.54,       -1.15,
      971.98,       -1.07,
      972.50,       -0.99,
      972.97,       -0.91,
      973.49,       -0.82,
      973.97,       -0.73,
      974.45,       -0.71,
      974.93,       -0.68,
      975.41,       -0.64,
      975.89,       -0.63,
      976.41,       -0.55,
      976.89,       -0.53,
      977.41,       -0.53,
      977.92,       -0.52,
      978.44,       -0.46,
      978.92,       -0.42,
      979.44,       -0.37,
      979.92,       -0.33,
      980.40,       -0.30,
      980.88,       -0.24,
      981.40,       -0.19,
      981.88,       -0.15,
      982.36,       -0.15,
      982.83,       -0.07,
      983.31,       -0.02,
      983.79,        0.01,
      984.27,        0.07,
      984.79,        0.12,
      985.31,        0.19,
      985.83,        0.21,
      986.31,        0.28,
      986.83,        0.36,
      987.35,        0.44,
      987.82,        0.45,
      988.30,        0.49,
      988.78,        0.59,
      989.30,        0.66,
      989.78,        0.73,
      990.26,        0.81,
      990.74,        0.79,
      991.22,        0.81,
      991.66,        0.86,
      992.18,        0.91,
      992.70,        0.91,
      993.21,        0.93,
      993.69,        0.95,
      994.21,        1.01,
      994.69,        1.03,
      995.21,        1.01,
      995.69,        0.98,
      996.17,        0.99,
      996.65,        1.00,
      997.13,        0.98,
      997.65,        0.95,
      998.12,        0.98,
      998.60,        0.96,
      999.04,        0.98,
      999.48,        1.01,
     1000.00,        1.00,
     1000.52,        1.06,
     1001.04,        1.02,
     1001.52,        0.97,
     1002.04,        0.92,
     1002.56,        0.69,
     1003.03,        0.60,
     1003.51,        0.49,
     1003.99,        0.34,
     1004.47,        0.37,
     1004.99,        0.35,
     1005.47,        0.37,
     1005.95,        0.43,
     1006.39,        0.36,
     1006.87,        0.40,
     1007.35,        0.46,
     1007.86,        0.43,
     1008.42,        0.52,
     1008.94,        0.55,
     1009.42,        0.55,
     1009.94,        0.63,
     1010.46,        0.65,
     1010.94,        0.69,
     1011.42,        0.74,
     1011.90,        0.74,
     1012.42,        0.82,
     1012.89,        0.85,
     1013.37,        0.83,
     1013.85,        0.92,
     1014.33,        0.95,
     1014.81,        0.97,
     1015.29,        1.03,
     1015.77,        1.03,
     1016.25,        1.09,
     1016.77,        1.11,
     1017.29,        1.13,
     1017.80,        1.17,
     1018.32,        1.22,
     1018.80,        1.27,
     1019.28,        1.36,
     1019.76,        1.36,
     1020.28,        1.42,
     1020.76,        1.34,
     1021.24,        1.25,
     1021.72,        1.09,
     1022.24,        0.85,
     1022.68,        0.63,
     1023.15,        0.43,
     1023.63,        0.07,
     1024.19,       -0.30,
     1024.71,       -0.62,
     1025.23,       -1.00,
     1025.75,       -1.33,
     1026.23,       -1.64,
     1026.75,       -2.04,
     1027.23,       -2.42,
     1027.71,       -2.81,
     1028.18,       -3.25,
     1028.62,       -3.70,
     1029.14,       -4.10,
     1029.66,       -4.57,
     1030.14,       -5.06,
     1030.62,       -5.43,
     1031.06,       -5.75,
     1031.54,       -5.95,
     1032.02,       -6.00,
     1032.54,       -6.04,
     1033.05,       -6.03,
     1033.57,       -5.99,
     1034.09,       -6.05,
     1034.57,       -6.11,
     1035.09,       -6.12,
     1035.53,       -6.17,
     1036.01,       -6.30,
     1036.49,       -6.34,
     1037.01,       -6.41,
     1037.49,       -6.48,
     1037.96,       -6.49,
     1038.44,       -6.51,
     1038.92,       -6.62,
     1039.40,       -6.71,
     1039.92,       -6.84,
     1040.40,       -6.92,
     1040.92,       -7.01,
     1041.44,       -7.10,
     1041.96,       -7.12,
     1042.44,       -7.15,
     1042.95,       -7.14,
     1043.39,       -7.19,
     1043.87,       -7.23,
     1044.39,       -7.23,
     1044.91,       -7.28,
     1045.39,       -7.26,
     1045.87,       -7.32,
     1046.35,       -7.33,
     1046.83,       -7.31,
     1047.31,       -7.36,
     1047.79,       -7.39,
     1048.26,       -7.41,
     1048.78,       -7.52,
     1049.30,       -7.62,
     1049.82,       -7.66,
     1050.30,       -7.67,
     1050.78,       -7.67,
     1051.26,       -7.67,
     1051.74,       -7.61,
     1052.22,       -7.59,
     1052.74,       -7.56,
     1053.25,       -7.64,
     1053.73,       -7.71,
     1054.21,       -7.70,
     1054.69,       -7.73,
     1055.17,       -7.81,
     1055.61,       -7.80,
     1056.13,       -7.80,
     1056.65,       -7.80,
     1057.17,       -7.76,
     1057.65,       -7.78,
     1058.12,       -7.81,
     1058.64,       -7.85,
     1059.12,       -7.85,
     1059.60,       -7.91,
     1060.08,       -7.89,
     1060.56,       -7.84,
     1061.08,       -7.80,
     1061.56,       -7.71,
     1062.04,       -7.68,
     1062.52,       -7.67,
     1062.99,       -7.58,
     1063.47,       -7.50,
     1063.95,       -7.43,
     1064.47,       -7.42,
     1064.99,       -7.43,
     1065.47,       -7.47,
     1065.99,       -7.45,
     1066.51,       -7.36,
     1066.99,       -7.32,
     1067.47,       -7.36,
     1067.94,       -7.29,
     1068.50,       -7.33,
     1068.98,       -7.43,
     1069.50,       -7.37,
     1069.98,       -7.32,
     1070.46,       -7.35,
     1070.94,       -7.36,
     1071.42,       -7.23,
     1071.90,       -7.18,
     1072.42,       -7.15,
     1072.89,       -7.03,
     1073.41,       -6.89,
     1073.93,       -6.84,
     1074.41,       -6.76,
     1074.93,       -6.69,
     1075.41,       -6.62,
     1075.93,       -6.54,
     1076.41,       -6.46,
     1076.89,       -6.41,
     1077.37,       -6.39,
     1077.88,       -6.31,
     1078.36,       -6.24,
     1078.84,       -6.23,
     1079.32,       -6.24,
     1079.76,       -6.16,
     1080.24,       -6.10,
     1080.76,       -6.11,
     1081.28,       -6.04,
     1081.80,       -5.96,
     1082.32,       -5.92,
     1082.80,       -5.90,
     1083.27,       -5.83,
     1083.75,       -5.80,
     1084.23,       -5.75,
     1084.75,       -5.62,
     1085.23,       -5.53,
     1085.75,       -5.51,
     1086.23,       -5.47,
     1086.67,       -5.43,
     1087.15,       -5.36,
     1087.59,       -5.27,
     1088.06,       -5.18,
     1088.58,       -5.14,
     1089.10,       -5.14,
     1089.62,       -5.03,
     1090.14,       -5.00,
     1090.62,       -4.97,
     1091.14,       -4.87,
     1091.62,       -4.83,
     1092.10,       -4.83,
     1092.62,       -4.79,
     1093.09,       -4.74,
     1093.61,       -4.71,
     1094.09,       -4.61,
     1094.53,       -4.54,
     1095.01,       -4.50,
     1095.49,       -4.46,
     1095.97,       -4.37,
     1096.49,       -4.39,
     1096.97,       -4.37,
     1097.49,       -4.24,
     1098.00,       -4.15,
     1098.52,       -4.15,
     1099.00,       -4.07,
     1099.48,       -4.04,
     1099.92,       -4.00,
     1100.44,       -3.93,
     1100.92,       -3.90,
     1101.44,       -3.87,
     1101.88,       -3.80,
     1102.36,       -3.72,
     1102.83,       -3.62,
     1103.27,       -3.53,
     1103.75,       -3.47,
     1104.27,       -3.41,
     1104.79,       -3.30,
     1105.31,       -3.23,
     1105.83,       -3.21,
     1106.31,       -3.13,
     1106.79,       -3.03,
     1107.27,       -2.94,
     1107.75,       -2.84,
     1108.22,       -2.78,
     1108.74,       -2.69,
     1109.22,       -2.58,
     1109.70,       -2.55,
     1110.18,       -2.46,
     1110.62,       -2.37,
     1111.10,       -2.29,
     1111.58,       -2.21,
     1112.06,       -2.14,
     1112.58,       -2.05,
     1113.09,       -1.97,
     1113.61,       -1.94,
     1114.09,       -1.92,
     1114.57,       -1.90,
     1115.05,       -1.86,
     1115.53,       -1.79,
     1116.01,       -1.77,
     1116.49,       -1.72,
     1116.97,       -1.68,
     1117.49,       -1.64,
     1117.96,       -1.59,
     1118.40,       -1.55,
     1118.88,       -1.55,
     1119.36,       -1.50,
     1119.84,       -1.47,
     1120.36,       -1.46,
     1120.84,       -1.47,
     1121.36,       -1.43,
     1121.88,       -1.44,
     1122.36,       -1.45,
     1122.83,       -1.44,
     1123.31,       -1.39,
     1123.75,       -1.36,
     1124.23,       -1.29,
     1124.75,       -1.25,
     1125.23,       -1.16,
     1125.71,       -1.07,
     1126.19,       -1.00,
     1126.63,       -0.93,
     1127.11,       -0.88,
     1127.59,       -0.78,
     1128.10,       -0.71,
     1128.58,       -0.61,
     1129.10,       -0.53,
     1129.62,       -0.45,
     1130.10,       -0.36,
     1130.62,       -0.28,
     1131.06,       -0.22,
     1131.50,       -0.13,
     1131.98,       -0.10,
     1132.50,        0.02,
     1132.97,        0.04,
     1133.45,        0.08,
     1133.93,        0.15,
     1134.41,        0.25,
     1134.89,        0.32,
     1135.37,        0.37,
     1135.81,        0.39,
     1136.33,        0.44,
     1136.85,        0.54,
     1137.33,        0.59,
     1137.84,        0.59,
     1138.32,        0.62,
     1138.80,        0.67,
     1139.24,        0.71,
     1139.72,        0.73,
     1140.20,        0.74,
     1140.72,        0.73,
     1141.20,        0.73,
     1141.68,        0.68,
     1142.16,        0.69,
     1142.60,        0.61,
     1143.07,        0.48,
     1143.55,        0.42,
     1144.03,        0.35,
     1144.51,        0.35,
     1145.03,        0.34,
     1145.51,        0.34,
     1146.03,        0.37,
     1146.51,        0.40,
     1146.99,        0.42,
     1147.47,        0.47,
     1147.94,        0.51,
     1148.42,        0.57,
     1148.90,        0.62,
     1149.42,        0.69,
     1149.86,        0.70,
     1150.34,        0.76,
     1150.82,        0.78,
     1151.30,        0.84,
     1151.78,        0.89,
     1152.26,        0.95,
     1152.74,        0.97,
     1153.25,        1.05,
     1153.73,        1.10,
     1154.25,        1.19,
     1154.73,        1.29,
     1155.17,        1.33,
     1155.65,        1.37,
     1156.13,        1.45,
     1156.65,        1.48,
     1157.13,        1.52,
     1157.61,        1.57,
     1158.04,        1.62,
     1158.52,        1.64,
     1159.00,        1.64,
     1159.48,        1.73,
     1159.92,        1.77,
     1160.44,        1.80,
     1160.92,        1.86,
     1161.44,        1.86,
     1161.96,        1.86,
     1162.40,        1.86,
     1162.88,        1.83,
     1163.35,        1.77,
     1163.83,        1.68,
     1164.31,        1.59,
     1164.79,        1.51,
     1165.27,        1.36,
     1165.75,        1.20,
     1166.23,        1.15,
     1166.71,        1.11,
     1167.15,        1.14,
     1167.63,        1.15,
     1168.06,        1.12,
     1168.58,        1.11,
     1169.06,        1.11,
     1169.58,        1.11,
     1170.10,        1.13,
     1170.58,        1.15,
     1171.02,        1.16,
     1171.50,        1.15,
     1171.98,        1.18,
     1172.46,        1.21,
     1172.97,        1.25,
     1173.45,        1.29,
     1173.89,        1.33,
     1174.33,        1.29,
     1174.81,        1.30,
     1175.29,        1.33,
     1175.77,        1.30,
     1176.25,        1.28,
     1176.77,        1.31,
     1177.25,        1.36,
     1177.77,        1.39,
     1178.24,        1.44,
     1178.72,        1.44,
     1179.20,        1.46,
     1179.64,        1.46,
     1180.16,        1.45,
     1180.64,        1.43,
     1181.12,        1.43,
     1181.60,        1.42,
     1182.04,        1.41,
     1182.52,        1.29,
     1182.99,        1.04,
     1183.47,        0.68,
     1183.95,        0.37,
     1184.43,       -0.03,
     1184.95,       -0.46,
     1185.43,       -0.85,
     1185.95,       -1.16,
     1186.43,       -1.42,
     1186.91,       -1.65,
     1187.35,       -1.90,
     1187.83,       -2.14,
     1188.30,       -2.40,
     1188.78,       -2.64,
     1189.26,       -2.92,
     1189.74,       -3.20,
     1190.22,       -3.50,
     1190.70,       -3.75,
     1191.18,       -4.02,
     1191.62,       -4.30,
     1192.14,       -4.45,
     1192.62,       -4.69,
     1193.13,       -5.01,
     1193.61,       -5.26,
     1194.13,       -5.39,
     1194.61,       -5.42,
     1195.05,       -5.43,
     1195.49,       -5.38,
     1195.97,       -5.37,
     1196.49,       -5.40,
     1196.97,       -5.42,
     1197.45,       -5.45,
     1197.92,       -5.44,
     1198.40,       -5.48,
     1198.88,       -5.49,
     1199.32,       -5.53,
     1199.80,       -5.60,
     1200.32,       -5.70,
     1200.80,       -5.75,
     1201.32,       -5.78,
     1201.84,       -5.80,
     1202.32,       -5.86,
     1202.76,       -5.88,
     1203.19,       -5.97,
     1203.67,       -6.02,
     1204.15,       -6.05,
     1204.63,       -6.07,
     1205.11,       -6.05,
     1205.59,       -6.03,
     1206.07,       -6.18,
     1206.51,       -6.29,
     1206.99,       -6.37,
     1207.43,       -6.40,
     1207.90,       -6.45,
     1208.38,       -6.53,
     1208.90,       -6.58,
     1209.38,       -6.64,
     1209.82,       -6.66,
     1210.26,       -6.68,
     1210.70,       -6.67,
     1211.14,       -6.66,
     1211.62,       -6.62,
     1212.06,       -6.62,
     1212.50,       -6.63,
     1212.93,       -6.65,
     1213.37,       -6.58,
     1213.77,       -6.49,
     1214.17,       -6.49,
     1214.61,       -6.45,
     1215.01,       -6.40,
     1215.41,       -6.35,
     1215.81,       -6.29,
     1216.21,       -6.30,
     1216.61,       -6.36,
     1217.01,       -6.36,
     1217.41,       -6.34,
     1217.81,       -6.27,
     1218.16,       -6.23,
     1218.52,       -6.16,
     1218.88,       -6.10,
     1219.24,       -6.05,
     1219.60,       -6.01,
     1219.96,       -5.97,
     1220.32,       -5.95,
     1220.64,       -5.95,
     1220.96,       -5.94,
     1221.32,       -5.92,
     1221.60,       -5.87,
     1221.92,       -5.84,
     1222.24,       -5.85,
     1222.56,       -5.87,
     1222.84,       -5.86,
     1223.15,       -5.91,
     1223.43,       -5.93,
     1223.75,       -5.94,
     1224.07,       -5.97,
     1224.39,       -5.97,
     1224.71,       -5.92,
     1224.99,       -5.88,
     1225.27,       -5.83,
     1225.51,       -5.79,
     1225.75,       -5.76,
     1225.91,       -5.75,
     1226.11,       -5.74,
     1226.27,       -5.71,
     1226.43,       -5.71,
     1226.55,       -5.71,
     1226.67,       -5.68,
     1226.79,       -5.69,
     1226.87,       -5.66,
     1226.91,       -5.69,
     1226.95,       -5.69,
     1226.99,       -5.70,

