       -0.00,       -0.68,
        0.04,       -0.65,
        0.12,       -0.67,
        0.16,       -0.67,
        0.20,       -0.67,
        0.24,       -0.67,
        0.32,       -0.65,
        0.40,       -0.63,
        0.48,       -0.63,
        0.52,       -0.63,
        0.60,       -0.62,
        0.68,       -0.59,
        0.80,       -0.56,
        0.88,       -0.57,
        0.96,       -0.54,
        1.08,       -0.54,
        1.20,       -0.51,
        1.28,       -0.46,
        1.40,       -0.49,
        1.52,       -0.47,
        1.64,       -0.44,
        1.76,       -0.44,
        1.88,       -0.44,
        2.04,       -0.41,
        2.16,       -0.40,
        2.31,       -0.41,
        2.47,       -0.41,
        2.59,       -0.46,
        2.79,       -0.46,
        2.91,       -0.45,
        3.11,       -0.50,
        3.27,       -0.50,
        3.43,       -0.51,
        3.63,       -0.54,
        3.79,       -0.54,
        3.99,       -0.56,
        4.19,       -0.57,
        4.35,       -0.56,
        4.55,       -0.59,
        4.75,       -0.59,
        4.95,       -0.57,
        5.15,       -0.59,
        5.35,       -0.55,
        5.55,       -0.56,
        5.75,       -0.54,
        5.99,       -0.53,
        6.19,       -0.55,
        6.39,       -0.56,
        6.59,       -0.56,
        6.79,       -0.55,
        6.99,       -0.55,
        7.19,       -0.55,
        7.38,       -0.56,
        7.58,       -0.55,
        7.78,       -0.62,
        7.98,       -0.61,
        8.18,       -0.59,
        8.38,       -0.62,
        8.62,       -0.63,
        8.82,       -0.63,
        9.06,       -0.63,
        9.30,       -0.63,
        9.54,       -0.63,
        9.78,       -0.65,
       10.02,       -0.64,
       10.26,       -0.68,
       10.50,       -0.70,
       10.78,       -0.67,
       11.02,       -0.73,
       11.30,       -0.72,
       11.54,       -0.75,
       11.82,       -0.75,
       12.10,       -0.76,
       12.37,       -0.74,
       12.61,       -0.71,
       12.89,       -0.68,
       13.17,       -0.63,
       13.49,       -0.63,
       13.77,       -0.61,
       14.09,       -0.60,
       14.37,       -0.60,
       14.69,       -0.62,
       14.97,       -0.59,
       15.29,       -0.61,
       15.57,       -0.60,
       15.85,       -0.58,
       16.17,       -0.59,
       16.45,       -0.57,
       16.77,       -0.57,
       17.05,       -0.56,
       17.36,       -0.55,
       17.68,       -0.55,
       17.96,       -0.53,
       18.28,       -0.53,
       18.60,       -0.55,
       18.88,       -0.50,
       19.16,       -0.51,
       19.48,       -0.51,
       19.80,       -0.49,
       20.08,       -0.51,
       20.40,       -0.46,
       20.72,       -0.46,
       21.04,       -0.48,
       21.36,       -0.46,
       21.68,       -0.51,
       22.04,       -0.53,
       22.39,       -0.51,
       22.75,       -0.52,
       23.07,       -0.50,
       23.43,       -0.47,
       23.75,       -0.49,
       24.07,       -0.48,
       24.43,       -0.49,
       24.79,       -0.48,
       25.15,       -0.49,
       25.51,       -0.49,
       25.83,       -0.46,
       26.19,       -0.46,
       26.55,       -0.49,
       26.91,       -0.49,
       27.27,       -0.53,
       27.58,       -0.50,
       27.94,       -0.49,
       28.26,       -0.53,
       28.62,       -0.46,
       28.98,       -0.47,
       29.30,       -0.46,
       29.70,       -0.42,
       30.06,       -0.46,
       30.46,       -0.47,
       30.86,       -0.46,
       31.22,       -0.47,
       31.58,       -0.46,
       31.94,       -0.46,
       32.29,       -0.50,
       32.65,       -0.46,
       33.01,       -0.47,
       33.41,       -0.47,
       33.77,       -0.46,
       34.13,       -0.46,
       34.49,       -0.42,
       34.85,       -0.42,
       35.21,       -0.39,
       35.57,       -0.38,
       35.93,       -0.40,
       36.29,       -0.41,
       36.69,       -0.37,
       37.05,       -0.42,
       37.40,       -0.37,
       37.80,       -0.36,
       38.20,       -0.35,
       38.60,       -0.32,
       39.00,       -0.35,
       39.40,       -0.34,
       39.76,       -0.33,
       40.16,       -0.35,
       40.52,       -0.33,
       40.92,       -0.32,
       41.32,       -0.33,
       41.68,       -0.29,
       42.08,       -0.34,
       42.47,       -0.34,
       42.87,       -0.34,
       43.27,       -0.34,
       43.67,       -0.30,
       44.03,       -0.31,
       44.43,       -0.30,
       44.83,       -0.28,
       45.19,       -0.28,
       45.59,       -0.24,
       46.03,       -0.20,
       46.43,       -0.23,
       46.87,       -0.19,
       47.27,       -0.22,
       47.70,       -0.22,
       48.06,       -0.20,
       48.46,       -0.26,
       48.86,       -0.25,
       49.30,       -0.24,
       49.70,       -0.27,
       50.10,       -0.20,
       50.50,       -0.25,
       50.94,       -0.24,
       51.34,       -0.22,
       51.74,       -0.20,
       52.14,       -0.20,
       52.49,       -0.20,
       52.89,       -0.22,
       53.33,       -0.19,
       53.73,       -0.20,
       54.17,       -0.20,
       54.61,       -0.19,
       55.05,       -0.20,
       55.49,       -0.20,
       55.89,       -0.19,
       56.33,       -0.17,
       56.73,       -0.15,
       57.17,       -0.15,
       57.56,       -0.15,
       58.00,       -0.14,
       58.44,       -0.12,
       58.84,       -0.14,
       59.28,       -0.15,
       59.68,       -0.14,
       60.08,       -0.14,
       60.52,       -0.15,
       60.96,       -0.15,
       61.36,       -0.15,
       61.80,       -0.15,
       62.28,       -0.10,
       62.71,       -0.09,
       63.15,       -0.10,
       63.59,       -0.07,
       64.03,       -0.10,
       64.47,       -0.11,
       64.87,       -0.12,
       65.31,       -0.15,
       65.75,       -0.21,
       66.19,       -0.32,
       66.63,       -0.46,
       67.07,       -0.68,
       67.46,       -0.93,
       67.90,       -1.22,
       68.30,       -1.54,
       68.74,       -1.86,
       69.18,       -2.14,
       69.62,       -2.44,
       70.06,       -2.56,
       70.54,       -2.56,
       70.98,       -2.58,
       71.46,       -2.59,
       71.86,       -2.58,
       72.30,       -2.60,
       72.73,       -2.60,
       73.17,       -2.62,
       73.61,       -2.58,
       74.05,       -2.56,
       74.49,       -2.56,
       74.93,       -2.59,
       75.37,       -2.60,
       75.81,       -2.60,
       76.25,       -2.57,
       76.65,       -2.54,
       77.09,       -2.52,
       77.52,       -2.53,
       78.00,       -2.53,
       78.44,       -2.51,
       78.92,       -2.50,
       79.36,       -2.48,
       79.80,       -2.48,
       80.24,       -2.47,
       80.68,       -2.49,
       81.12,       -2.47,
       81.56,       -2.47,
       82.04,       -2.46,
       82.47,       -2.41,
       82.91,       -2.41,
       83.35,       -2.43,
       83.79,       -2.41,
       84.19,       -2.38,
       84.63,       -2.34,
       85.07,       -2.36,
       85.51,       -2.39,
       85.95,       -2.38,
       86.47,       -2.34,
       86.95,       -2.33,
       87.42,       -2.31,
       87.86,       -2.29,
       88.30,       -2.26,
       88.74,       -2.24,
       89.22,       -2.22,
       89.66,       -2.22,
       90.14,       -2.21,
       90.58,       -2.18,
       91.06,       -2.16,
       91.46,       -2.18,
       91.94,       -2.17,
       92.37,       -2.16,
       92.81,       -2.12,
       93.25,       -2.12,
       93.77,       -2.10,
       94.21,       -2.09,
       94.73,       -2.05,
       95.21,       -2.05,
       95.69,       -2.03,
       96.13,       -2.01,
       96.61,       -1.99,
       97.05,       -1.98,
       97.52,       -1.95,
       97.96,       -1.94,
       98.44,       -1.95,
       98.88,       -1.95,
       99.32,       -1.95,
       99.80,       -1.92,
      100.24,       -1.94,
      100.72,       -1.94,
      101.16,       -1.94,
      101.60,       -1.94,
      102.08,       -1.94,
      102.59,       -1.93,
      103.07,       -1.91,
      103.55,       -1.90,
      104.03,       -1.89,
      104.47,       -1.89,
      104.95,       -1.90,
      105.39,       -1.89,
      105.87,       -1.86,
      106.35,       -1.87,
      106.83,       -1.85,
      107.27,       -1.83,
      107.74,       -1.85,
      108.18,       -1.86,
      108.66,       -1.85,
      109.10,       -1.86,
      109.58,       -1.85,
      110.10,       -1.86,
      110.62,       -1.87,
      111.10,       -1.88,
      111.62,       -1.87,
      112.06,       -1.88,
      112.53,       -1.88,
      112.97,       -1.89,
      113.45,       -1.88,
      113.93,       -1.90,
      114.41,       -1.89,
      114.89,       -1.90,
      115.37,       -1.90,
      115.81,       -1.90,
      116.29,       -1.89,
      116.77,       -1.87,
      117.21,       -1.88,
      117.68,       -1.91,
      118.16,       -1.91,
      118.68,       -1.94,
      119.20,       -1.95,
      119.68,       -1.94,
      120.16,       -1.96,
      120.60,       -1.99,
      121.08,       -2.07,
      121.56,       -2.22,
      122.04,       -2.30,
      122.51,       -2.43,
      122.99,       -2.36,
      123.47,       -2.33,
      123.95,       -2.29,
      124.39,       -2.25,
      124.87,       -2.10,
      125.35,       -1.97,
      125.87,       -1.91,
      126.35,       -1.85,
      126.83,       -1.79,
      127.31,       -1.73,
      127.82,       -1.68,
      128.30,       -1.64,
      128.78,       -1.61,
      129.22,       -1.55,
      129.70,       -1.49,
      130.22,       -1.42,
      130.70,       -1.34,
      131.18,       -1.27,
      131.66,       -1.20,
      132.10,       -1.17,
      132.57,       -1.10,
      133.05,       -1.03,
      133.53,       -0.94,
      134.05,       -0.85,
      134.53,       -0.74,
      135.05,       -0.71,
      135.57,       -0.65,
      136.05,       -0.63,
      136.53,       -0.62,
      136.97,       -0.53,
      137.44,       -0.45,
      137.96,       -0.38,
      138.44,       -0.31,
      138.96,       -0.26,
      139.44,       -0.21,
      139.88,       -0.20,
      140.36,       -0.15,
      140.84,       -0.10,
      141.36,       -0.10,
      141.88,       -0.05,
      142.35,        0.02,
      142.87,        0.07,
      143.39,        0.11,
      143.87,        0.15,
      144.35,        0.12,
      144.83,        0.12,
      145.31,        0.10,
      145.79,        0.07,
      146.27,        0.08,
      146.79,        0.09,
      147.27,        0.10,
      147.74,        0.12,
      148.22,        0.15,
      148.66,        0.16,
      149.14,        0.18,
      149.62,        0.24,
      150.14,        0.27,
      150.70,        0.28,
      151.26,        0.28,
      151.78,        0.34,
      152.26,        0.35,
      152.73,        0.38,
      153.21,        0.35,
      153.69,        0.37,
      154.17,        0.37,
      154.69,        0.37,
      155.17,        0.37,
      155.65,        0.41,
      156.09,        0.44,
      156.57,        0.45,
      157.05,        0.46,
      157.56,        0.48,
      158.04,        0.50,
      158.56,        0.50,
      159.08,        0.54,
      159.60,        0.58,
      160.08,        0.62,
      160.56,        0.65,
      161.04,        0.67,
      161.52,        0.72,
      162.00,        0.75,
      162.51,        0.76,
      162.99,        0.76,
      163.47,        0.76,
      163.95,        0.75,
      164.43,        0.75,
      164.91,        0.76,
      165.39,        0.76,
      165.91,        0.78,
      166.39,        0.78,
      166.91,        0.76,
      167.46,        0.79,
      167.94,        0.81,
      168.42,        0.85,
      168.90,        0.85,
      169.38,        0.85,
      169.90,        0.85,
      170.38,        0.85,
      170.86,        0.84,
      171.38,        0.82,
      171.86,        0.82,
      172.34,        0.82,
      172.81,        0.85,
      173.29,        0.85,
      173.81,        0.85,
      174.29,        0.86,
      174.85,        0.87,
      175.33,        0.88,
      175.85,        0.89,
      176.33,        0.88,
      176.85,        0.92,
      177.33,        0.92,
      177.80,        0.94,
      178.28,        0.94,
      178.80,        0.97,
      179.28,        0.94,
      179.76,        0.92,
      180.24,        0.92,
      180.76,        0.92,
      181.24,        0.93,
      181.72,        0.92,
      182.28,        0.92,
      182.75,        0.95,
      183.31,        0.95,
      183.79,        0.94,
      184.31,        0.94,
      184.79,        0.94,
      185.27,        0.94,
      185.75,        0.96,
      186.27,        0.98,
      186.75,        0.95,
      187.27,        0.92,
      187.74,        0.91,
      188.22,        0.89,
      188.70,        0.88,
      189.22,        0.91,
      189.70,        0.93,
      190.22,        0.95,
      190.74,        0.99,
      191.26,        1.02,
      191.78,        1.02,
      192.30,        1.04,
      192.73,        0.99,
      193.21,        0.97,
      193.73,        0.97,
      194.25,        0.98,
      194.73,        1.03,
      195.25,        1.03,
      195.73,        1.04,
      196.21,        1.05,
      196.69,        1.06,
      197.17,        1.07,
      197.68,        1.06,
      198.20,        1.08,
      198.68,        1.08,
      199.24,        1.12,
      199.76,        1.10,
      200.24,        1.11,
      200.72,        1.10,
      201.20,        1.10,
      201.72,        1.09,
      202.24,        1.14,
      202.71,        1.20,
      203.23,        1.18,
      203.71,        1.19,
      204.19,        1.21,
      204.67,        1.20,
      205.19,        1.22,
      205.67,        1.25,
      206.19,        1.29,
      206.71,        1.31,
      207.23,        1.31,
      207.70,        1.24,
      208.22,        1.32,
      208.70,        1.32,
      209.18,        1.37,
      209.70,        1.42,
      210.22,        1.42,
      210.70,        1.46,
      211.22,        1.50,
      211.70,        1.51,
      212.18,        1.52,
      212.69,        1.58,
      213.17,        1.60,
      213.65,        1.60,
      214.17,        1.61,
      214.69,        1.62,
      215.21,        1.63,
      215.69,        1.63,
      216.21,        1.61,
      216.69,        1.64,
      217.21,        1.68,
      217.68,        1.68,
      218.20,        1.69,
      218.68,        1.71,
      219.20,        1.72,
      219.68,        1.80,
      220.16,        1.81,
      220.68,        1.81,
      221.16,        1.81,
      221.68,        1.79,
      222.20,        1.80,
      222.67,        1.81,
      223.19,        1.80,
      223.71,        1.81,
      224.23,        1.82,
      224.71,        1.86,
      225.19,        1.85,
      225.71,        1.84,
      226.23,        1.86,
      226.75,        1.89,
      227.23,        1.88,
      227.70,        1.89,
      228.22,        1.90,
      228.70,        1.91,
      229.22,        1.93,
      229.74,        1.97,
      230.22,        1.99,
      230.74,        1.99,
      231.26,        2.01,
      231.78,        2.03,
      232.30,        2.05,
      232.77,        2.05,
      233.25,        2.05,
      233.77,        2.04,
      234.29,        2.07,
      234.81,        2.08,
      235.29,        2.03,
      235.77,        2.01,
      236.25,        1.99,
      236.77,        1.96,
      237.25,        1.96,
      237.76,        1.94,
      238.28,        1.90,
      238.80,        1.86,
      239.32,        1.83,
      239.84,        1.83,
      240.36,        1.79,
      240.84,        1.68,
      241.36,        1.55,
      241.88,        1.37,
      242.36,        1.20,
      242.87,        1.15,
      243.39,        1.07,
      243.87,        1.02,
      244.35,        0.82,
      244.83,        0.55,
      245.31,        0.25,
      245.83,       -0.10,
      246.39,       -0.47,
      246.91,       -0.59,
      247.42,       -0.54,
      247.94,       -0.52,
      248.46,       -0.55,
      248.94,       -0.55,
      249.42,       -0.54,
      249.98,       -0.47,
      250.46,       -0.46,
      250.98,       -0.44,
      251.50,       -0.47,
      251.98,       -0.52,
      252.45,       -0.52,
      252.93,       -0.47,
      253.41,       -0.47,
      253.97,       -0.46,
      254.49,       -0.47,
      255.01,       -0.51,
      255.53,       -0.48,
      256.05,       -0.43,
      256.57,       -0.41,
      257.05,       -0.41,
      257.52,       -0.41,
      258.04,       -0.40,
      258.56,       -0.37,
      259.08,       -0.38,
      259.56,       -0.33,
      260.08,       -0.33,
      260.52,       -0.29,
      261.00,       -0.28,
      261.52,       -0.26,
      262.04,       -0.23,
      262.59,       -0.22,
      263.11,       -0.21,
      263.63,       -0.21,
      264.15,       -0.18,
      264.67,       -0.16,
      265.15,       -0.11,
      265.63,       -0.07,
      266.15,       -0.03,
      266.67,       -0.01,
      267.19,       -0.02,
      267.66,       -0.02,
      268.14,       -0.02,
      268.62,       -0.02,
      269.14,        0.03,
      269.62,        0.06,
      270.18,        0.06,
      270.70,        0.10,
      271.22,        0.14,
      271.74,        0.15,
      272.26,        0.17,
      272.77,        0.17,
      273.25,        0.20,
      273.77,        0.22,
      274.25,        0.22,
      274.77,        0.24,
      275.29,        0.27,
      275.77,        0.29,
      276.25,        0.28,
      276.73,        0.30,
      277.25,        0.30,
      277.76,        0.33,
      278.28,        0.37,
      278.80,        0.43,
      279.36,        0.43,
      279.88,        0.45,
      280.40,        0.48,
      280.88,        0.49,
      281.36,        0.50,
      281.88,        0.57,
      282.40,        0.59,
      282.91,        0.63,
      283.39,        0.65,
      283.87,        0.68,
      284.35,        0.72,
      284.87,        0.76,
      285.39,        0.76,
      285.91,        0.73,
      286.43,        0.72,
      286.99,        0.74,
      287.50,        0.76,
      288.02,        0.80,
      288.50,        0.83,
      289.02,        0.84,
      289.50,        0.83,
      290.02,        0.84,
      290.54,        0.87,
      291.06,        0.91,
      291.54,        0.90,
      292.02,        0.90,
      292.53,        0.90,
      293.01,        0.94,
      293.53,        0.97,
      294.05,        0.96,
      294.57,        0.95,
      295.13,        0.98,
      295.65,        1.01,
      296.17,        1.03,
      296.69,        1.07,
      297.17,        1.07,
      297.68,        1.07,
      298.16,        1.05,
      298.68,        1.04,
      299.20,        1.04,
      299.68,        1.02,
      300.16,        1.01,
      300.68,        1.01,
      301.16,        0.97,
      301.68,        0.95,
      302.24,        0.94,
      302.75,        0.91,
      303.27,        0.88,
      303.79,        0.90,
      304.31,        0.90,
      304.83,        0.88,
      305.31,        0.84,
      305.79,        0.77,
      306.31,        0.75,
      306.83,        0.80,
      307.35,        0.82,
      307.82,        0.79,
      308.34,        0.82,
      308.82,        0.82,
      309.34,        0.83,
      309.86,        0.82,
      310.38,        0.81,
      310.94,        0.83,
      311.46,        0.85,
      311.98,        0.86,
      312.49,        0.92,
      312.97,        0.91,
      313.45,        0.96,
      313.97,        0.99,
      314.49,        1.01,
      315.01,        1.07,
      315.53,        1.10,
      316.01,        1.12,
      316.49,        1.19,
      317.01,        1.24,
      317.52,        1.25,
      318.04,        1.28,
      318.60,        1.33,
      319.12,        1.37,
      319.64,        1.42,
      320.16,        1.42,
      320.68,        1.46,
      321.16,        1.51,
      321.68,        1.55,
      322.20,        1.55,
      322.71,        1.56,
      323.19,        1.57,
      323.71,        1.57,
      324.23,        1.55,
      324.71,        1.59,
      325.19,        1.61,
      325.75,        1.60,
      326.27,        1.61,
      326.79,        1.62,
      327.35,        1.64,
      327.86,        1.66,
      328.38,        1.72,
      328.90,        1.76,
      329.38,        1.75,
      329.90,        1.76,
      330.42,        1.74,
      330.94,        1.77,
      331.42,        1.78,
      331.94,        1.80,
      332.42,        1.82,
      332.93,        1.81,
      333.41,        1.81,
      333.97,        1.83,
      334.49,        1.82,
      335.01,        1.86,
      335.57,        1.90,
      336.09,        1.91,
      336.61,        1.94,
      337.09,        1.97,
      337.60,        1.99,
      338.12,        1.98,
      338.64,        1.95,
      339.12,        1.95,
      339.64,        1.95,
      340.12,        1.98,
      340.60,        2.05,
      341.12,        2.05,
      341.64,        2.08,
      342.16,        2.11,
      342.71,        2.11,
      343.23,        2.17,
      343.75,        2.19,
      344.27,        2.22,
      344.79,        2.23,
      345.31,        2.25,
      345.83,        2.31,
      346.35,        2.32,
      346.83,        2.36,
      347.35,        2.37,
      347.86,        2.38,
      348.34,        2.38,
      348.86,        2.42,
      349.34,        2.44,
      349.86,        2.53,
      350.46,        2.56,
      350.98,        2.63,
      351.50,        2.67,
      352.02,        2.72,
      352.53,        2.76,
      353.05,        2.83,
      353.57,        2.86,
      354.09,        2.92,
      354.61,        2.95,
      355.13,        2.99,
      355.61,        2.99,
      356.13,        2.98,
      356.61,        2.99,
      357.13,        3.05,
      357.64,        3.08,
      358.20,        3.08,
      358.72,        3.06,
      359.28,        3.07,
      359.76,        3.08,
      360.32,        3.09,
      360.84,        3.12,
      361.36,        3.14,
      361.84,        3.17,
      362.36,        3.21,
      362.87,        3.21,
      363.39,        3.28,
      363.87,        3.31,
      364.39,        3.32,
      364.87,        3.34,
      365.39,        3.30,
      365.91,        3.34,
      366.43,        3.38,
      366.95,        3.40,
      367.46,        3.43,
      368.02,        3.41,
      368.54,        3.43,
      369.06,        3.46,
      369.58,        3.51,
      370.06,        3.52,
      370.58,        3.52,
      371.10,        3.56,
      371.62,        3.51,
      372.10,        3.52,
      372.61,        3.51,
      373.09,        3.47,
      373.61,        3.49,
      374.13,        3.47,
      374.69,        3.47,
      375.21,        3.43,
      375.73,        3.40,
      376.29,        3.39,
      376.77,        3.37,
      377.29,        3.34,
      377.76,        3.26,
      378.28,        3.17,
      378.80,        3.02,
      379.32,        2.98,
      379.80,        2.92,
      380.28,        2.80,
      380.76,        2.66,
      381.28,        2.51,
      381.80,        2.29,
      382.36,        2.07,
      382.83,        1.78,
      383.39,        1.55,
      383.91,        1.25,
      384.43,        0.98,
      384.91,        0.78,
      385.43,        0.50,
      385.95,        0.24,
      386.47,       -0.03,
      386.99,       -0.35,
      387.46,       -0.61,
      387.98,       -0.94,
      388.46,       -1.29,
      388.98,       -1.55,
      389.50,       -1.87,
      390.02,       -2.00,
      390.54,       -1.99,
      391.10,       -2.06,
      391.62,       -2.14,
      392.14,       -2.26,
      392.65,       -2.43,
      393.13,       -2.52,
      393.65,       -2.69,
      394.17,       -2.85,
      394.69,       -2.89,
      395.21,       -2.97,
      395.69,       -3.07,
      396.21,       -3.22,
      396.69,       -3.38,
      397.17,       -3.40,
      397.72,       -3.42,
      398.24,       -3.55,
      398.80,       -3.61,
      399.32,       -3.66,
      399.84,       -3.67,
      400.36,       -3.65,
      400.84,       -3.60,
      401.36,       -3.56,
      401.88,       -3.57,
      402.40,       -3.52,
      402.91,       -3.43,
      403.43,       -3.36,
      403.91,       -3.26,
      404.39,       -3.17,
      404.87,       -3.08,
      405.35,       -2.99,
      405.91,       -2.93,
      406.47,       -2.86,
      406.99,       -2.68,
      407.50,       -2.52,
      408.02,       -2.38,
      408.54,       -2.26,
      409.02,       -2.10,
      409.54,       -1.95,
      410.06,       -1.85,
      410.58,       -1.72,
      411.10,       -1.60,
      411.58,       -1.55,
      412.10,       -1.49,
      412.57,       -1.42,
      413.05,       -1.38,
      413.57,       -1.33,
      414.09,       -1.27,
      414.65,       -1.20,
      415.17,       -1.16,
      415.69,       -1.12,
      416.25,       -1.07,
      416.73,       -1.02,
      417.25,       -0.90,
      417.76,       -0.89,
      418.28,       -0.85,
      418.80,       -0.85,
      419.32,       -0.85,
      419.80,       -0.85,
      420.32,       -0.81,
      420.76,       -0.77,
      421.28,       -0.74,
      421.80,       -0.70,
      422.36,       -0.63,
      422.87,       -0.57,
      423.39,       -0.47,
      423.95,       -0.42,
      424.47,       -0.40,
      424.99,       -0.37,
      425.51,       -0.36,
      425.99,       -0.32,
      426.55,       -0.28,
      427.03,       -0.24,
      427.54,       -0.20,
      428.06,       -0.19,
      428.50,       -0.15,
      429.02,       -0.14,
      429.54,       -0.13,
      430.06,       -0.16,
      430.58,       -0.15,
      431.14,       -0.15,
      431.66,       -0.12,
      432.18,       -0.07,
      432.69,       -0.05,
      433.21,       -0.02,
      433.73,        0.01,
      434.25,        0.03,
      434.77,        0.11,
      435.25,        0.15,
      435.77,        0.19,
      436.25,        0.23,
      436.73,        0.24,
      437.25,        0.28,
      437.76,        0.29,
      438.28,        0.31,
      438.84,        0.33,
      439.36,        0.33,
      439.88,        0.33,
      440.44,        0.37,
      440.92,        0.39,
      441.44,        0.40,
      441.92,        0.42,
      442.44,        0.42,
      442.95,        0.45,
      443.47,        0.50,
      443.95,        0.53,
      444.43,        0.59,
      444.91,        0.63,
      445.43,        0.68,
      445.99,        0.75,
      446.51,        0.76,
      447.07,        0.76,
      447.58,        0.78,
      448.10,        0.85,
      448.62,        0.86,
      449.10,        0.88,
      449.62,        0.90,
      450.14,        0.90,
      450.66,        0.94,
      451.14,        0.95,
      451.62,        0.97,
      452.14,        0.97,
      452.61,        0.98,
      453.09,        1.03,
      453.65,        1.09,
      454.17,        1.10,
      454.73,        1.10,
      455.25,        1.11,
      455.77,        1.17,
      456.29,        1.18,
      456.77,        1.22,
      457.29,        1.25,
      457.80,        1.25,
      458.32,        1.27,
      458.84,        1.27,
      459.32,        1.29,
      459.80,        1.34,
      460.28,        1.37,
      460.80,        1.37,
      461.32,        1.34,
      461.84,        1.36,
      462.40,        1.39,
      462.91,        1.42,
      463.43,        1.39,
      463.95,        1.41,
      464.47,        1.39,
      464.95,        1.37,
      465.47,        1.36,
      465.99,        1.38,
      466.51,        1.40,
      466.99,        1.41,
      467.51,        1.39,
      468.02,        1.40,
      468.50,        1.43,
      468.98,        1.49,
      469.50,        1.48,
      470.06,        1.48,
      470.58,        1.49,
      471.14,        1.52,
      471.66,        1.55,
      472.18,        1.59,
      472.65,        1.59,
      473.17,        1.58,
      473.69,        1.60,
      474.21,        1.61,
      474.69,        1.63,
      475.21,        1.69,
      475.69,        1.73,
      476.21,        1.75,
      476.69,        1.76,
      477.21,        1.77,
      477.72,        1.77,
      478.28,        1.76,
      478.80,        1.79,
      479.32,        1.78,
      479.84,        1.78,
      480.36,        1.81,
      480.88,        1.82,
      481.36,        1.83,
      481.88,        1.84,
      482.40,        1.90,
      482.91,        1.91,
      483.39,        1.88,
      483.87,        1.88,
      484.39,        1.89,
      484.87,        1.89,
      485.43,        1.93,
      485.95,        1.98,
      486.47,        1.99,
      487.03,        2.00,
      487.54,        2.02,
      488.06,        2.03,
      488.58,        2.02,
      489.06,        2.03,
      489.58,        1.99,
      490.06,        1.95,
      490.58,        1.94,
      491.10,        1.94,
      491.58,        1.90,
      492.10,        1.85,
      492.57,        1.78,
      493.09,        1.74,
      493.61,        1.72,
      494.17,        1.68,
      494.69,        1.66,
      495.21,        1.64,
      495.77,        1.57,
      496.29,        1.54,
      496.77,        1.50,
      497.25,        1.47,
      497.76,        1.46,
      498.28,        1.38,
      498.80,        1.30,
      499.32,        1.22,
      499.80,        1.20,
      500.28,        1.16,
      500.80,        1.15,
      501.36,        1.16,
      501.88,        1.15,
      502.44,        1.18,
      502.95,        1.21,
      503.51,        1.20,
      504.03,        1.17,
      504.51,        1.17,
      505.03,        1.25,
      505.51,        1.27,
      506.03,        1.25,
      506.55,        1.25,
      507.07,        1.25,
      507.54,        1.25,
      508.06,        1.27,
      508.54,        1.29,
      509.02,        1.32,
      509.58,        1.33,
      510.10,        1.35,
      510.66,        1.40,
      511.18,        1.42,
      511.70,        1.46,
      512.22,        1.52,
      512.73,        1.55,
      513.21,        1.60,
      513.73,        1.65,
      514.25,        1.64,
      514.77,        1.65,
      515.29,        1.65,
      515.77,        1.65,
      516.25,        1.69,
      516.77,        1.72,
      517.29,        1.80,
      517.80,        1.83,
      518.32,        1.81,
      518.88,        1.78,
      519.44,        1.79,
      520.00,        1.80,
      520.48,        1.81,
      520.96,        1.85,
      521.48,        1.85,
      522.00,        1.89,
      522.52,        1.90,
      523.03,        1.90,
      523.55,        1.90,
      524.03,        1.91,
      524.51,        1.92,
      525.03,        1.93,
      525.51,        1.94,
      526.07,        2.00,
      526.59,        2.07,
      527.11,        2.07,
      527.66,        2.07,
      528.14,        2.11,
      528.66,        2.12,
      529.14,        2.14,
      529.66,        2.16,
      530.18,        2.17,
      530.70,        2.24,
      531.22,        2.25,
      531.74,        2.25,
      532.22,        2.31,
      532.69,        2.32,
      533.21,        2.33,
      533.73,        2.31,
      534.29,        2.31,
      534.81,        2.34,
      535.33,        2.35,
      535.85,        2.38,
      536.41,        2.41,
      536.89,        2.38,
      537.41,        2.43,
      537.92,        2.44,
      538.44,        2.45,
      538.96,        2.47,
      539.48,        2.47,
      539.96,        2.47,
      540.48,        2.49,
      540.96,        2.49,
      541.48,        2.54,
      542.04,        2.56,
      542.55,        2.59,
      543.07,        2.59,
      543.59,        2.52,
      544.11,        2.51,
      544.67,        2.51,
      545.15,        2.47,
      545.67,        2.47,
      546.19,        2.48,
      546.71,        2.52,
      547.23,        2.51,
      547.70,        2.52,
      548.22,        2.56,
      548.70,        2.57,
      549.22,        2.63,
      549.74,        2.68,
      550.30,        2.69,
      550.82,        2.71,
      551.34,        2.72,
      551.86,        2.76,
      552.38,        2.77,
      552.89,        2.79,
      553.37,        2.82,
      553.93,        2.81,
      554.45,        2.86,
      554.97,        2.82,
      555.49,        2.69,
      555.97,        2.55,
      556.49,        2.36,
      556.97,        2.16,
      557.49,        1.92,
      558.00,        1.61,
      558.56,        1.29,
      559.04,        0.99,
      559.60,        0.65,
      560.12,        0.42,
      560.64,        0.24,
      561.12,        0.08,
      561.64,        0.03,
      562.16,       -0.11,
      562.67,       -0.18,
      563.15,       -0.35,
      563.67,       -0.55,
      564.15,       -0.63,
      564.63,       -0.83,
      565.15,       -0.99,
      565.71,       -1.12,
      566.23,       -1.34,
      566.75,       -1.42,
      567.27,       -1.60,
      567.78,       -1.83,
      568.30,       -1.99,
      568.78,       -2.29,
      569.30,       -2.55,
      569.82,       -2.73,
      570.34,       -2.91,
      570.82,       -3.02,
      571.34,       -3.09,
      571.82,       -3.24,
      572.34,       -3.35,
      572.81,       -3.41,
      573.37,       -3.52,
      573.89,       -3.56,
      574.37,       -3.61,
      574.93,       -3.69,
      575.45,       -3.77,
      575.97,       -3.87,
      576.45,       -3.93,
      576.97,       -3.94,
      577.45,       -3.97,
      578.00,       -3.99,
      578.48,       -4.01,
      579.00,       -4.07,
      579.48,       -4.04,
      580.00,       -4.08,
      580.48,       -4.18,
      581.00,       -4.17,
      581.52,       -4.20,
      582.04,       -4.27,
      582.55,       -4.22,
      583.11,       -4.25,
      583.63,       -4.26,
      584.15,       -4.21,
      584.63,       -4.26,
      585.15,       -4.28,
      585.71,       -4.19,
      586.23,       -4.22,
      586.75,       -4.24,
      587.23,       -4.18,
      587.70,       -4.13,
      588.22,       -4.17,
      588.70,       -4.22,
      589.22,       -4.30,
      589.74,       -4.35,
      590.30,       -4.34,
      590.82,       -4.33,
      591.34,       -4.35,
      591.86,       -4.39,
      592.34,       -4.38,
      592.85,       -4.34,
      593.33,       -4.31,
      593.85,       -4.31,
      594.37,       -4.30,
      594.89,       -4.27,
      595.41,       -4.26,
      595.89,       -4.22,
      596.37,       -4.20,
      596.89,       -4.18,
      597.41,       -4.14,
      597.92,       -4.11,
      598.52,       -4.07,
      599.04,       -3.97,
      599.56,       -3.91,
      600.08,       -3.86,
      600.60,       -3.77,
      601.08,       -3.70,
      601.60,       -3.60,
      602.12,       -3.56,
      602.63,       -3.53,
      603.15,       -3.46,
      603.63,       -3.44,
      604.15,       -3.40,
      604.63,       -3.34,
      605.11,       -3.30,
      605.67,       -3.30,
      606.23,       -3.19,
      606.75,       -3.15,
      607.27,       -3.11,
      607.78,       -3.08,
      608.30,       -3.02,
      608.78,       -2.99,
      609.30,       -2.95,
      609.78,       -2.90,
      610.34,       -2.81,
      610.86,       -2.75,
      611.34,       -2.74,
      611.82,       -2.74,
      612.34,       -2.73,
      612.81,       -2.67,
      613.33,       -2.63,
      613.85,       -2.60,
      614.37,       -2.55,
      614.93,       -2.50,
      615.45,       -2.45,
      615.97,       -2.38,
      616.49,       -2.31,
      616.97,       -2.25,
      617.49,       -2.18,
      618.00,       -2.13,
      618.52,       -2.10,
      619.04,       -2.05,
      619.52,       -2.00,
      620.00,       -2.00,
      620.48,       -1.95,
      621.00,       -1.93,
      621.52,       -1.90,
      622.12,       -1.83,
      622.63,       -1.74,
      623.15,       -1.70,
      623.71,       -1.65,
      624.19,       -1.58,
      624.71,       -1.51,
      625.19,       -1.43,
      625.71,       -1.38,
      626.23,       -1.34,
      626.75,       -1.32,
      627.27,       -1.26,
      627.74,       -1.20,
      628.22,       -1.16,
      628.70,       -1.09,
      629.22,       -0.99,
      629.78,       -0.94,
      630.30,       -0.86,
      630.90,       -0.85,
      631.42,       -0.79,
      631.94,       -0.78,
      632.46,       -0.80,
      632.93,       -0.70,
      633.45,       -0.61,
      633.97,       -0.56,
      634.49,       -0.43,
      635.01,       -0.49,
      635.49,       -0.42,
      635.97,       -0.36,
      636.45,       -0.31,
      636.97,       -0.26,
      637.49,       -0.24,
      638.04,       -0.23,
      638.56,       -0.16,
      639.12,       -0.07,
      639.64,       -0.07,
      640.16,       -0.03,
      640.64,       -0.01,
      641.16,       -0.05,
      641.68,       -0.06,
      642.20,       -0.00,
      642.67,        0.04,
      643.19,        0.03,
      643.67,        0.03,
      644.19,        0.02,
      644.67,        0.03,
      645.19,        0.05,
      645.71,        0.03,
      646.27,        0.04,
      646.79,        0.06,
      647.35,        0.06,
      647.86,        0.06,
      648.38,        0.05,
      648.86,        0.05,
      649.38,        0.05,
      649.90,        0.04,
      650.42,       -0.02,
      650.90,       -0.13,
      651.42,       -0.37,
      651.90,       -0.72,
      652.42,       -1.15,
      652.89,       -1.57,
      653.41,       -2.03,
      653.97,       -2.48,
      654.49,       -2.90,
      655.05,       -3.20,
      655.57,       -3.24,
      656.09,       -3.18,
      656.61,       -3.14,
      657.13,       -3.09,
      657.60,       -3.09,
      658.12,       -3.09,
      658.60,       -3.09,
      659.12,       -3.13,
      659.64,       -3.13,
      660.16,       -3.17,
      660.64,       -3.17,
      661.12,       -3.17,
      661.68,       -3.17,
      662.20,       -3.17,
      662.75,       -3.15,
      663.27,       -3.23,
      663.79,       -3.25,
      664.35,       -3.24,
      664.83,       -3.22,
      665.35,       -3.21,
      665.83,       -3.18,
      666.35,       -3.19,
      666.87,       -3.18,
      667.35,       -3.13,
      667.86,       -3.12,
      668.34,       -3.12,
      668.86,       -3.10,
      669.38,       -3.10,
      669.90,       -3.10,
      670.46,       -3.11,
      670.98,       -3.13,
      671.50,       -3.10,
      672.06,       -3.07,
      672.58,       -3.04,
      673.09,       -3.01,
      673.57,       -2.99,
      674.05,       -2.99,
      674.57,       -2.98,
      675.09,       -2.98,
      675.61,       -2.93,
      676.09,       -2.90,
      676.61,       -2.86,
      677.09,       -2.82,
      677.60,       -2.82,
      678.16,       -2.79,
      678.68,       -2.74,
      679.24,       -2.70,
      679.76,       -2.71,
      680.28,       -2.70,
      680.80,       -2.68,
      681.32,       -2.66,
      681.80,       -2.60,
      682.32,       -2.60,
      682.83,       -2.59,
      683.31,       -2.50,
      683.83,       -2.59,
      684.31,       -2.56,
      684.83,       -2.55,
      685.35,       -2.55,
      685.87,       -2.62,
      686.43,       -2.54,
      686.95,       -2.51,
      687.47,       -2.48,
      688.02,       -2.47,
      688.54,       -2.48,
      689.06,       -2.47,
      689.54,       -2.47,
      690.06,       -2.41,
      690.58,       -2.40,
      691.10,       -2.40,
      691.58,       -2.40,
      692.10,       -2.39,
      692.58,       -2.38,
      693.09,       -2.37,
      693.61,       -2.42,
      694.13,       -2.43,
      694.69,       -2.43,
      695.21,       -2.47,
      695.77,       -2.48,
      696.29,       -2.56,
      696.81,       -2.75,
      697.29,       -3.04,
      697.80,       -3.40,
      698.32,       -3.80,
      698.84,       -4.23,
      699.36,       -4.64,
      699.84,       -5.02,
      700.36,       -5.27,
      700.84,       -5.39,
      701.40,       -5.46,
      701.92,       -5.51,
      702.44,       -5.57,
      702.95,       -5.58,
      703.51,       -5.55,
      704.03,       -5.58,
      704.59,       -5.51,
      705.07,       -5.44,
      705.59,       -5.47,
      706.11,       -5.49,
      706.63,       -5.43,
      707.11,       -5.39,
      707.63,       -5.35,
      708.14,       -5.32,
      708.62,       -5.33,
      709.14,       -5.28,
      709.66,       -5.20,
      710.18,       -5.13,
      710.74,       -5.05,
      711.26,       -4.96,
      711.78,       -4.92,
      712.30,       -4.86,
      712.77,       -4.79,
      713.29,       -4.76,
      713.81,       -4.66,
      714.33,       -4.55,
      714.85,       -4.44,
      715.37,       -4.31,
      715.85,       -4.17,
      716.37,       -4.12,
      716.85,       -4.04,
      717.37,       -3.91,
      717.92,       -3.81,
      718.44,       -3.70,
      719.00,       -3.63,
      719.52,       -3.54,
      720.04,       -3.46,
      720.56,       -3.35,
      721.04,       -3.26,
      721.56,       -3.23,
      722.08,       -3.19,
      722.60,       -3.14,
      723.11,       -3.09,
      723.59,       -3.03,
      724.11,       -2.96,
      724.59,       -2.91,
      725.11,       -2.87,
      725.63,       -2.84,
      726.19,       -2.75,
      726.71,       -2.70,
      727.23,       -2.62,
      727.74,       -2.58,
      728.26,       -2.56,
      728.78,       -2.52,
      729.26,       -2.51,
      729.82,       -2.47,
      730.34,       -2.39,
      730.86,       -2.32,
      731.38,       -2.21,
      731.86,       -2.17,
      732.34,       -2.07,
      732.85,       -1.97,
      733.41,       -1.94,
      733.93,       -1.89,
      734.49,       -1.80,
      735.01,       -1.73,
      735.53,       -1.68,
      736.05,       -1.64,
      736.57,       -1.59,
      737.05,       -1.54,
      737.57,       -1.47,
      738.08,       -1.40,
      738.60,       -1.32,
      739.12,       -1.28,
      739.60,       -1.26,
      740.08,       -1.20,
      740.60,       -1.13,
      741.08,       -1.04,
      741.64,       -1.05,
      742.16,       -1.02,
      742.71,       -1.00,
      743.19,       -0.99,
      743.75,       -0.98,
      744.23,       -0.95,
      744.75,       -0.91,
      745.23,       -0.87,
      745.75,       -0.84,
      746.27,       -0.81,
      746.79,       -0.78,
      747.31,       -0.75,
      747.78,       -0.72,
      748.26,       -0.68,
      748.78,       -0.63,
      749.30,       -0.61,
      749.82,       -0.58,
      750.34,       -0.54,
      750.86,       -0.52,
      751.38,       -0.50,
      751.90,       -0.47,
      752.42,       -0.42,
      752.89,       -0.39,
      753.41,       -0.36,
      753.93,       -0.37,
      754.45,       -0.33,
      754.93,       -0.27,
      755.45,       -0.24,
      755.93,       -0.22,
      756.41,       -0.19,
      756.93,       -0.16,
      757.49,       -0.09,
      758.00,       -0.07,
      758.52,       -0.05,
      759.04,       -0.05,
      759.56,       -0.06,
      760.08,       -0.07,
      760.56,       -0.09,
      761.04,       -0.09,
      761.56,       -0.12,
      762.12,       -0.13,
      762.60,       -0.11,
      763.11,       -0.08,
      763.59,       -0.10,
      764.11,       -0.01,
      764.59,       -0.01,
      765.15,        0.04,
      765.67,        0.07,
      766.19,        0.10,
      766.75,        0.11,
      767.27,        0.14,
      767.78,        0.17,
      768.30,        0.21,
      768.78,        0.26,
      769.26,        0.29,
      769.78,        0.33,
      770.34,        0.37,
      770.82,        0.43,
      771.34,        0.46,
      771.82,        0.51,
      772.34,        0.52,
      772.81,        0.53,
      773.37,        0.55,
      773.85,        0.58,
      774.37,        0.62,
      774.93,        0.66,
      775.45,        0.67,
      775.97,        0.71,
      776.49,        0.73,
      776.97,        0.79,
      777.49,        0.83,
      778.00,        0.85,
      778.52,        0.91,
      779.04,        0.96,
      779.52,        0.98,
      780.00,        0.98,
      780.52,        0.97,
      781.04,        0.97,
      781.52,        0.99,
      782.08,        1.02,
      782.60,        1.02,
      783.15,        1.01,
      783.67,        0.96,
      784.19,        0.86,
      784.67,        0.80,
      785.19,        0.73,
      785.71,        0.70,
      786.23,        0.69,
      786.75,        0.69,
      787.27,        0.66,
      787.74,        0.63,
      788.22,        0.63,
      788.74,        0.55,
      789.22,        0.46,
      789.78,        0.42,
      790.30,        0.33,
      790.86,        0.27,
      791.38,        0.26,
      791.90,        0.22,
      792.42,        0.20,
      792.93,        0.20,
      793.41,        0.20,
      793.93,        0.20,
      794.45,        0.20,
      794.97,        0.20,
      795.45,        0.19,
      795.97,        0.20,
      796.45,        0.20,
      796.93,        0.20,
      797.53,        0.22,
      798.04,        0.28,
      798.56,        0.27,
      799.12,        0.26,
      799.64,        0.24,
      800.16,        0.21,
      800.64,        0.15,
      801.16,        0.01,
      801.64,       -0.22,
      802.16,       -0.62,
      802.67,       -1.00,
      803.19,       -1.38,
      803.71,       -1.76,
      804.19,       -2.12,
      804.67,       -2.50,
      805.19,       -2.95,
      805.71,       -3.34,
      806.27,       -3.78,
      806.79,       -4.17,
      807.31,       -4.52,
      807.86,       -4.86,
      808.34,       -5.02,
      808.86,       -4.96,
      809.34,       -4.95,
      809.86,       -4.89,
      810.38,       -4.88,
      810.90,       -4.93,
      811.38,       -5.03,
      811.90,       -5.00,
      812.34,       -4.97,
      812.85,       -5.00,
      813.37,       -5.07,
      813.93,       -5.26,
      814.45,       -5.27,
      814.97,       -5.28,
      815.53,       -5.34,
      816.01,       -5.29,
      816.53,       -5.19,
      817.01,       -5.22,
      817.49,       -5.25,
      818.00,       -5.23,
      818.52,       -5.22,
      819.04,       -5.28,
      819.56,       -5.38,
      820.04,       -5.49,
      820.52,       -5.52,
      821.04,       -5.48,
      821.56,       -5.40,
      822.12,       -5.40,
      822.64,       -5.44,
      823.15,       -5.49,
      823.67,       -5.48,
      824.19,       -5.49,
      824.67,       -5.58,
      825.15,       -5.62,
      825.67,       -5.61,
      826.19,       -5.66,
      826.71,       -5.73,
      827.23,       -5.78,
      827.67,       -5.87,
      828.18,       -6.04,
      828.70,       -6.16,
      829.22,       -6.22,
      829.74,       -6.33,
      830.26,       -6.47,
      830.82,       -6.54,
      831.34,       -6.61,
      831.86,       -6.71,
      832.34,       -6.71,
      832.81,       -6.72,
      833.33,       -6.80,
      833.85,       -6.84,
      834.37,       -6.80,
      834.85,       -6.78,
      835.33,       -6.81,
      835.85,       -6.81,
      836.33,       -6.80,
      836.85,       -6.85,
      837.41,       -6.91,
      837.92,       -6.91,
      838.48,       -6.93,
      839.00,       -6.93,
      839.52,       -6.94,
      840.04,       -6.96,
      840.52,       -6.97,
      841.00,       -6.96,
      841.52,       -6.96,
      842.04,       -6.95,
      842.52,       -6.93,
      843.03,       -6.90,
      843.51,       -6.88,
      844.03,       -6.88,
      844.55,       -6.88,
      845.03,       -6.90,
      845.59,       -6.88,
      846.11,       -6.84,
      846.67,       -6.84,
      847.19,       -6.80,
      847.70,       -6.76,
      848.18,       -6.71,
      848.66,       -6.72,
      849.18,       -6.65,
      849.70,       -6.59,
      850.18,       -6.53,
      850.70,       -6.45,
      851.22,       -6.40,
      851.70,       -6.35,
      852.18,       -6.32,
      852.70,       -6.32,
      853.25,       -6.29,
      853.77,       -6.21,
      854.29,       -6.18,
      854.81,       -6.11,
      855.37,       -6.01,
      855.85,       -6.02,
      856.33,       -6.07,
      856.85,       -6.05,
      857.33,       -5.97,
      857.84,       -5.93,
      858.36,       -5.86,
      858.84,       -5.81,
      859.36,       -5.80,
      859.84,       -5.81,
      860.36,       -5.75,
      860.84,       -5.66,
      861.40,       -5.63,
      861.92,       -5.60,
      862.44,       -5.53,
      862.99,       -5.44,
      863.51,       -5.42,
      864.03,       -5.38,
      864.51,       -5.30,
      864.99,       -5.26,
      865.47,       -5.20,
      865.99,       -5.12,
      866.51,       -5.04,
      867.03,       -5.02,
      867.51,       -5.00,
      868.02,       -4.89,
      868.50,       -4.85,
      869.06,       -4.81,
      869.58,       -4.79,
      870.10,       -4.75,
      870.66,       -4.69,
      871.18,       -4.64,
      871.70,       -4.60,
      872.18,       -4.56,
      872.70,       -4.54,
      873.17,       -4.51,
      873.69,       -4.50,
      874.21,       -4.49,
      874.69,       -4.47,
      875.21,       -4.43,
      875.69,       -4.40,
      876.21,       -4.39,
      876.69,       -4.36,
      877.25,       -4.35,
      877.76,       -4.32,
      878.28,       -4.26,
      878.84,       -4.21,
      879.36,       -4.17,
      879.88,       -4.14,
      880.36,       -4.09,
      880.84,       -4.04,
      881.36,       -3.96,
      881.88,       -3.91,
      882.40,       -3.85,
      882.91,       -3.81,
      883.39,       -3.78,
      883.87,       -3.69,
      884.39,       -3.59,
      884.87,       -3.56,
      885.43,       -3.52,
      885.99,       -3.47,
      886.51,       -3.40,
      887.03,       -3.38,
      887.55,       -3.34,
      888.06,       -3.26,
      888.54,       -3.21,
      889.02,       -3.17,
      889.54,       -3.10,
      890.06,       -3.04,
      890.58,       -3.02,
      891.10,       -3.02,
      891.58,       -2.97,
      892.06,       -2.91,
      892.54,       -2.86,
      893.05,       -2.82,
      893.57,       -2.78,
      894.13,       -2.78,
      894.65,       -2.79,
      895.21,       -2.80,
      895.73,       -2.78,
      896.21,       -2.80,
      896.73,       -2.79,
      897.21,       -2.77,
      897.72,       -2.76,
      898.24,       -2.77,
      898.76,       -2.75,
      899.28,       -2.74,
      899.76,       -2.73,
      900.24,       -2.70,
      900.76,       -2.61,
      901.32,       -2.51,
      901.84,       -2.51,
      902.36,       -2.58,
      902.91,       -2.59,
      903.43,       -2.59,
      903.91,       -2.58,
      904.43,       -2.55,
      904.91,       -2.50,
      905.43,       -2.45,
      905.95,       -2.39,
      906.47,       -2.32,
      906.99,       -2.27,
      907.47,       -2.24,
      907.98,       -2.19,
      908.46,       -2.15,
      909.02,       -2.12,
      909.54,       -2.07,
      910.06,       -2.03,
      910.62,       -1.96,
      911.14,       -1.98,
      911.66,       -1.96,
      912.14,       -1.90,
      912.66,       -1.92,
      913.13,       -1.88,
      913.65,       -1.84,
      914.17,       -1.81,
      914.69,       -1.75,
      915.21,       -1.73,
      915.69,       -1.73,
      916.21,       -1.69,
      916.69,       -1.65,
      917.25,       -1.62,
      917.76,       -1.58,
      918.32,       -1.60,
      918.84,       -1.60,
      919.36,       -1.63,
      919.84,       -1.58,
      920.36,       -1.55,
      920.84,       -1.53,
      921.36,       -1.55,
      921.88,       -1.58,
      922.36,       -1.60,
      922.87,       -1.55,
      923.39,       -1.55,
      923.87,       -1.65,
      924.39,       -1.77,
      924.91,       -1.91,
      925.43,       -2.01,
      925.99,       -2.05,
      926.51,       -2.03,
      927.03,       -2.01,
      927.55,       -2.06,
      928.02,       -2.14,
      928.54,       -2.16,
      929.02,       -2.25,
      929.54,       -2.32,
      930.06,       -2.46,
      930.58,       -2.61,
      931.06,       -2.85,
      931.58,       -3.08,
      932.06,       -3.40,
      932.58,       -3.70,
      933.09,       -4.05,
      933.61,       -4.41,
      934.17,       -4.79,
      934.69,       -5.15,
      935.21,       -5.52,
      935.69,       -5.88,
      936.21,       -6.23,
      936.69,       -6.54,
      937.21,       -6.70,
      937.73,       -6.63,
      938.24,       -6.58,
      938.76,       -6.56,
      939.24,       -6.65,
      939.76,       -6.78,
      940.24,       -6.85,
      940.76,       -6.88,
      941.32,       -6.97,
      941.80,       -7.06,
      942.36,       -7.10,
      942.87,       -7.10,
      943.39,       -7.02,
      943.91,       -6.92,
      944.39,       -6.84,
      944.91,       -6.81,
      945.43,       -6.86,
      945.95,       -6.89,
      946.47,       -6.90,
      946.95,       -6.88,
      947.47,       -6.88,
      947.94,       -6.90,
      948.46,       -6.97,
      948.98,       -6.98,
      949.50,       -6.97,
      950.02,       -6.95,
      950.54,       -6.93,
      951.10,       -6.90,
      951.62,       -6.83,
      952.10,       -6.80,
      952.62,       -6.73,
      953.13,       -6.64,
      953.65,       -6.58,
      954.17,       -6.53,
      954.65,       -6.53,
      955.17,       -6.49,
      955.65,       -6.46,
      956.17,       -6.38,
      956.69,       -6.27,
      957.21,       -6.17,
      957.73,       -6.08,
      958.24,       -6.03,
      958.80,       -6.00,
      959.32,       -5.93,
      959.84,       -5.88,
      960.36,       -5.85,
      960.84,       -5.78,
      961.36,       -5.70,
      961.88,       -5.65,
      962.40,       -5.60,
      962.91,       -5.51,
      963.43,       -5.46,
      963.91,       -5.43,
      964.39,       -5.35,
      964.91,       -5.28,
      965.43,       -5.22,
      965.99,       -5.13,
      966.51,       -5.11,
      967.07,       -5.00,
      967.59,       -4.89,
      968.10,       -4.81,
      968.62,       -4.77,
      969.14,       -4.70,
      969.66,       -4.61,
      970.18,       -4.54,
      970.70,       -4.46,
      971.22,       -4.39,
      971.70,       -4.32,
      972.22,       -4.26,
      972.70,       -4.17,
      973.21,       -4.15,
      973.73,       -4.07,
      974.29,       -4.02,
      974.81,       -3.96,
      975.37,       -3.93,
      975.89,       -3.89,
      976.41,       -3.85,
      976.93,       -3.80,
      977.45,       -3.80,
      977.96,       -3.75,
      978.48,       -3.70,
      979.00,       -3.62,
      979.52,       -3.56,
      980.00,       -3.51,
      980.48,       -3.46,
      981.04,       -3.37,
      981.56,       -3.26,
      982.08,       -3.16,
      982.64,       -3.15,
      983.15,       -3.13,
      983.67,       -3.09,
      984.23,       -3.04,
      984.75,       -3.03,
      985.27,       -3.03,
      985.79,       -2.97,
      986.31,       -2.89,
      986.79,       -2.86,
      987.31,       -2.80,
      987.82,       -2.75,
      988.30,       -2.84,
      988.82,       -2.89,
      989.34,       -2.88,
      989.86,       -2.89,
      990.42,       -2.92,
      990.94,       -2.94,
      991.46,       -2.97,
      992.02,       -2.98,
      992.54,       -2.95,
      993.01,       -2.88,
      993.53,       -2.83,
      994.05,       -2.81,
      994.57,       -2.78,
      995.09,       -2.78,
      995.61,       -2.70,
      996.09,       -2.64,
      996.61,       -2.58,
      997.09,       -2.59,
      997.65,       -2.57,
      998.16,       -2.55,
      998.68,       -2.48,
      999.24,       -2.43,
      999.76,       -2.42,
     1000.28,       -2.40,
     1000.84,       -2.38,
     1001.36,       -2.30,
     1001.84,       -2.25,
     1002.36,       -2.21,
     1002.87,       -2.19,
     1003.35,       -2.17,
     1003.83,       -2.15,
     1004.35,       -2.09,
     1004.87,       -2.01,
     1005.39,       -1.95,
     1005.95,       -1.92,
     1006.47,       -1.90,
     1006.99,       -1.86,
     1007.55,       -1.81,
     1008.06,       -1.79,
     1008.58,       -1.76,
     1009.10,       -1.70,
     1009.58,       -1.69,
     1010.10,       -1.73,
     1010.62,       -1.72,
     1011.14,       -1.70,
     1011.62,       -1.66,
     1012.14,       -1.64,
     1012.62,       -1.62,
     1013.13,       -1.59,
     1013.65,       -1.55,
     1014.21,       -1.56,
     1014.73,       -1.60,
     1015.29,       -1.60,
     1015.81,       -1.57,
     1016.33,       -1.56,
     1016.85,       -1.59,
     1017.37,       -1.61,
     1017.88,       -1.60,
     1018.40,       -1.58,
     1018.92,       -1.62,
     1019.40,       -1.64,
     1019.92,       -1.59,
     1020.40,       -1.51,
     1020.92,       -1.49,
     1021.44,       -1.45,
     1021.96,       -1.39,
     1022.52,       -1.39,
     1023.03,       -1.39,
     1023.59,       -1.34,
     1024.11,       -1.32,
     1024.63,       -1.27,
     1025.15,       -1.24,
     1025.67,       -1.22,
     1026.19,       -1.20,
     1026.71,       -1.15,
     1027.19,       -1.11,
     1027.71,       -1.08,
     1028.18,       -1.08,
     1028.70,       -1.06,
     1029.22,       -1.02,
     1029.74,       -0.98,
     1030.30,       -0.94,
     1030.82,       -0.92,
     1031.34,       -0.90,
     1031.90,       -0.89,
     1032.42,       -0.91,
     1032.93,       -0.88,
     1033.41,       -0.85,
     1033.93,       -0.90,
     1034.45,       -0.98,
     1034.93,       -1.05,
     1035.45,       -1.10,
     1035.97,       -1.14,
     1036.45,       -1.27,
     1036.97,       -1.29,
     1037.49,       -1.30,
     1038.04,       -1.31,
     1038.56,       -1.31,
     1039.08,       -1.28,
     1039.64,       -1.25,
     1040.16,       -1.20,
     1040.68,       -1.18,
     1041.20,       -1.11,
     1041.72,       -1.09,
     1042.24,       -1.03,
     1042.72,       -0.96,
     1043.23,       -0.91,
     1043.71,       -0.91,
     1044.23,       -0.94,
     1044.71,       -0.91,
     1045.27,       -0.85,
     1045.79,       -0.84,
     1046.31,       -0.77,
     1046.87,       -0.75,
     1047.39,       -0.73,
     1047.90,       -0.70,
     1048.46,       -0.67,
     1048.98,       -0.63,
     1049.46,       -0.57,
     1049.98,       -0.51,
     1050.50,       -0.44,
     1050.98,       -0.42,
     1051.50,       -0.42,
     1052.02,       -0.37,
     1052.50,       -0.33,
     1053.01,       -0.31,
     1053.57,       -0.24,
     1054.09,       -0.15,
     1054.65,       -0.10,
     1055.17,       -0.09,
     1055.69,       -0.07,
     1056.25,       -0.05,
     1056.77,       -0.01,
     1057.29,       -0.01,
     1057.77,        0.05,
     1058.28,        0.11,
     1058.80,        0.13,
     1059.32,        0.13,
     1059.80,        0.18,
     1060.32,        0.21,
     1060.84,        0.17,
     1061.36,        0.23,
     1061.88,        0.24,
     1062.44,        0.31,
     1062.95,        0.33,
     1063.51,        0.33,
     1064.03,        0.35,
     1064.55,        0.35,
     1065.07,        0.35,
     1065.55,        0.33,
     1066.07,        0.33,
     1066.59,        0.33,
     1067.07,        0.33,
     1067.59,        0.27,
     1068.10,        0.24,
     1068.62,        0.24,
     1069.14,        0.16,
     1069.66,        0.07,
     1070.18,       -0.04,
     1070.70,       -0.14,
     1071.26,       -0.16,
     1071.82,       -0.17,
     1072.34,       -0.17,
     1072.81,       -0.18,
     1073.33,       -0.20,
     1073.81,       -0.20,
     1074.33,       -0.23,
     1074.85,       -0.24,
     1075.37,       -0.24,
     1075.89,       -0.20,
     1076.37,       -0.20,
     1076.89,       -0.20,
     1077.45,       -0.20,
     1077.96,       -0.23,
     1078.48,       -0.25,
     1079.00,       -0.32,
     1079.56,       -0.39,
     1080.08,       -0.47,
     1080.60,       -0.68,
     1081.08,       -0.99,
     1081.60,       -1.35,
     1082.12,       -1.70,
     1082.64,       -2.05,
     1083.15,       -2.37,
     1083.63,       -2.62,
     1084.11,       -2.92,
     1084.63,       -3.21,
     1085.15,       -3.51,
     1085.71,       -3.87,
     1086.23,       -4.17,
     1086.75,       -4.49,
     1087.31,       -4.84,
     1087.82,       -5.18,
     1088.34,       -5.53,
     1088.86,       -5.88,
     1089.34,       -6.21,
     1089.86,       -6.56,
     1090.38,       -6.91,
     1090.90,       -7.24,
     1091.42,       -7.56,
     1091.94,       -7.83,
     1092.42,       -8.00,
     1092.93,       -8.15,
     1093.49,       -8.18,
     1094.01,       -8.13,
     1094.53,       -8.08,
     1095.09,       -7.96,
     1095.61,       -7.86,
     1096.13,       -7.78,
     1096.65,       -7.68,
     1097.17,       -7.58,
     1097.65,       -7.48,
     1098.16,       -7.41,
     1098.68,       -7.36,
     1099.20,       -7.25,
     1099.72,       -7.12,
     1100.20,       -7.04,
     1100.72,       -6.93,
     1101.24,       -6.82,
     1101.76,       -6.74,
     1102.32,       -6.62,
     1102.83,       -6.58,
     1103.39,       -6.54,
     1103.91,       -6.51,
     1104.39,       -6.45,
     1104.91,       -6.40,
     1105.43,       -6.34,
     1105.95,       -6.26,
     1106.47,       -6.18,
     1106.95,       -6.18,
     1107.47,       -6.14,
     1107.94,       -6.12,
     1108.46,       -6.13,
     1108.98,       -6.15,
     1109.50,       -6.19,
     1110.06,       -6.16,
     1110.58,       -6.14,
     1111.14,       -6.11,
     1111.66,       -6.10,
     1112.14,       -6.18,
     1112.66,       -6.18,
     1113.17,       -6.13,
     1113.69,       -6.14,
     1114.21,       -6.05,
     1114.73,       -5.98,
     1115.21,       -6.01,
     1115.73,       -5.97,
     1116.21,       -5.91,
     1116.73,       -5.99,
     1117.29,       -5.91,
     1117.81,       -5.87,
     1118.36,       -5.95,
     1118.88,       -5.83,
     1119.40,       -5.80,
     1119.92,       -5.92,
     1120.44,       -5.78,
     1120.96,       -5.75,
     1121.48,       -5.84,
     1122.00,       -5.68,
     1122.52,       -5.66,
     1122.99,       -5.72,
     1123.51,       -5.62,
     1123.99,       -5.60,
     1124.51,       -5.69,
     1125.03,       -5.58,
     1125.55,       -5.66,
     1126.11,       -5.69,
     1126.63,       -5.61,
     1127.19,       -5.67,
     1127.67,       -5.75,
     1128.18,       -5.65,
     1128.70,       -5.71,
     1129.18,       -5.75,
     1129.70,       -5.65,
     1130.22,       -5.75,
     1130.74,       -5.82,
     1131.26,       -5.71,
     1131.74,       -5.73,
     1132.22,       -5.75,
     1132.78,       -5.62,
     1133.29,       -5.65,
     1133.81,       -5.69,
     1134.37,       -5.62,
     1134.89,       -5.72,
     1135.41,       -5.74,
     1135.93,       -5.65,
     1136.45,       -5.71,
     1136.97,       -5.72,
     1137.45,       -5.60,
     1137.96,       -5.70,
     1138.48,       -5.71,
     1139.00,       -5.62,
     1139.48,       -5.69,
     1140.00,       -5.63,
     1140.48,       -5.55,
     1141.04,       -5.54,
     1141.56,       -5.41,
     1142.08,       -5.29,
     1142.64,       -5.29,
     1143.15,       -5.21,
     1143.67,       -5.11,
     1144.19,       -5.13,
     1144.67,       -5.00,
     1145.19,       -4.89,
     1145.71,       -4.91,
     1146.23,       -4.74,
     1146.75,       -4.68,
     1147.23,       -4.64,
     1147.75,       -4.45,
     1148.22,       -4.39,
     1148.74,       -4.31,
     1149.30,       -4.16,
     1149.82,       -4.13,
     1150.34,       -4.07,
     1150.86,       -3.90,
     1151.42,       -3.88,
     1151.94,       -3.81,
     1152.46,       -3.68,
     1152.97,       -3.71,
     1153.45,       -3.61,
     1153.97,       -3.52,
     1154.49,       -3.53,
     1155.01,       -3.39,
     1155.49,       -3.34,
     1156.01,       -3.33,
     1156.49,       -3.21,
     1157.01,       -3.20,
     1157.57,       -3.16,
     1158.08,       -3.11,
     1158.60,       -3.10,
     1159.12,       -3.08,
     1159.68,       -3.04,
     1160.16,       -3.13,
     1160.64,       -3.05,
     1161.16,       -2.96,
     1161.68,       -2.92,
     1162.20,       -2.89,
     1162.72,       -2.95,
     1163.19,       -2.94,
     1163.71,       -2.84,
     1164.19,       -2.86,
     1164.71,       -2.84,
     1165.23,       -2.82,
     1165.75,       -2.84,
     1166.31,       -2.78,
     1166.83,       -2.72,
     1167.39,       -2.70,
     1167.86,       -2.65,
     1168.38,       -2.61,
     1168.90,       -2.60,
     1169.42,       -2.57,
     1169.94,       -2.57,
     1170.42,       -2.61,
     1170.94,       -2.67,
     1171.46,       -2.67,
     1171.94,       -2.64,
     1172.46,       -2.67,
     1172.97,       -2.69,
     1173.49,       -2.64,
     1174.01,       -2.60,
     1174.57,       -2.64,
     1175.09,       -2.61,
     1175.61,       -2.59,
     1176.13,       -2.53,
     1176.65,       -2.51,
     1177.17,       -2.49,
     1177.69,       -2.51,
     1178.20,       -2.45,
     1178.68,       -2.41,
     1179.20,       -2.34,
     1179.72,       -2.28,
     1180.20,       -2.25,
     1180.72,       -2.21,
     1181.24,       -2.18,
     1181.76,       -2.12,
     1182.28,       -2.03,
     1182.84,       -2.00,
     1183.35,       -1.99,
     1183.87,       -1.94,
     1184.39,       -1.87,
     1184.91,       -1.82,
     1185.43,       -1.77,
     1185.95,       -1.76,
     1186.43,       -1.71,
     1186.95,       -1.64,
     1187.47,       -1.61,
     1187.94,       -1.56,
     1188.46,       -1.57,
     1188.94,       -1.56,
     1189.50,       -1.51,
     1190.02,       -1.43,
     1190.54,       -1.39,
     1191.10,       -1.36,
     1191.62,       -1.32,
     1192.14,       -1.31,
     1192.62,       -1.28,
     1193.13,       -1.26,
     1193.61,       -1.24,
     1194.13,       -1.20,
     1194.65,       -1.15,
     1195.13,       -1.15,
     1195.61,       -1.17,
     1196.09,       -1.20,
     1196.57,       -1.19,
     1197.05,       -1.16,
     1197.57,       -1.16,
     1198.08,       -1.17,
     1198.56,       -1.16,
     1199.04,       -1.16,
     1199.52,       -1.15,
     1200.00,       -1.13,
     1200.44,       -1.16,
     1200.88,       -1.14,
     1201.32,       -1.13,
     1201.80,       -1.17,
     1202.24,       -1.23,
     1202.64,       -1.25,
     1203.07,       -1.25,
     1203.43,       -1.29,
     1203.83,       -1.31,
     1204.27,       -1.29,
     1204.71,       -1.26,
     1205.11,       -1.26,
     1205.55,       -1.23,
     1205.95,       -1.20,
     1206.35,       -1.16,
     1206.79,       -1.11,
     1207.19,       -1.08,
     1207.55,       -1.06,
     1207.90,       -1.00,
     1208.26,       -0.94,
     1208.62,       -0.92,
     1208.98,       -0.90,
     1209.34,       -0.89,
     1209.66,       -0.87,
     1210.02,       -0.83,
     1210.34,       -0.81,
     1210.66,       -0.77,
     1210.98,       -0.72,
     1211.30,       -0.72,
     1211.62,       -0.65,
     1211.90,       -0.63,
     1212.22,       -0.58,
     1212.54,       -0.50,
     1212.85,       -0.51,
     1213.17,       -0.42,
     1213.49,       -0.38,
     1213.77,       -0.38,
     1213.97,       -0.31,
     1214.17,       -0.31,
     1214.41,       -0.25,
     1214.57,       -0.22,
     1214.73,       -0.23,
     1214.89,       -0.20,
     1215.01,       -0.17,
     1215.13,       -0.20,
     1215.21,       -0.18,
     1215.29,       -0.15,
     1215.33,       -0.11,
     1215.41,       -0.11,
     1215.45,       -0.13,
     1215.45,       -0.15,
     1215.49,       -0.23,