       -0.00,       -0.22,
        0.04,       -0.20,
        0.12,       -0.20,
        0.16,       -0.19,
        0.20,       -0.20,
        0.28,       -0.18,
        0.36,       -0.16,
        0.40,       -0.18,
        0.48,       -0.17,
        0.56,       -0.15,
        0.64,       -0.13,
        0.72,       -0.09,
        0.84,       -0.07,
        0.96,        0.00,
        1.04,        0.01,
        1.16,        0.05,
        1.28,        0.09,
        1.40,        0.07,
        1.52,        0.11,
        1.64,        0.16,
        1.76,        0.18,
        1.92,        0.24,
        2.04,        0.27,
        2.20,        0.27,
        2.31,        0.31,
        2.47,        0.29,
        2.63,        0.34,
        2.79,        0.35,
        2.95,        0.37,
        3.11,        0.36,
        3.27,        0.36,
        3.43,        0.40,
        3.59,        0.44,
        3.75,        0.43,
        3.91,        0.43,
        4.07,        0.44,
        4.23,        0.52,
        4.43,        0.50,
        4.59,        0.49,
        4.75,        0.50,
        4.95,        0.52,
        5.11,        0.54,
        5.27,        0.51,
        5.43,        0.55,
        5.59,        0.56,
        5.75,        0.56,
        5.95,        0.52,
        6.11,        0.57,
        6.27,        0.59,
        6.43,        0.59,
        6.63,        0.64,
        6.79,        0.65,
        6.99,        0.67,
        7.19,        0.63,
        7.38,        0.65,
        7.62,        0.67,
        7.82,        0.73,
        8.02,        0.76,
        8.26,        0.76,
        8.50,        0.78,
        8.74,        0.81,
        8.94,        0.81,
        9.18,        0.83,
        9.42,        0.81,
        9.66,        0.82,
        9.90,        0.80,
       10.14,        0.81,
       10.42,        0.84,
       10.66,        0.81,
       10.90,        0.81,
       11.14,        0.81,
       11.42,        0.83,
       11.70,        0.83,
       11.98,        0.85,
       12.26,        0.83,
       12.53,        0.84,
       12.81,        0.87,
       13.09,        0.91,
       13.37,        0.90,
       13.65,        0.94,
       13.93,        1.00,
       14.21,        1.03,
       14.49,        1.03,
       14.77,        1.00,
       15.05,        1.03,
       15.33,        1.03,
       15.65,        1.05,
       15.93,        1.08,
       16.21,        1.08,
       16.49,        1.11,
       16.81,        1.13,
       17.09,        1.16,
       17.36,        1.19,
       17.64,        1.20,
       17.92,        1.20,
       18.24,        1.22,
       18.52,        1.25,
       18.80,        1.25,
       19.12,        1.31,
       19.44,        1.33,
       19.72,        1.38,
       20.08,        1.38,
       20.44,        1.39,
       20.76,        1.40,
       21.12,        1.44,
       21.44,        1.46,
       21.76,        1.46,
       22.12,        1.51,
       22.43,        1.51,
       22.75,        1.53,
       23.07,        1.54,
       23.43,        1.56,
       23.75,        1.58,
       24.11,        1.60,
       24.43,        1.58,
       24.79,        1.61,
       25.15,        1.62,
       25.51,        1.62,
       25.83,        1.64,
       26.19,        1.64,
       26.55,        1.60,
       26.87,        1.61,
       27.23,        1.65,
       27.58,        1.64,
       27.90,        1.67,
       28.26,        1.64,
       28.66,        1.64,
       29.02,        1.64,
       29.42,        1.61,
       29.78,        1.61,
       30.14,        1.58,
       30.46,        1.56,
       30.82,        1.56,
       31.18,        1.51,
       31.54,        1.51,
       31.90,        1.51,
       32.29,        1.51,
       32.65,        1.51,
       33.01,        1.47,
       33.33,        1.44,
       33.69,        1.38,
       34.05,        1.41,
       34.41,        1.39,
       34.77,        1.38,
       35.13,        1.38,
       35.53,        1.33,
       35.89,        1.30,
       36.29,        1.25,
       36.69,        1.16,
       37.09,        1.10,
       37.48,        0.94,
       37.84,        0.81,
       38.24,        0.59,
       38.60,        0.28,
       38.96,        0.06,
       39.36,       -0.23,
       39.72,       -0.49,
       40.12,       -0.77,
       40.52,       -1.05,
       40.92,       -1.29,
       41.28,       -1.54,
       41.68,       -1.65,
       42.04,       -1.74,
       42.43,       -1.81,
       42.79,       -1.77,
       43.19,       -1.77,
       43.59,       -1.78,
       43.99,       -1.76,
       44.39,       -1.77,
       44.79,       -1.77,
       45.23,       -1.75,
       45.63,       -1.78,
       46.03,       -1.76,
       46.43,       -1.79,
       46.83,       -1.77,
       47.27,       -1.75,
       47.62,       -1.82,
       48.02,       -1.71,
       48.46,       -1.68,
       48.86,       -1.68,
       49.26,       -1.66,
       49.66,       -1.70,
       50.06,       -1.70,
       50.46,       -1.66,
       50.86,       -1.71,
       51.26,       -1.68,
       51.66,       -1.67,
       52.10,       -1.69,
       52.49,       -1.65,
       52.97,       -1.73,
       53.41,       -1.72,
       53.81,       -1.61,
       54.25,       -1.77,
       54.65,       -1.71,
       55.09,       -1.67,
       55.53,       -1.74,
       55.97,       -1.73,
       56.37,       -1.78,
       56.81,       -1.77,
       57.21,       -1.71,
       57.64,       -1.79,
       58.04,       -1.74,
       58.44,       -1.71,
       58.88,       -1.76,
       59.28,       -1.69,
       59.72,       -1.68,
       60.20,       -1.68,
       60.64,       -1.63,
       61.08,       -1.68,
       61.52,       -1.67,
       61.96,       -1.64,
       62.39,       -1.69,
       62.79,       -1.65,
       63.19,       -1.64,
       63.63,       -1.60,
       64.07,       -1.64,
       64.51,       -1.65,
       64.95,       -1.64,
       65.39,       -1.61,
       65.79,       -1.62,
       66.23,       -1.60,
       66.63,       -1.60,
       67.07,       -1.64,
       67.50,       -1.59,
       67.94,       -1.60,
       68.38,       -1.56,
       68.90,       -1.56,
       69.34,       -1.58,
       69.78,       -1.58,
       70.22,       -1.57,
       70.66,       -1.56,
       71.06,       -1.57,
       71.50,       -1.56,
       71.94,       -1.57,
       72.37,       -1.55,
       72.81,       -1.50,
       73.25,       -1.46,
       73.69,       -1.47,
       74.13,       -1.55,
       74.57,       -1.55,
       74.97,       -1.57,
       75.41,       -1.61,
       75.85,       -1.59,
       76.29,       -1.53,
       76.77,       -1.52,
       77.25,       -1.51,
       77.72,       -1.51,
       78.16,       -1.51,
       78.60,       -1.49,
       79.04,       -1.45,
       79.48,       -1.46,
       79.92,       -1.42,
       80.36,       -1.36,
       80.84,       -1.38,
       81.28,       -1.38,
       81.72,       -1.35,
       82.16,       -1.32,
       82.59,       -1.33,
       82.99,       -1.33,
       83.43,       -1.30,
       83.91,       -1.31,
       84.39,       -1.33,
       84.91,       -1.35,
       85.39,       -1.37,
       85.87,       -1.36,
       86.31,       -1.28,
       86.79,       -1.29,
       87.23,       -1.27,
       87.66,       -1.25,
       88.14,       -1.22,
       88.58,       -1.24,
       89.06,       -1.25,
       89.50,       -1.26,
       89.94,       -1.25,
       90.38,       -1.27,
       90.82,       -1.24,
       91.30,       -1.19,
       91.74,       -1.17,
       92.22,       -1.19,
       92.69,       -1.18,
       93.17,       -1.15,
       93.69,       -1.14,
       94.13,       -1.14,
       94.61,       -1.10,
       95.05,       -1.10,
       95.49,       -1.07,
       95.97,       -1.06,
       96.45,       -1.05,
       96.89,       -1.06,
       97.32,       -1.05,
       97.80,       -1.04,
       98.24,       -1.45,
       98.68,       -0.99,
       99.16,       -1.03,
       99.60,       -1.02,
      100.08,       -1.00,
      100.56,       -0.96,
      101.08,       -0.97,
      101.56,       -0.95,
      102.04,       -1.00,
      102.47,       -1.07,
      102.95,       -1.03,
      103.39,       -1.07,
      103.83,       -1.08,
      104.31,       -1.11,
      104.79,       -1.15,
      105.27,       -1.14,
      105.71,       -1.11,
      106.19,       -1.07,
      106.63,       -1.03,
      107.11,       -0.98,
      107.58,       -0.98,
      108.06,       -0.98,
      108.58,       -0.92,
      109.06,       -0.87,
      109.54,       -0.80,
      110.06,       -0.77,
      110.54,       -0.78,
      110.98,       -0.76,
      111.46,       -0.74,
      111.90,       -0.72,
      112.41,       -0.66,
      112.89,       -0.66,
      113.37,       -0.60,
      113.81,       -0.57,
      114.29,       -0.53,
      114.73,       -0.49,
      115.21,       -0.47,
      115.69,       -0.46,
      116.21,       -0.38,
      116.73,       -0.38,
      117.21,       -0.40,
      117.72,       -0.38,
      118.16,       -0.35,
      118.64,       -0.31,
      119.12,       -0.30,
      119.60,       -0.30,
      120.12,       -0.26,
      120.60,       -0.24,
      121.08,       -0.24,
      121.56,       -0.24,
      122.04,        0.41,
      122.47,       -0.23,
      122.95,       -0.26,
      123.43,       -0.28,
      123.91,       -0.26,
      124.43,       -0.24,
      124.99,       -0.28,
      125.43,       -0.24,
      125.95,       -0.23,
      126.43,       -0.23,
      126.91,       -0.20,
      127.34,       -0.22,
      127.82,       -0.19,
      128.30,       -0.17,
      128.78,       -0.20,
      129.26,       -0.18,
      129.74,       -0.18,
      130.22,       -0.12,
      130.70,       -0.06,
      131.14,       -0.03,
      131.66,        0.04,
      132.14,        0.08,
      132.61,        0.12,
      133.13,        0.20,
      133.65,        0.28,
      134.13,        0.33,
      134.65,        0.35,
      135.09,        0.37,
      135.57,        0.45,
      136.05,        0.47,
      136.57,        0.54,
      137.05,        0.59,
      137.56,        0.67,
      138.04,        0.71,
      138.48,        0.74,
      139.04,        0.80,
      139.52,        0.84,
      139.96,        0.88,
      140.48,        0.91,
      141.00,        0.94,
      141.52,        1.03,
      142.04,        1.02,
      142.51,        1.03,
      142.99,        1.06,
      143.47,        1.07,
      143.95,        1.06,
      144.47,        0.99,
      144.95,        1.03,
      145.47,        1.03,
      145.95,        1.03,
      146.39,        1.09,
      146.87,        1.12,
      147.34,        1.14,
      147.86,        1.14,
      148.34,        1.11,
      148.86,        1.11,
      149.38,        1.10,
      149.90,        1.09,
      150.42,        1.09,
      150.90,        1.07,
      151.38,        1.03,
      151.86,        0.98,
      152.37,        0.89,
      152.85,        0.72,
      153.37,        0.55,
      153.85,        0.50,
      154.29,        0.52,
      154.77,        0.49,
      155.29,        0.50,
      155.77,        0.50,
      156.29,        0.48,
      156.81,        0.48,
      157.36,        0.47,
      157.88,        0.51,
      158.40,        0.45,
      158.88,        0.37,
      159.36,        0.37,
      159.84,        0.39,
      160.36,        0.38,
      160.84,        0.30,
      161.32,        0.28,
      161.80,        0.33,
      162.28,        0.22,
      162.75,        0.08,
      163.23,       -0.10,
      163.71,       -0.44,
      164.23,       -0.85,
      164.75,       -1.27,
      165.27,       -1.70,
      165.79,       -2.04,
      166.31,       -2.12,
      166.79,       -2.13,
      167.27,       -2.10,
      167.74,       -2.05,
      168.26,       -1.99,
      168.74,       -1.98,
      169.22,       -2.09,
      169.70,       -2.11,
      170.18,       -2.06,
      170.66,       -1.99,
      171.18,       -1.96,
      171.66,       -2.02,
      172.18,       -2.03,
      172.69,       -2.00,
      173.17,       -1.98,
      173.73,       -1.94,
      174.21,       -1.96,
      174.73,       -1.99,
      175.21,       -2.01,
      175.69,       -2.03,
      176.17,       -2.00,
      176.69,       -1.99,
      177.17,       -2.00,
      177.68,       -1.98,
      178.16,       -2.00,
      178.64,       -1.97,
      179.12,       -1.95,
      179.60,       -1.90,
      180.12,       -1.90,
      180.64,       -1.87,
      181.16,       -1.86,
      181.68,       -1.84,
      182.20,       -1.81,
      182.67,       -1.79,
      183.19,       -1.77,
      183.67,       -1.74,
      184.15,       -1.74,
      184.63,       -1.73,
      185.15,       -1.66,
      185.63,       -1.60,
      186.11,       -1.59,
      186.63,       -1.59,
      187.11,       -1.58,
      187.58,       -1.53,
      188.10,       -1.49,
      188.62,       -1.46,
      189.14,       -1.46,
      189.66,       -1.42,
      190.18,       -1.41,
      190.66,       -1.40,
      191.18,       -1.35,
      191.62,       -1.31,
      192.14,       -1.37,
      192.61,       -1.37,
      193.13,       -1.38,
      193.61,       -1.37,
      194.09,       -1.37,
      194.57,       -1.36,
      195.09,       -1.38,
      195.57,       -1.33,
      196.09,       -1.33,
      196.61,       -1.29,
      197.13,       -1.26,
      197.64,       -1.26,
      198.16,       -1.26,
      198.64,       -1.24,
      199.12,       -1.18,
      199.60,       -1.15,
      200.12,       -1.11,
      200.60,       -1.12,
      201.12,       -1.12,
      201.64,       -1.12,
      202.12,       -1.11,
      202.59,       -1.10,
      203.07,       -1.02,
      203.59,       -0.99,
      204.11,       -1.05,
      204.63,       -1.03,
      205.15,       -0.99,
      205.67,       -0.97,
      206.19,       -0.94,
      206.67,       -0.92,
      207.15,       -0.85,
      207.62,       -0.80,
      208.10,       -0.88,
      208.62,       -0.89,
      209.14,       -0.87,
      209.62,       -0.88,
      210.10,       -0.87,
      210.62,       -0.87,
      211.10,       -0.88,
      211.62,       -0.87,
      212.10,       -0.88,
      212.61,       -0.90,
      213.13,       -0.89,
      213.65,       -0.90,
      214.17,       -0.90,
      214.65,       -0.91,
      215.13,       -0.88,
      215.65,       -0.98,
      216.13,       -0.90,
      216.65,       -0.93,
      217.17,       -0.90,
      217.64,       -0.87,
      218.12,       -0.84,
      218.64,       -0.84,
      219.12,       -0.84,
      219.64,       -0.83,
      220.16,       -0.81,
      220.68,       -0.76,
      221.20,       -0.75,
      221.68,       -0.73,
      222.20,       -0.68,
      222.71,       -0.62,
      223.19,       -0.63,
      223.67,       -0.59,
      224.19,       -0.55,
      224.71,       -0.54,
      225.23,       -0.52,
      225.71,       -0.51,
      226.19,       -0.55,
      226.71,       -0.49,
      227.19,       -0.52,
      227.70,       -0.46,
      228.18,       -0.42,
      228.74,       -0.44,
      229.22,       -0.39,
      229.78,       -0.42,
      230.26,       -0.42,
      230.78,       -0.37,
      231.26,       -0.41,
      231.74,       -0.41,
      232.26,       -0.50,
      232.77,       -0.61,
      233.29,       -0.56,
      233.77,       -0.68,
      234.25,       -0.67,
      234.73,       -0.68,
      235.25,       -0.72,
      235.73,       -0.65,
      236.25,       -0.65,
      236.77,       -0.68,
      237.29,       -0.64,
      237.80,       -0.59,
      238.32,       -0.54,
      238.84,       -0.52,
      239.32,       -0.54,
      239.80,       -0.46,
      240.36,       -0.41,
      240.88,       -0.37,
      241.40,       -0.34,
      241.88,       -0.32,
      242.36,       -0.30,
      242.87,       -0.25,
      243.35,       -0.24,
      243.87,       -0.20,
      244.35,       -0.15,
      244.91,       -0.11,
      245.43,       -0.10,
      245.95,       -0.07,
      246.47,       -0.02,
      246.95,       -0.02,
      247.46,       -0.00,
      247.98,        0.05,
      248.50,        0.05,
      249.02,        0.09,
      249.54,        0.15,
      250.02,        0.19,
      250.50,        0.23,
      250.98,        0.28,
      251.46,        0.28,
      251.98,        0.29,
      252.49,        0.37,
      253.01,        0.42,
      253.57,        0.44,
      254.09,        0.49,
      254.61,        0.51,
      255.09,        0.50,
      255.57,        0.49,
      256.09,        0.49,
      256.61,        0.48,
      257.13,        0.53,
      257.60,        0.55,
      258.12,        0.55,
      258.60,        0.55,
      259.08,        0.53,
      259.56,        0.48,
      260.08,        0.43,
      260.60,        0.37,
      261.16,        0.34,
      261.68,        0.23,
      262.20,        0.15,
      262.67,        0.12,
      263.19,        0.09,
      263.67,        0.07,
      264.23,        0.06,
      264.75,        0.06,
      265.27,        0.06,
      265.75,        0.07,
      266.23,        0.07,
      266.71,        0.06,
      267.23,        0.05,
      267.70,        0.06,
      268.26,        0.06,
      268.78,        0.05,
      269.30,        0.07,
      269.82,        0.08,
      270.34,        0.10,
      270.82,        0.10,
      271.34,        0.13,
      271.82,        0.14,
      272.34,        0.15,
      272.85,        0.16,
      273.37,        0.17,
      273.85,        0.16,
      274.33,        0.18,
      274.81,        0.18,
      275.33,        0.20,
      275.81,        0.21,
      276.41,        0.20,
      276.93,        0.19,
      277.44,        0.19,
      277.96,        0.15,
      278.48,        0.16,
      279.00,        0.17,
      279.48,        0.15,
      279.96,        0.15,
      280.48,        0.02,
      281.00,       -0.04,
      281.52,       -0.09,
      282.00,       -0.34,
      282.47,       -0.41,
      282.95,       -0.57,
      283.47,       -0.80,
      283.99,       -0.97,
      284.51,       -1.10,
      285.03,       -1.07,
      285.59,       -1.07,
      286.11,       -1.07,
      286.63,       -1.02,
      287.11,       -1.03,
      287.62,       -1.09,
      288.10,       -1.02,
      288.62,       -0.95,
      289.14,       -0.93,
      289.62,       -0.92,
      290.14,       -0.95,
      290.62,       -0.97,
      291.10,       -0.93,
      291.62,       -0.94,
      292.14,       -0.90,
      292.69,       -0.94,
      293.17,       -0.97,
      293.73,       -0.88,
      294.25,       -0.90,
      294.77,       -0.90,
      295.25,       -0.86,
      295.77,       -0.85,
      296.29,       -0.80,
      296.77,       -0.81,
      297.29,       -0.84,
      297.80,       -0.85,
      298.28,       -0.84,
      298.76,       -0.81,
      299.24,       -0.75,
      299.76,       -0.75,
      300.32,       -0.75,
      300.84,       -0.76,
      301.36,       -0.79,
      301.92,       -0.78,
      302.43,       -0.78,
      302.91,       -0.76,
      303.43,       -0.79,
      303.91,       -0.78,
      304.43,       -0.73,
      304.91,       -0.70,
      305.47,       -0.68,
      305.95,       -0.68,
      306.43,       -0.64,
      306.91,       -0.64,
      307.42,       -0.64,
      307.94,       -0.62,
      308.46,       -0.63,
      308.98,       -0.68,
      309.54,       -0.66,
      310.06,       -0.69,
      310.58,       -0.69,
      311.10,       -0.70,
      311.58,       -0.70,
      312.10,       -0.68,
      312.57,       -0.67,
      313.09,       -0.68,
      313.61,       -0.68,
      314.09,       -0.69,
      314.61,       -0.72,
      315.09,       -0.70,
      315.57,       -0.68,
      316.13,       -0.67,
      316.65,       -0.62,
      317.17,       -0.60,
      317.72,       -0.65,
      318.24,       -0.63,
      318.76,       -0.62,
      319.28,       -0.61,
      319.76,       -0.59,
      320.24,       -0.59,
      320.76,       -0.52,
      321.28,       -0.47,
      321.80,       -0.46,
      322.28,       -0.42,
      322.75,       -0.41,
      323.27,       -0.41,
      323.79,       -0.36,
      324.31,       -0.34,
      324.83,       -0.37,
      325.39,       -0.35,
      325.91,       -0.36,
      326.43,       -0.33,
      326.95,       -0.32,
      327.46,       -0.29,
      327.94,       -0.29,
      328.46,       -0.29,
      328.94,       -0.26,
      329.46,       -0.24,
      329.98,       -0.23,
      330.50,       -0.22,
      330.98,       -0.20,
      331.46,       -0.15,
      332.02,       -0.09,
      332.53,       -0.09,
      333.05,       -0.10,
      333.57,       -0.09,
      334.13,       -0.05,
      334.65,       -0.02,
      335.17,        0.01,
      335.65,        0.01,
      336.13,        0.06,
      336.65,        0.11,
      337.17,        0.13,
      337.68,        0.13,
      338.16,        0.15,
      338.68,        0.14,
      339.16,        0.15,
      339.68,        0.19,
      340.20,        0.21,
      340.72,        0.20,
      341.24,        0.24,
      341.80,        0.29,
      342.32,        0.30,
      342.83,        0.34,
      343.31,        0.31,
      343.83,        0.28,
      344.31,        0.26,
      344.83,        0.23,
      345.35,        0.24,
      345.87,        0.25,
      346.39,        0.27,
      346.87,        0.32,
      347.35,        0.27,
      347.86,        0.27,
      348.38,        0.27,
      348.90,        0.24,
      349.46,        0.22,
      349.98,        0.21,
      350.50,        0.18,
      351.02,        0.14,
      351.50,        0.13,
      352.02,        0.11,
      352.49,        0.14,
      353.01,        0.15,
      353.53,        0.20,
      354.05,        0.18,
      354.53,        0.19,
      355.05,        0.28,
      355.53,        0.28,
      356.05,        0.38,
      356.57,        0.44,
      357.13,        0.47,
      357.64,        0.55,
      358.16,        0.56,
      358.68,        0.58,
      359.20,        0.62,
      359.72,        0.63,
      360.20,        0.72,
      360.72,        0.76,
      361.24,        0.79,
      361.76,        0.83,
      362.28,        0.82,
      362.75,        0.88,
      363.23,        0.92,
      363.75,        0.93,
      364.31,        0.97,
      364.83,        0.98,
      365.35,        1.01,
      365.87,        1.07,
      366.39,        1.12,
      366.91,        1.14,
      367.43,        1.18,
      367.94,        1.17,
      368.46,        1.20,
      368.94,        1.19,
      369.46,        1.23,
      369.98,        1.25,
      370.46,        1.25,
      370.98,        1.29,
      371.46,        1.31,
      371.98,        1.37,
      372.53,        1.38,
      373.05,        1.32,
      373.53,        1.37,
      374.09,        1.34,
      374.61,        1.36,
      375.13,        1.42,
      375.65,        1.39,
      376.13,        1.42,
      376.65,        1.41,
      377.17,        1.40,
      377.68,        1.39,
      378.16,        1.36,
      378.64,        1.38,
      379.16,        1.42,
      379.68,        1.33,
      380.20,        1.26,
      380.72,        1.20,
      381.24,        1.21,
      381.76,        1.19,
      382.32,        1.14,
      382.83,        1.12,
      383.31,        1.09,
      383.79,        1.07,
      384.31,        1.03,
      384.83,        1.01,
      385.35,        1.05,
      385.87,        1.03,
      386.35,        1.05,
      386.83,        1.04,
      387.35,        1.03,
      387.86,        1.03,
      388.38,        1.05,
      388.90,        1.06,
      389.42,        1.07,
      389.98,        1.07,
      390.50,        1.10,
      390.98,        1.09,
      391.50,        1.13,
      391.98,        1.17,
      392.49,        1.16,
      393.01,        1.17,
      393.53,        1.14,
      394.01,        1.18,
      394.53,        1.15,
      395.01,        1.16,
      395.53,        1.12,
      396.09,        1.03,
      396.61,        0.96,
      397.13,        0.68,
      397.72,        0.43,
      398.24,        0.11,
      398.76,       -0.32,
      399.24,       -0.58,
      399.72,       -0.94,
      400.24,       -1.15,
      400.76,       -1.17,
      401.28,       -1.21,
      401.80,       -1.15,
      402.28,       -1.14,
      402.75,       -1.19,
      403.27,       -1.20,
      403.79,       -1.22,
      404.27,       -1.22,
      404.83,       -1.21,
      405.35,       -1.22,
      405.91,       -1.18,
      406.43,       -1.23,
      406.91,       -1.26,
      407.39,       -1.20,
      407.90,       -1.25,
      408.42,       -1.24,
      408.94,       -1.21,
      409.46,       -1.22,
      409.98,       -1.22,
      410.46,       -1.25,
      410.94,       -1.27,
      411.42,       -1.26,
      411.94,       -1.28,
      412.49,       -1.27,
      413.01,       -1.26,
      413.61,       -1.27,
      414.13,       -1.28,
      414.65,       -1.29,
      415.17,       -1.25,
      415.65,       -1.20,
      416.17,       -1.20,
      416.69,       -1.16,
      417.21,       -1.16,
      417.72,       -1.13,
      418.20,       -1.08,
      418.68,       -1.07,
      419.20,       -0.98,
      419.72,       -0.94,
      420.24,       -0.90,
      420.80,       -0.87,
      421.32,       -0.87,
      421.84,       -0.85,
      422.40,       -0.81,
      422.91,       -0.85,
      423.43,       -0.85,
      423.95,       -0.82,
      424.43,       -0.81,
      424.95,       -0.79,
      425.47,       -0.79,
      425.99,       -0.81,
      426.47,       -0.81,
      426.99,       -0.80,
      427.47,       -0.78,
      427.98,       -0.77,
      428.50,       -0.74,
      429.02,       -0.72,
      429.58,       -0.69,
      430.10,       -0.63,
      430.62,       -0.61,
      431.18,       -0.59,
      431.66,       -0.60,
      432.18,       -0.57,
      432.69,       -0.56,
      433.21,       -0.55,
      433.73,       -0.51,
      434.21,       -0.49,
      434.73,       -0.42,
      435.21,       -0.39,
      435.69,       -0.37,
      436.25,       -0.35,
      436.77,       -0.36,
      437.29,       -0.34,
      437.84,       -0.32,
      438.36,       -0.31,
      438.88,       -0.29,
      439.40,       -0.29,
      439.88,       -0.28,
      440.40,       -0.23,
      440.92,       -0.24,
      441.44,       -0.24,
      441.96,       -0.19,
      442.44,       -0.20,
      442.91,       -0.20,
      443.39,       -0.20,
      443.95,       -0.25,
      444.47,       -0.20,
      444.99,       -0.20,
      445.51,       -0.17,
      446.07,       -0.17,
      446.59,       -0.19,
      447.07,       -0.18,
      447.58,       -0.18,
      448.14,        0.48,
      448.62,       -0.14,
      449.18,       -0.15,
      449.66,       -0.13,
      450.18,       -0.05,
      450.62,       -0.06,
      451.10,       -0.04,
      451.62,       -0.09,
      452.18,       -0.07,
      452.69,       -0.02,
      453.25,       -0.09,
      453.81,       -0.02,
      454.33,       -0.08,
      454.85,       -0.11,
      455.33,       -0.06,
      455.81,       -0.13,
      456.33,       -0.11,
      456.89,       -0.07,
      457.37,       -0.07,
      457.88,       -0.04,
      458.36,       -0.08,
      458.84,       -0.05,
      459.36,       -0.03,
      459.88,       -0.14,
      460.40,       -0.09,
      460.92,       -0.14,
      461.48,       -0.11,
      462.00,       -0.20,
      462.51,       -0.14,
      462.99,       -0.07,
      463.51,       -0.06,
      464.03,       -0.06,
      464.55,        0.01,
      465.07,       -0.03,
      465.55,        0.04,
      466.03,        0.05,
      466.55,        0.02,
      467.03,        0.08,
      467.54,        0.03,
      468.06,       -0.01,
      468.62,       -0.02,
      469.14,       -0.04,
      469.70,       -0.07,
      470.22,       -0.06,
      470.70,       -0.08,
      471.22,       -0.09,
      471.70,       -0.15,
      472.22,       -0.18,
      472.73,       -0.21,
      473.25,       -0.24,
      473.73,       -0.24,
      474.25,       -0.27,
      474.73,       -0.28,
      475.21,       -0.24,
      475.77,       -0.24,
      476.29,       -0.20,
      476.81,       -0.15,
      477.37,       -0.16,
      477.88,       -0.20,
      478.40,       -0.23,
      478.92,       -0.22,
      479.40,       -0.20,
      479.92,       -0.22,
      480.44,       -0.11,
      480.92,       -0.11,
      481.44,       -0.15,
      481.96,       -0.13,
      482.44,       -0.20,
      482.91,       -0.12,
      483.43,       -0.07,
      483.95,       -0.08,
      484.47,       -0.03,
      485.03,       -0.07,
      485.55,       -0.05,
      486.07,       -0.02,
      486.59,       -0.02,
      487.11,       -0.02,
      487.58,       -0.02,
      488.10,       -0.01,
      488.58,       -0.02,
      489.10,        0.04,
      489.62,        0.09,
      490.14,        0.07,
      490.62,        0.02,
      491.10,        0.07,
      491.62,        0.11,
      492.18,        0.14,
      492.69,        0.13,
      493.21,        0.11,
      493.77,        0.07,
      494.29,        0.07,
      494.81,        0.03,
      495.33,       -0.03,
      495.81,       -0.20,
      496.29,       -0.47,
      496.81,       -0.77,
      497.33,       -1.13,
      497.84,       -1.53,
      498.32,       -1.73,
      498.84,       -1.73,
      499.32,       -1.73,
      499.84,       -1.76,
      500.40,       -1.76,
      500.92,       -1.76,
      501.44,       -1.75,
      502.00,       -1.70,
      502.52,       -1.60,
      503.03,       -1.55,
      503.51,       -1.49,
      503.99,       -1.43,
      504.51,       -1.46,
      505.03,       -1.48,
      505.55,       -1.44,
      506.07,       -1.35,
      506.55,       -1.29,
      507.03,       -1.26,
      507.54,       -1.27,
      508.10,       -1.27,
      508.62,       -1.25,
      509.14,       -1.20,
      509.70,       -1.13,
      510.22,       -1.11,
      510.74,       -1.07,
      511.26,       -1.03,
      511.74,       -1.02,
      512.26,       -1.00,
      512.77,       -0.98,
      513.29,       -0.94,
      513.77,       -0.88,
      514.29,       -0.85,
      514.77,       -0.84,
      515.25,       -0.80,
      515.81,       -0.76,
      516.33,       -0.68,
      516.85,       -0.62,
      517.41,       -0.63,
      517.92,       -0.61,
      518.48,       -0.59,
      519.00,       -0.55,
      519.44,       -0.50,
      519.96,       -0.48,
      520.48,       -0.41,
      521.00,       -0.39,
      521.52,       -0.38,
      522.00,       -0.36,
      522.52,       -0.35,
      522.99,       -0.32,
      523.51,       -0.29,
      524.03,       -0.24,
      524.55,       -0.20,
      525.11,       -0.16,
      525.63,       -0.16,
      526.15,       -0.15,
      526.63,       -0.11,
      527.11,       -0.07,
      527.62,       -0.05,
      528.14,       -0.02,
      528.66,        0.01,
      529.18,        0.00,
      529.70,        0.03,
      530.18,        0.05,
      530.70,        0.05,
      531.18,        0.07,
      531.70,        0.08,
      532.26,        0.12,
      532.77,        0.14,
      533.29,        0.14,
      533.85,        0.16,
      534.37,        0.17,
      534.89,        0.17,
      535.37,        0.20,
      535.89,        0.22,
      536.41,        0.24,
      536.93,        0.28,
      537.45,        0.29,
      537.96,        0.28,
      538.44,        0.29,
      538.96,        0.28,
      539.44,        0.30,
      540.00,        0.28,
      540.52,        0.30,
      541.04,        0.28,
      541.60,        0.25,
      542.12,        0.23,
      542.63,        0.19,
      543.15,        0.17,
      543.63,        0.16,
      544.15,        0.16,
      544.67,        0.15,
      545.19,        0.15,
      545.71,        0.12,
      546.19,        0.14,
      546.71,        0.07,
      547.19,        0.11,
      547.70,        0.11,
      548.22,        0.05,
      548.78,        0.05,
      549.34,       -0.02,
      549.82,       -0.02,
      550.34,       -0.05,
      550.86,       -0.03,
      551.38,       -0.03,
      551.90,       -0.02,
      552.38,       -0.02,
      552.89,        0.02,
      553.41,        0.02,
      553.93,        0.05,
      554.45,        0.02,
      554.93,        0.02,
      555.41,        0.02,
      555.97,       -0.07,
      556.49,       -0.05,
      557.05,       -0.13,
      557.56,       -0.11,
      558.04,       -0.22,
      558.60,       -0.24,
      559.08,       -0.24,
      559.60,       -0.29,
      560.08,       -0.38,
      560.60,       -0.46,
      561.12,       -0.62,
      561.64,       -0.63,
      562.16,       -0.79,
      562.63,       -1.05,
      563.11,       -1.26,
      563.63,       -1.65,
      564.23,       -2.07,
      564.75,       -2.41,
      565.31,       -2.68,
      565.79,       -2.84,
      566.35,       -2.92,
      566.83,       -2.89,
      567.35,       -2.80,
      567.82,       -2.73,
      568.34,       -2.65,
      568.86,       -2.56,
      569.38,       -2.45,
      569.86,       -2.42,
      570.38,       -2.43,
      570.86,       -2.34,
      571.38,       -2.34,
      571.90,       -2.28,
      572.46,       -2.19,
      572.93,       -2.22,
      573.45,       -2.21,
      574.01,       -2.20,
      574.49,       -2.18,
      575.01,       -2.15,
      575.49,       -2.13,
      576.01,       -2.14,
      576.53,       -2.08,
      577.05,       -2.07,
      577.53,       -2.08,
      578.00,       -1.98,
      578.52,       -1.96,
      579.00,       -1.94,
      579.52,       -1.87,
      580.08,       -1.77,
      580.60,       -1.68,
      581.12,       -1.67,
      581.64,       -1.69,
      582.16,       -1.66,
      582.67,       -1.64,
      583.15,       -1.64,
      583.67,       -1.61,
      584.19,       -1.60,
      584.71,       -1.57,
      585.23,       -1.55,
      585.75,       -1.55,
      586.23,       -1.50,
      586.71,       -1.50,
      587.23,       -1.44,
      587.74,       -1.40,
      588.26,       -1.38,
      588.78,       -1.33,
      589.30,       -1.32,
      589.86,       -1.31,
      590.38,       -1.25,
      590.86,       -1.25,
      591.34,       -1.21,
      591.86,       -1.17,
      592.38,       -1.16,
      592.89,       -1.12,
      593.41,       -1.14,
      593.89,       -1.04,
      594.37,       -0.98,
      594.89,       -0.93,
      595.41,       -0.90,
      595.93,       -0.88,
      596.45,       -0.85,
      596.97,       -0.81,
      597.53,       -0.78,
      598.04,       -0.75,
      598.56,       -0.71,
      599.04,       -0.68,
      599.52,       -0.67,
      600.04,       -0.62,
      600.60,       -0.59,
      601.08,       -0.55,
      601.60,       -0.55,
      602.08,       -0.50,
      602.59,       -0.47,
      603.07,       -0.44,
      603.59,       -0.43,
      604.11,       -0.42,
      604.67,       -0.43,
      605.19,       -0.42,
      605.71,       -0.43,
      606.23,       -0.42,
      606.75,       -0.38,
      607.23,       -0.35,
      607.74,       -0.32,
      608.26,       -0.24,
      608.78,       -0.20,
      609.30,       -0.20,
      609.78,       -0.21,
      610.30,       -0.20,
      610.78,       -0.21,
      611.26,       -0.21,
      611.78,       -0.20,
      612.34,       -0.15,
      612.85,       -0.20,
      613.41,       -0.19,
      613.93,       -0.15,
      614.45,       -0.15,
      614.93,       -0.17,
      615.41,       -0.15,
      615.97,       -0.13,
      616.45,       -0.08,
      616.97,       -0.05,
      617.49,       -0.02,
      617.96,       -0.02,
      618.48,       -0.02,
      618.96,        0.02,
      619.44,        0.07,
      620.00,        0.10,
      620.56,        0.13,
      621.44,        0.15,
      621.96,        0.16,
      622.48,        0.20,
      622.99,        0.27,
      623.47,        0.30,
      623.95,        0.26,
      624.47,        0.24,
      624.99,        0.25,
      625.51,        0.28,
      626.03,        0.37,
      626.51,        0.36,
      626.99,        0.37,
      627.47,        0.43,
      628.02,        0.46,
      628.54,        0.48,
      629.10,        0.49,
      629.62,        0.48,
      630.14,        0.50,
      630.66,        0.47,
      631.18,        0.47,
      631.66,        0.46,
      632.18,        0.45,
      632.69,        0.43,
      633.21,        0.38,
      633.73,        0.46,
      634.25,        0.37,
      634.69,        0.34,
      635.21,        0.36,
      635.69,        0.28,
      636.25,        0.33,
      636.77,        0.28,
      637.33,        0.21,
      637.84,        0.25,
      638.36,        0.19,
      638.88,        0.25,
      639.40,        0.22,
      639.88,        0.19,
      640.40,        0.23,
      640.92,        0.15,
      641.44,        0.14,
      641.96,        0.09,
      642.40,        0.01,
      642.91,        0.04,
      643.39,       -0.12,
      643.91,       -0.11,
      644.47,       -0.16,
      644.99,       -0.34,
      645.55,       -0.28,
      646.07,       -0.45,
      646.59,       -0.51,
      647.11,       -0.55,
      647.62,       -0.76,
      648.10,       -0.68,
      648.62,       -0.92,
      649.14,       -1.07,
      649.66,       -1.06,
      650.14,       -1.39,
      650.62,       -1.20,
      651.14,       -1.20,
      651.62,       -1.17,
      652.18,       -1.11,
      652.69,       -1.12,
      653.21,       -1.15,
      653.77,       -1.07,
      654.29,       -1.11,
      654.85,       -1.11,
      655.33,       -1.07,
      655.85,       -1.11,
      656.33,       -1.05,
      656.85,       -1.00,
      657.37,       -0.98,
      657.84,       -0.94,
      658.36,       -1.00,
      658.84,       -0.98,
      659.36,       -0.92,
      659.88,       -0.94,
      660.40,       -0.87,
      660.92,       -0.90,
      661.48,       -0.86,
      662.00,       -0.81,
      662.56,       -0.79,
      663.07,       -0.72,
      663.59,       -0.68,
      664.07,       -0.67,
      664.59,       -0.63,
      665.11,       -0.63,
      665.59,       -0.61,
      666.11,       -0.58,
      666.59,       -0.57,
      667.11,       -0.49,
      667.62,       -0.49,
      668.14,       -0.46,
      668.66,       -0.44,
      669.22,       -0.43,
      669.78,       -0.39,
      670.30,       -0.38,
      670.86,       -0.36,
      671.38,       -0.33,
      671.86,       -0.28,
      672.38,       -0.25,
      672.89,       -0.23,
      673.37,       -0.20,
      673.89,       -0.15,
      674.37,       -0.14,
      674.89,       -0.14,
      675.37,       -0.17,
      675.89,       -0.08,
      676.45,       -0.10,
      676.97,       -0.07,
      677.49,       -0.06,
      678.04,       -0.09,
      678.56,       -0.04,
      679.08,       -0.04,
      679.60,       -0.04,
      680.12,       -0.03,
      680.60,       -0.11,
      681.12,       -0.05,
      681.64,       -0.07,
      682.12,       -0.15,
      682.63,       -0.12,
      683.11,       -0.19,
      683.63,       -0.15,
      684.15,       -0.19,
      684.67,       -0.21,
      685.27,       -0.19,
      685.79,       -0.20,
      686.35,       -0.19,
      686.87,       -0.24,
      687.39,       -0.28,
      687.90,       -0.27,
      688.38,       -0.34,
      688.90,       -0.37,
      689.38,       -0.40,
      689.90,       -0.50,
      690.42,       -0.50,
      690.94,       -0.59,
      691.42,       -0.77,
      691.94,       -0.84,
      692.46,       -1.07,
      693.01,       -1.24,
      693.53,       -1.43,
      694.05,       -1.86,
      694.61,       -2.22,
      695.13,       -2.59,
      695.65,       -2.97,
      696.13,       -3.28,
      696.65,       -3.65,
      697.17,       -3.90,
      697.68,       -4.02,
      698.16,       -4.15,
      698.68,       -4.27,
      699.16,       -4.34,
      699.68,       -4.35,
      700.24,       -4.40,
      700.76,       -4.44,
      701.28,       -4.42,
      701.80,       -4.39,
      702.36,       -4.37,
      702.87,       -4.29,
      703.39,       -4.26,
      703.91,       -4.19,
      704.43,       -4.06,
      704.95,       -4.00,
      705.43,       -3.91,
      705.95,       -3.87,
      706.47,       -3.84,
      706.95,       -3.73,
      707.47,       -3.69,
      707.98,       -3.63,
      708.50,       -3.49,
      709.06,       -3.47,
      709.58,       -3.40,
      710.10,       -3.23,
      710.66,       -3.17,
      711.18,       -3.05,
      711.66,       -2.97,
      712.14,       -2.96,
      712.65,       -2.79,
      713.17,       -2.72,
      713.69,       -2.64,
      714.17,       -2.45,
      714.69,       -2.42,
      715.17,       -2.30,
      715.69,       -2.16,
      716.21,       -2.16,
      716.73,       -2.02,
      717.29,       -1.94,
      717.80,       -1.90,
      718.32,       -1.80,
      718.88,       -1.78,
      719.36,       -1.71,
      719.88,       -1.58,
      720.40,       -1.59,
      720.92,       -1.46,
      721.44,       -1.38,
      721.92,       -1.40,
      722.44,       -1.27,
      722.91,       -1.25,
      723.43,       -1.14,
      723.95,       -1.02,
      724.47,       -1.03,
      724.99,       -0.90,
      725.55,       -0.86,
      726.07,       -0.84,
      726.59,       -0.71,
      727.11,       -0.69,
      727.59,       -0.60,
      728.10,       -0.60,
      728.62,       -0.60,
      729.14,       -0.46,
      729.66,       -0.52,
      730.14,       -0.50,
      730.66,       -0.46,
      731.14,       -0.48,
      731.66,       -0.45,
      732.18,       -0.54,
      732.73,       -0.50,
      733.25,       -0.44,
      733.77,       -0.42,
      734.33,       -0.33,
      734.81,       -0.35,
      735.29,       -0.29,
      735.81,       -0.24,
      736.33,       -0.21,
      736.85,       -0.08,
      737.37,       -0.07,
      737.84,        0.02,
      738.36,        0.07,
      738.84,        0.14,
      739.32,        0.23,
      739.88,        0.24,
      740.40,        0.32,
      740.96,        0.36,
      741.48,        0.42,
      742.00,        0.50,
      742.52,        0.51,
      742.99,        0.59,
      743.51,        0.59,
      744.03,        0.64,
      744.55,        0.67,
      745.07,        0.65,
      745.55,        0.58,
      746.07,        0.34,
      746.55,        0.08,
      747.07,       -0.26,
      747.55,       -0.67,
      748.10,       -1.07,
      748.62,       -1.48,
      749.14,       -1.62,
      749.70,       -1.62,
      750.18,       -1.60,
      750.70,       -1.59,
      751.22,       -1.55,
      751.70,       -1.51,
      752.22,       -1.51,
      752.73,       -1.55,
      753.25,       -1.55,
      753.77,       -1.56,
      754.25,       -1.59,
      754.73,       -1.63,
      755.25,       -1.66,
      755.77,       -1.68,
      756.29,       -1.60,
      756.81,       -1.51,
      757.37,       -1.48,
      757.88,       -1.50,
      758.40,       -1.51,
      758.88,       -1.47,
      759.40,       -1.39,
      759.88,       -1.36,
      760.44,       -1.42,
      760.92,       -1.46,
      761.44,       -1.41,
      761.96,       -1.34,
      762.44,       -1.31,
      762.95,       -1.29,
      763.43,       -1.29,
      763.99,       -1.25,
      764.51,       -1.20,
      765.03,       -1.16,
      765.55,       -1.19,
      766.07,       -1.20,
      766.59,       -1.14,
      767.07,       -1.16,
      767.59,       -1.15,
      768.10,       -1.09,
      768.62,       -1.06,
      769.14,       -0.99,
      769.66,       -0.94,
      770.14,       -0.94,
      770.62,       -0.91,
      771.14,       -0.89,
      771.66,       -0.81,
      772.18,       -0.78,
      772.73,       -0.81,
      773.21,       -0.79,
      773.77,       -0.78,
      774.29,       -0.75,
      774.81,       -0.72,
      775.29,       -0.77,
      775.81,       -0.75,
      776.29,       -0.73,
      776.85,       -0.76,
      777.33,       -0.68,
      777.84,       -0.69,
      778.32,       -0.67,
      778.84,       -0.60,
      779.32,       -0.67,
      779.88,       -0.61,
      780.40,       -0.60,
      780.92,       -0.66,
      781.44,       -0.59,
      782.00,       -0.64,
      782.52,       -0.59,
      782.99,       -0.57,
      783.51,       -0.59,
      784.03,       -0.58,
      784.55,       -0.56,
      785.07,       -0.56,
      785.55,       -0.55,
      786.07,       -0.59,
      786.55,       -0.55,
      787.03,       -0.58,
      787.59,       -0.61,
      788.06,       -0.59,
      788.62,       -0.67,
      789.14,       -0.68,
      789.66,       -0.72,
      790.22,       -0.81,
      790.74,       -0.93,
      791.22,       -1.08,
      791.74,       -1.38,
      792.22,       -1.81,
      792.77,       -2.17,
      793.25,       -2.53,
      793.77,       -2.88,
      794.25,       -3.14,
      794.77,       -3.48,
      795.25,       -3.82,
      795.77,       -4.05,
      796.29,       -4.09,
      796.85,       -4.10,
      797.37,       -4.26,
      797.88,       -4.21,
      798.44,       -4.24,
      798.92,       -4.35,
      799.44,       -4.31,
      799.96,       -4.35,
      800.44,       -4.46,
      800.96,       -4.39,
      801.48,       -4.44,
      802.00,       -4.55,
      802.48,       -4.47,
      802.95,       -4.52,
      803.47,       -4.51,
      803.99,       -4.40,
      804.55,       -4.43,
      805.07,       -4.42,
      805.59,       -4.34,
      806.15,       -4.37,
      806.67,       -4.34,
      807.15,       -4.31,
      807.67,       -4.39,
      808.14,       -4.38,
      808.66,       -4.32,
      809.18,       -4.33,
      809.70,       -4.28,
      810.18,       -4.26,
      810.70,       -4.20,
      811.14,       -4.10,
      811.74,       -4.11,
      812.26,       -4.14,
      812.77,       -4.08,
      813.33,       -4.13,
      813.85,       -4.11,
      814.37,       -4.07,
      814.89,       -4.06,
      815.37,       -4.00,
      815.85,       -3.96,
      816.37,       -3.98,
      816.89,       -3.94,
      817.41,       -3.89,
      817.92,       -3.86,
      818.40,       -3.79,
      818.88,       -3.76,
      819.40,       -3.77,
      819.92,       -3.66,
      820.44,       -3.63,
      821.00,       -3.58,
      821.52,       -3.52,
      822.04,       -3.56,
      822.56,       -3.54,
      823.03,       -3.47,
      823.51,       -3.41,
      824.03,       -3.33,
      824.55,       -3.25,
      825.07,       -3.23,
      825.59,       -3.17,
      826.07,       -3.10,
      826.55,       -3.06,
      827.07,       -2.98,
      827.59,       -2.94,
      828.10,       -2.90,
      828.62,       -2.81,
      829.18,       -2.74,
      829.70,       -2.68,
      830.22,       -2.61,
      830.70,       -2.55,
      831.18,       -2.45,
      831.70,       -2.39,
      832.22,       -2.38,
      832.73,       -2.33,
      833.21,       -2.33,
      833.73,       -2.32,
      834.21,       -2.32,
      834.69,       -2.24,
      835.21,       -2.20,
      835.73,       -2.13,
      836.29,       -2.10,
      836.81,       -2.08,
      837.33,       -2.03,
      837.84,       -2.00,
      838.36,       -1.94,
      838.84,       -1.93,
      839.36,       -1.92,
      839.84,       -1.90,
      840.36,       -1.83,
      840.88,       -1.80,
      841.40,       -1.76,
      841.88,       -1.73,
      842.36,       -1.68,
      842.87,       -1.64,
      843.35,       -1.61,
      843.91,       -1.59,
      844.47,       -1.56,
      844.99,       -1.55,
      845.51,       -1.49,
      846.03,       -1.46,
      846.55,       -1.46,
      847.03,       -1.43,
      847.51,       -1.39,
      848.02,       -1.38,
      848.54,       -1.38,
      849.06,       -1.42,
      849.54,       -1.42,
      850.06,       -1.40,
      850.54,       -1.41,
      851.02,       -1.43,
      851.58,       -1.43,
      852.10,       -1.46,
      852.62,       -1.55,
      853.17,       -1.57,
      853.69,       -1.59,
      854.21,       -1.61,
      854.69,       -1.64,
      855.21,       -1.65,
      855.69,       -1.65,
      856.21,       -1.66,
      856.73,       -1.67,
      857.21,       -1.65,
      857.72,       -1.67,
      858.20,       -1.73,
      858.72,       -1.71,
      859.20,       -1.70,
      859.72,       -1.73,
      860.28,       -1.70,
      860.80,       -1.76,
      861.32,       -1.76,
      861.88,       -1.73,
      862.40,       -1.82,
      862.87,       -1.87,
      863.35,       -1.92,
      863.87,       -2.03,
      864.39,       -2.11,
      864.87,       -2.23,
      865.39,       -2.43,
      865.87,       -2.64,
      866.39,       -2.95,
      866.87,       -3.29,
      867.39,       -3.54,
      867.90,       -3.74,
      868.46,       -3.81,
      868.98,       -3.78,
      869.54,       -3.80,
      870.06,       -3.81,
      870.58,       -3.78,
      871.06,       -3.78,
      871.54,       -3.70,
      872.06,       -3.67,
      872.54,       -3.66,
      873.05,       -3.65,
      873.57,       -3.65,
      874.05,       -3.65,
      874.57,       -3.58,
      875.05,       -3.58,
      875.61,       -3.61,
      876.13,       -3.58,
      876.65,       -3.55,
      877.21,       -3.52,
      877.72,       -3.47,
      878.24,       -3.44,
      878.76,       -3.39,
      879.24,       -3.38,
      879.76,       -3.34,
      880.24,       -3.25,
      880.76,       -3.17,
      881.28,       -3.14,
      881.80,       -3.07,
      882.28,       -2.99,
      882.75,       -2.98,
      883.27,       -2.98,
      883.83,       -2.95,
      884.35,       -2.96,
      884.91,       -2.90,
      885.43,       -2.88,
      885.95,       -2.82,
      886.47,       -2.76,
      886.99,       -2.74,
      887.47,       -2.75,
      887.94,       -2.71,
      888.46,       -2.67,
      888.98,       -2.62,
      889.50,       -2.61,
      889.98,       -2.58,
      890.46,       -2.52,
      890.98,       -2.51,
      891.50,       -2.55,
      892.02,       -2.54,
      892.54,       -2.51,
      893.05,       -2.42,
      893.57,       -2.39,
      894.13,       -2.43,
      894.65,       -2.40,
      895.13,       -2.41,
      895.65,       -2.37,
      896.17,       -2.35,
      896.65,       -2.34,
      897.17,       -2.31,
      897.69,       -2.23,
      898.16,       -2.21,
      898.68,       -2.21,
      899.16,       -2.19,
      899.68,       -2.16,
      900.24,       -2.14,
      900.76,       -2.11,
      901.32,       -2.10,
      901.84,       -2.12,
      902.36,       -2.10,
      902.83,       -2.14,
      903.31,       -2.18,
      903.83,       -2.19,
      904.35,       -2.16,
      904.87,       -2.13,
      905.39,       -2.12,
      905.87,       -2.12,
      906.39,       -2.08,
      906.87,       -2.05,
      907.39,       -2.05,
      907.94,       -1.99,
      908.46,       -1.98,
      909.02,       -1.95,
      909.54,       -1.95,
      910.06,       -1.95,
      910.54,       -1.93,
      911.06,       -1.88,
      911.54,       -1.83,
      912.06,       -1.81,
      912.58,       -1.83,
      913.09,       -1.83,
      913.61,       -1.81,
      914.09,       -1.77,
      914.61,       -1.76,
      915.09,       -1.81,
      915.65,       -1.81,
      916.17,       -1.84,
      916.73,       -1.90,
      917.25,       -1.91,
      917.76,       -2.08,
      918.28,       -2.13,
      918.76,       -2.18,
      919.24,       -2.40,
      919.76,       -2.47,
      920.28,       -2.51,
      920.80,       -2.63,
      921.32,       -2.63,
      921.80,       -2.66,
      922.32,       -2.75,
      922.79,       -2.76,
      923.31,       -2.79,
      923.83,       -2.86,
      924.39,       -2.87,
      924.91,       -2.86,
      925.43,       -2.91,
      925.95,       -2.93,
      926.43,       -3.00,
      926.95,       -3.05,
      927.43,       -3.08,
      927.94,       -3.11,
      928.46,       -3.11,
      928.98,       -3.13,
      929.46,       -3.26,
      929.98,       -3.32,
      930.46,       -3.41,
      930.98,       -3.54,
      931.50,       -3.58,
      932.06,       -3.68,
      932.58,       -3.83,
      933.09,       -3.86,
      933.61,       -3.91,
      934.13,       -4.10,
      934.61,       -4.18,
      935.09,       -4.30,
      935.61,       -4.50,
      936.13,       -4.56,
      936.65,       -4.61,
      937.17,       -4.80,
      937.65,       -4.83,
      938.16,       -4.88,
      938.64,       -5.00,
      939.16,       -5.03,
      939.72,       -5.08,
      940.24,       -5.11,
      940.80,       -5.13,
      941.28,       -5.13,
      941.80,       -5.10,
      942.32,       -5.13,
      942.79,       -5.12,
      943.31,       -5.12,
      943.83,       -5.10,
      944.35,       -5.11,
      944.87,       -5.14,
      945.39,       -5.14,
      945.87,       -5.09,
      946.35,       -5.09,
      946.87,       -5.07,
      947.39,       -5.04,
      947.90,       -4.99,
      948.46,       -4.93,
      948.98,       -4.89,
      949.50,       -4.87,
      950.02,       -4.82,
      950.54,       -4.75,
      951.02,       -4.74,
      951.54,       -4.70,
      952.06,       -4.66,
      952.58,       -4.66,
      953.09,       -4.66,
      953.57,       -4.57,
      954.09,       -4.54,
      954.57,       -4.53,
      955.09,       -4.46,
      955.61,       -4.44,
      956.17,       -4.44,
      956.69,       -4.42,
      957.21,       -4.41,
      957.76,       -4.39,
      958.24,       -4.35,
      958.76,       -4.34,
      959.24,       -4.33,
      959.76,       -4.29,
      960.28,       -4.26,
      960.80,       -4.23,
      961.32,       -4.21,
      961.84,       -4.16,
      962.32,       -4.12,
      962.83,       -4.10,
      963.35,       -4.09,
      963.87,       -4.05,
      964.39,       -4.03,
      964.91,       -4.00,
      965.47,       -3.96,
      965.99,       -3.91,
      966.51,       -3.90,
      967.03,       -3.86,
      967.55,       -3.85,
      968.06,       -3.81,
      968.54,       -3.81,
      969.06,       -3.79,
      969.58,       -3.78,
      970.10,       -3.72,
      970.58,       -3.69,
      971.10,       -3.67,
      971.62,       -3.64,
      972.14,       -3.61,
      972.66,       -3.56,
      973.21,       -3.55,
      973.73,       -3.52,
      974.29,       -3.48,
      974.81,       -3.46,
      975.33,       -3.43,
      975.85,       -3.41,
      976.37,       -3.39,
      976.89,       -3.39,
      977.41,       -3.34,
      977.88,       -3.30,
      978.40,       -3.28,
      978.92,       -3.30,
      979.44,       -3.28,
      979.92,       -3.29,
      980.48,       -3.26,
      981.00,       -3.23,
      981.52,       -3.23,
      982.08,       -3.26,
      982.60,       -3.25,
      983.11,       -3.18,
      983.63,       -3.14,
      984.15,       -3.12,
      984.67,       -3.08,
      985.19,       -3.03,
      985.71,       -3.01,
      986.23,       -3.02,
      986.71,       -3.03,
      987.23,       -2.99,
      987.75,       -2.97,
      988.26,       -2.91,
      988.82,       -2.91,
      989.34,       -2.88,
      989.86,       -2.86,
      990.42,       -2.86,
      990.94,       -2.81,
      991.46,       -2.75,
      991.98,       -2.71,
      992.50,       -2.68,
      993.01,       -2.62,
      993.49,       -2.61,
      994.01,       -2.59,
      994.53,       -2.53,
      995.01,       -2.51,
      995.53,       -2.48,
      996.05,       -2.47,
      996.57,       -2.44,
      997.13,       -2.42,
      997.65,       -2.37,
      998.20,       -2.35,
      998.72,       -2.33,
      999.24,       -2.37,
      999.76,       -2.30,
     1000.28,       -2.27,
     1000.76,       -2.25,
     1001.28,       -2.24,
     1001.80,       -2.22,
     1002.32,       -2.19,
     1002.79,       -2.15,
     1003.27,       -2.14,
     1003.83,       -2.12,
     1004.35,       -2.12,
     1004.87,       -2.06,
     1005.43,       -2.03,
     1005.95,       -2.00,
     1006.47,       -1.97,
     1006.99,       -1.94,
     1007.51,       -1.94,
     1008.02,       -1.95,
     1008.54,       -1.95,
     1009.06,       -1.93,
     1009.58,       -1.89,
     1010.06,       -1.93,
     1010.54,       -1.96,
     1011.06,       -1.96,
     1011.58,       -1.94,
     1012.10,       -1.95,
     1012.66,       -1.97,
     1013.17,       -1.90,
     1013.73,       -1.93,
     1014.25,       -1.91,
     1014.77,       -1.93,
     1015.29,       -1.94,
     1015.81,       -1.91,
     1016.33,       -1.85,
     1016.85,       -1.86,
     1017.37,       -1.85,
     1017.84,       -1.85,
     1018.32,       -1.82,
     1018.84,       -1.79,
     1019.36,       -1.74,
     1019.88,       -1.75,
     1020.40,       -1.74,
     1020.96,       -1.73,
     1021.48,       -1.74,
     1022.00,       -1.74,
     1022.56,       -1.73,
     1023.07,       -1.70,
     1023.59,       -1.67,
     1024.11,       -1.66,
     1024.63,       -1.65,
     1025.15,       -1.63,
     1025.63,       -1.64,
     1026.11,       -1.64,
     1026.63,       -1.63,
     1027.11,       -1.68,
     1027.67,       -1.70,
     1028.18,       -1.78,
     1028.70,       -1.93,
     1029.26,       -2.17,
     1029.78,       -2.34,
     1030.34,       -2.59,
     1030.82,       -2.85,
     1031.38,       -3.00,
     1031.90,       -3.28,
     1032.42,       -3.52,
     1032.89,       -3.65,
     1033.41,       -3.90,
     1033.89,       -4.16,
     1034.41,       -4.33,
     1034.89,       -4.64,
     1035.41,       -4.91,
     1035.97,       -5.22,
     1036.49,       -5.57,
     1037.01,       -5.87,
     1037.57,       -6.10,
     1038.08,       -6.32,
     1038.60,       -6.41,
     1039.12,       -6.52,
     1039.64,       -6.64,
     1040.16,       -6.69,
     1040.68,       -6.73,
     1041.20,       -6.82,
     1041.68,       -6.88,
     1042.20,       -6.88,
     1042.68,       -6.87,
     1043.19,       -6.84,
     1043.71,       -6.80,
     1044.27,       -6.78,
     1044.79,       -6.75,
     1045.31,       -6.66,
     1045.87,       -6.57,
     1046.39,       -6.51,
     1046.91,       -6.53,
     1047.43,       -6.52,
     1047.94,       -6.40,
     1048.46,       -6.30,
     1048.98,       -6.21,
     1049.46,       -6.11,
     1049.94,       -6.07,
     1050.46,       -6.02,
     1050.98,       -5.92,
     1051.50,       -5.81,
     1052.02,       -5.72,
     1052.54,       -5.66,
     1053.09,       -5.53,
     1053.61,       -5.50,
     1054.17,       -5.36,
     1054.69,       -5.27,
     1055.21,       -5.22,
     1055.69,       -5.18,
     1056.21,       -5.09,
     1056.73,       -5.03,
     1057.21,       -4.98,
     1057.73,       -4.94,
     1058.24,       -4.85,
     1058.72,       -4.76,
     1059.24,       -4.65,
     1059.76,       -4.52,
     1060.32,       -4.55,
     1060.84,       -4.44,
     1061.36,       -4.41,
     1061.92,       -4.37,
     1062.44,       -4.31,
     1062.95,       -4.27,
     1063.47,       -4.21,
     1063.99,       -4.15,
     1064.51,       -4.12,
     1064.99,       -4.15,
     1065.51,       -4.11,
     1066.03,       -4.08,
     1066.55,       -4.05,
     1067.03,       -4.03,
     1067.55,       -3.99,
     1068.10,       -3.98,
     1068.62,       -3.97,
     1069.14,       -3.95,
     1069.70,       -3.93,
     1070.22,       -3.90,
     1070.74,       -3.90,
     1071.26,       -3.89,
     1071.78,       -3.85,
     1072.30,       -3.75,
     1072.78,       -3.70,
     1073.29,       -3.64,
     1073.81,       -3.61,
     1074.33,       -3.56,
     1074.81,       -3.51,
     1075.33,       -3.48,
     1075.89,       -3.42,
     1076.41,       -3.33,
     1076.93,       -3.32,
     1077.45,       -3.34,
     1078.00,       -3.31,
     1078.52,       -3.24,
     1079.04,       -3.21,
     1079.56,       -3.18,
     1080.08,       -3.18,
     1080.56,       -3.22,
     1081.08,       -3.22,
     1081.60,       -3.25,
     1082.12,       -3.32,
     1082.60,       -3.34,
     1083.11,       -3.39,
     1083.63,       -3.45,
     1084.15,       -3.47,
     1084.67,       -3.47,
     1085.19,       -3.48,
     1085.75,       -3.47,
     1086.27,       -3.43,
     1086.83,       -3.43,
     1087.35,       -3.44,
     1087.86,       -3.39,
     1088.38,       -3.37,
     1088.90,       -3.34,
     1089.38,       -3.27,
     1089.90,       -3.22,
     1090.38,       -3.19,
     1090.90,       -3.11,
     1091.42,       -3.08,
     1091.94,       -3.04,
     1092.50,       -2.98,
     1093.01,       -2.93,
     1093.57,       -2.86,
     1094.09,       -2.79,
     1094.61,       -2.75,
     1095.13,       -2.71,
     1095.61,       -2.67,
     1096.13,       -2.64,
     1096.65,       -2.56,
     1097.17,       -2.45,
     1097.69,       -2.43,
     1098.16,       -2.43,
     1098.68,       -2.44,
     1099.20,       -2.47,
     1099.72,       -2.43,
     1100.24,       -2.42,
     1100.80,       -2.44,
     1101.32,       -2.40,
     1101.88,       -2.39,
     1102.40,       -2.38,
     1102.91,       -2.33,
     1103.43,       -2.34,
     1103.95,       -2.33,
     1104.43,       -2.31,
     1104.95,       -2.32,
     1105.47,       -2.31,
     1105.99,       -2.29,
     1106.47,       -2.25,
     1106.99,       -2.20,
     1107.51,       -2.19,
     1108.02,       -2.15,
     1108.58,       -2.10,
     1109.10,       -2.10,
     1109.62,       -2.07,
     1110.18,       -2.02,
     1110.70,       -1.95,
     1111.18,       -1.93,
     1111.66,       -1.89,
     1112.18,       -1.89,
     1112.70,       -1.85,
     1113.21,       -1.85,
     1113.73,       -1.71,
     1114.25,       -1.66,
     1114.73,       -1.66,
     1115.25,       -1.67,
     1115.77,       -1.58,
     1116.33,       -1.54,
     1116.85,       -1.49,
     1117.37,       -1.46,
     1117.92,       -1.42,
     1118.44,       -1.41,
     1118.92,       -1.44,
     1119.44,       -1.42,
     1119.96,       -1.39,
     1120.48,       -1.41,
     1121.00,       -1.35,
     1121.52,       -1.29,
     1122.00,       -1.26,
     1122.52,       -1.25,
     1122.99,       -0.45,
     1123.55,       -1.27,
     1124.07,       -1.27,
     1124.59,       -1.26,
     1125.15,       -1.27,
     1125.67,       -1.30,
     1126.23,       -1.36,
     1126.71,       -1.41,
     1127.23,       -1.42,
     1127.71,       -1.40,
     1128.22,       -1.46,
     1128.74,       -1.47,
     1129.26,       -1.45,
     1129.78,       -1.43,
     1130.26,       -1.38,
     1130.74,       -1.37,
     1131.30,       -1.38,
     1131.82,       -1.38,
     1132.34,       -1.38,
     1132.89,       -1.34,
     1133.41,       -1.30,
     1133.97,       -1.26,
     1134.45,       -1.25,
     1134.97,       -1.23,
     1135.45,       -1.21,
     1135.97,       -1.20,
     1136.49,       -1.19,
     1137.01,       -1.18,
     1137.53,       -1.17,
     1138.00,       -1.11,
     1138.52,       -1.04,
     1139.00,       -1.04,
     1139.52,       -1.03,
     1140.08,       -1.02,
     1140.60,       -0.96,
     1141.16,       -0.94,
     1141.68,       -0.91,
     1142.20,       -0.89,
     1142.68,       -0.84,
     1143.19,       -0.81,
     1143.71,       -0.79,
     1144.23,       -0.81,
     1144.75,       -0.80,
     1145.27,       -0.76,
     1145.75,       -0.71,
     1146.27,       -0.68,
     1146.75,       -0.65,
     1147.27,       -0.63,
     1147.83,       -0.63,
     1148.34,       -0.62,
     1148.86,       -0.59,
     1149.42,       -0.55,
     1149.94,       -0.50,
     1150.46,       -0.53,
     1150.94,       -0.57,
     1151.46,       -0.55,
     1151.98,       -0.59,
     1152.50,       -0.50,
     1153.01,       -0.54,
     1153.49,       -0.59,
     1154.01,       -0.58,
     1154.49,       -0.63,
     1155.01,       -0.60,
     1155.53,       -0.68,
     1156.09,       -0.87,
     1156.61,       -0.94,
     1157.17,       -1.04,
     1157.65,       -1.07,
     1158.20,       -1.10,
     1158.68,       -1.12,
     1159.20,       -1.14,
     1159.72,       -1.15,
     1160.24,       -1.11,
     1160.76,       -1.12,
     1161.24,       -1.10,
     1161.76,       -1.09,
     1162.28,       -1.10,
     1162.76,       -1.06,
     1163.27,       -1.03,
     1163.79,       -1.00,
     1164.35,       -0.99,
     1164.87,       -1.03,
     1165.39,       -1.03,
     1165.91,       -1.03,
     1166.43,       -1.03,
     1166.95,       -1.04,
     1167.47,       -1.05,
     1167.98,       -1.00,
     1168.50,       -0.98,
     1169.02,       -0.93,
     1169.50,       -0.93,
     1170.02,       -0.93,
     1170.50,       -0.92,
     1171.02,       -0.94,
     1171.54,       -0.94,
     1172.10,       -0.93,
     1172.62,       -0.90,
     1173.13,       -0.88,
     1173.65,       -0.89,
     1174.21,       -0.94,
     1174.73,       -0.97,
     1175.25,       -0.98,
     1175.73,       -1.01,
     1176.25,       -1.08,
     1176.77,       -1.21,
     1177.29,       -1.28,
     1177.81,       -1.36,
     1178.28,       -1.38,
     1178.76,       -1.43,
     1179.32,       -1.45,
     1179.84,       -1.43,
     1180.36,       -1.42,
     1180.88,       -1.42,
     1181.40,       -1.44,
     1181.96,       -1.43,
     1182.48,       -1.45,
     1182.99,       -1.43,
     1183.51,       -1.42,
     1183.99,       -1.42,
     1184.51,       -1.39,
     1185.03,       -1.36,
     1185.51,       -1.31,
     1185.99,       -1.27,
     1186.47,       -1.27,
     1186.99,       -1.25,
     1187.47,       -1.23,
     1187.94,       -1.19,
     1188.42,       -1.14,
     1188.90,       -1.11,
     1189.42,       -1.10,
     1189.90,       -1.07,
     1190.34,       -1.04,
     1190.82,       -1.03,
     1191.26,       -1.03,
     1191.70,       -1.02,
     1192.14,       -0.98,
     1192.58,       -0.97,
     1192.97,       -0.94,
     1193.37,       -0.92,
     1193.77,       -0.79,
     1194.17,       -0.83,
     1194.57,       -0.78,
     1194.97,       -0.79,
     1195.41,       -0.80,
     1195.81,       -0.78,
     1196.21,       -0.78,
     1196.61,       -0.76,
     1197.01,       -0.71,
     1197.41,       -0.69,
     1197.77,       -0.67,
     1198.12,       -0.67,
     1198.48,       -0.66,
     1198.84,       -0.63,
     1199.24,       -0.63,
     1199.60,       -0.58,
     1199.92,       -0.56,
     1200.28,       -0.59,
     1200.60,       -0.55,
     1200.92,       -0.54,
     1201.24,       -0.52,
     1201.56,       -0.50,
     1201.84,       -0.50,
     1202.08,       -0.46,
     1202.32,       -0.42,
     1202.56,       -0.41,
     1202.80,       -0.38,
     1202.99,       -0.40,
     1203.19,       -0.40,
     1203.35,       -0.38,
     1203.51,       -0.38,
     1203.67,       -0.36,
     1203.79,       -0.39,
     1203.87,       -0.40,
     1203.95,       -0.42,
     1204.03,       -0.42,
     1204.11,       -0.44,
     1204.15,       -0.43,
     1204.19,       -0.43,
     1204.19,       -0.43,
     1204.23,       -0.42,
