       -0.00,       -1.75,
        0.04,       -1.74,
        0.08,       -1.76,
        0.12,       -1.73,
        0.16,       -1.74,
        0.24,       -1.73,
        0.32,       -1.72,
        0.40,       -1.70,
        0.52,       -1.68,
        0.60,       -1.65,
        0.72,       -1.64,
        0.84,       -1.61,
        0.96,       -1.58,
        1.08,       -1.56,
        1.20,       -1.53,
        1.32,       -1.51,
        1.44,       -1.42,
        1.60,       -1.38,
        1.76,       -1.40,
        1.88,       -1.33,
        2.04,       -1.29,
        2.20,       -1.26,
        2.35,       -1.20,
        2.51,       -1.18,
        2.67,       -1.17,
        2.83,       -1.17,
        2.99,       -1.15,
        3.19,       -1.08,
        3.35,       -1.14,
        3.51,       -1.08,
        3.71,       -1.06,
        3.91,       -1.03,
        4.07,       -0.97,
        4.27,       -0.97,
        4.43,       -0.91,
        4.63,       -0.90,
        4.79,       -0.92,
        4.99,       -0.85,
        5.19,       -0.88,
        5.39,       -0.85,
        5.59,       -0.83,
        5.79,       -0.86,
        5.99,       -0.80,
        6.19,       -0.83,
        6.43,       -0.79,
        6.63,       -0.77,
        6.87,       -0.78,
        7.15,       -0.74,
        7.38,       -0.76,
        7.62,       -0.72,
        7.86,       -0.73,
        8.14,       -0.74,
        8.38,       -0.68,
        8.62,       -0.70,
        8.86,       -0.65,
        9.14,       -0.67,
        9.38,       -0.65,
        9.62,       -0.61,
        9.90,       -0.63,
       10.14,       -0.56,
       10.42,       -0.55,
       10.66,       -0.49,
       10.94,       -0.47,
       11.18,       -0.46,
       11.46,       -0.44,
       11.74,       -0.49,
       12.02,       -0.48,
       12.29,       -0.45,
       12.57,       -0.44,
       12.85,       -0.43,
       13.13,       -0.43,
       13.45,       -0.42,
       13.73,       -0.40,
       14.01,       -0.40,
       14.29,       -0.36,
       14.57,       -0.34,
       14.89,       -0.32,
       15.21,       -0.29,
       15.49,       -0.29,
       15.85,       -0.27,
       16.17,       -0.28,
       16.49,       -0.29,
       16.81,       -0.28,
       17.13,       -0.26,
       17.40,       -0.21,
       17.72,       -0.18,
       18.04,       -0.17,
       18.36,       -0.17,
       18.64,       -0.15,
       19.00,       -0.14,
       19.32,       -0.13,
       19.64,       -0.07,
       19.96,       -0.07,
       20.28,        0.05,
       20.60,       -0.02,
       20.92,       -0.02,
       21.24,        0.00,
       21.60,       -0.02,
       21.92,        0.01,
       22.24,        0.03,
       22.55,        0.05,
       22.91,        0.06,
       23.27,        0.07,
       23.63,        0.09,
       24.03,        0.12,
       24.39,        0.14,
       24.75,        0.15,
       25.11,        0.15,
       25.47,        0.16,
       25.83,        0.20,
       26.19,        0.19,
       26.55,        0.21,
       26.91,        0.21,
       27.27,        0.24,
       27.62,        0.24,
       28.02,        0.24,
       28.38,        0.28,
       28.74,        0.32,
       29.10,        0.33,
       29.46,        0.33,
       29.82,        0.36,
       30.18,        0.39,
       30.54,        0.39,
       30.90,        0.38,
       31.30,        0.41,
       31.70,        0.42,
       32.10,        0.42,
       32.49,        0.42,
       32.89,        0.45,
       33.25,        0.46,
       33.65,        0.50,
       34.01,        0.53,
       34.37,        0.58,
       34.77,        0.62,
       35.13,        0.63,
       35.53,        0.65,
       35.93,        0.66,
       36.33,        0.69,
       36.69,        0.70,
       37.05,        0.69,
       37.44,        0.70,
       37.80,        0.73,
       38.20,        0.75,
       38.56,        0.75,
       38.96,        0.76,
       39.36,        0.82,
       39.76,        0.82,
       40.20,        0.81,
       40.60,        0.84,
       41.04,        0.85,
       41.44,        0.87,
       41.80,        0.90,
       42.20,        0.91,
       42.59,        0.97,
       42.99,        0.98,
       43.39,        0.97,
       43.83,        0.98,
       44.23,        0.98,
       44.63,        0.96,
       45.03,        0.91,
       45.43,        0.94,
       45.83,        0.93,
       46.23,        0.91,
       46.63,        0.92,
       47.07,        0.90,
       47.50,        0.90,
       47.94,        0.87,
       48.38,        0.85,
       48.78,        0.83,
       49.22,        0.80,
       49.66,        0.78,
       50.06,        0.75,
       50.46,        0.74,
       50.90,        0.77,
       51.30,        0.74,
       51.74,        0.74,
       52.18,        0.72,
       52.57,        0.73,
       53.01,        0.76,
       53.41,        0.81,
       53.81,        0.83,
       54.25,        0.76,
       54.65,        0.74,
       55.09,        0.76,
       55.53,        0.76,
       55.97,        0.72,
       56.45,        0.72,
       56.89,        0.69,
       57.32,        0.69,
       57.76,        0.68,
       58.16,        0.59,
       58.60,        0.54,
       59.04,        0.49,
       59.48,        0.25,
       59.92,       -0.07,
       60.36,       -0.41,
       60.80,       -0.83,
       61.24,       -1.22,
       61.64,       -1.61,
       62.08,       -2.03,
       62.51,       -2.36,
       62.95,       -2.69,
       63.39,       -2.83,
       63.87,       -2.82,
       64.35,       -2.79,
       64.79,       -2.78,
       65.27,       -2.79,
       65.71,       -2.79,
       66.15,       -2.78,
       66.59,       -2.78,
       67.03,       -2.75,
       67.46,       -2.75,
       67.94,       -2.73,
       68.34,       -2.79,
       68.78,       -2.83,
       69.22,       -2.78,
       69.66,       -2.80,
       70.10,       -2.86,
       70.54,       -2.85,
       70.98,       -2.89,
       71.46,       -2.89,
       71.94,       -2.85,
       72.41,       -2.83,
       72.89,       -2.82,
       73.33,       -2.84,
       73.77,       -2.85,
       74.21,       -2.80,
       74.69,       -2.78,
       75.13,       -2.78,
       75.61,       -2.69,
       76.05,       -2.68,
       76.49,       -2.71,
       76.97,       -2.62,
       77.40,       -2.69,
       77.84,       -3.16,
       78.28,       -2.60,
       78.76,       -2.64,
       79.20,       -2.64,
       79.72,       -2.61,
       80.20,       -2.57,
       80.68,       -2.58,
       81.16,       -2.67,
       81.64,       -2.68,
       82.04,       -2.64,
       82.47,       -2.63,
       82.95,       -2.60,
       83.43,       -2.59,
       83.91,       -2.62,
       84.35,       -2.63,
       84.83,       -2.59,
       85.27,       -2.60,
       85.71,       -2.59,
       86.19,       -2.60,
       86.63,       -2.60,
       87.15,       -2.60,
       87.62,       -2.57,
       88.10,       -2.56,
       88.58,       -2.53,
       89.06,       -2.56,
       89.54,       -2.51,
       90.02,       -2.44,
       90.46,       -2.46,
       90.94,       -2.35,
       91.42,       -2.34,
       91.90,       -2.43,
       92.37,       -2.35,
       92.85,       -2.34,
       93.29,       -2.36,
       93.77,       -2.29,
       94.21,       -2.35,
       94.69,       -2.30,
       95.17,       -2.25,
       95.65,       -2.29,
       96.17,       -2.19,
       96.65,       -2.14,
       97.13,       -2.16,
       97.60,       -2.11,
       98.08,       -2.13,
       98.56,       -2.12,
       99.04,       -2.02,
       99.52,       -2.08,
      100.00,       -2.06,
      100.48,       -2.03,
      100.96,       -2.11,
      101.40,       -2.03,
      101.88,       -2.01,
      102.35,       -2.01,
      102.83,       -1.99,
      103.31,       -2.01,
      103.83,       -1.97,
      104.31,       -1.95,
      104.83,       -1.98,
      105.31,       -1.96,
      105.79,       -1.91,
      106.27,       -1.99,
      106.75,       -1.92,
      107.23,       -1.94,
      107.74,       -1.97,
      108.22,       -1.90,
      108.70,       -1.90,
      109.18,       -1.90,
      109.66,       -1.89,
      110.10,       -1.90,
      110.58,       -1.86,
      111.10,       -1.86,
      111.62,       -1.90,
      112.10,       -1.81,
      112.61,       -1.86,
      113.13,       -1.91,
      113.61,       -1.85,
      114.09,       -1.82,
      114.57,       -1.81,
      115.05,       -1.77,
      115.57,       -1.77,
      116.05,       -1.73,
      116.57,       -1.66,
      117.01,       -1.69,
      117.48,       -1.68,
      117.96,       -1.68,
      118.44,       -1.65,
      118.92,       -1.62,
      119.44,       -1.63,
      119.96,       -1.64,
      120.48,       -1.59,
      121.00,       -1.57,
      121.52,       -1.55,
      122.00,       -1.51,
      122.47,       -1.47,
      122.95,       -1.40,
      123.47,       -1.42,
      123.95,       -1.44,
      124.47,       -1.41,
      124.95,       -1.40,
      125.39,       -1.38,
      125.91,       -1.37,
      126.39,       -1.33,
      126.91,       -1.29,
      127.42,       -1.25,
      127.94,       -1.21,
      128.46,       -1.16,
      128.98,       -1.16,
      129.50,       -1.14,
      129.98,       -1.10,
      130.46,       -1.07,
      130.94,       -1.02,
      131.46,       -0.97,
      131.98,       -0.94,
      132.45,       -0.94,
      132.93,       -0.91,
      133.41,       -0.90,
      133.89,       -0.88,
      134.41,       -0.85,
      134.93,       -0.81,
      135.45,       -0.77,
      135.97,       -0.71,
      136.49,       -0.68,
      137.01,       -0.63,
      137.52,       -0.63,
      138.00,       -0.64,
      138.48,       -0.63,
      139.00,       -0.58,
      139.52,       -0.57,
      140.00,       -0.55,
      140.52,       -0.54,
      141.00,       -0.54,
      141.48,       -0.50,
      141.96,       -0.46,
      142.47,       -0.45,
      142.99,       -0.41,
      143.51,       -0.39,
      144.03,       -0.36,
      144.55,       -0.34,
      145.07,       -0.33,
      145.59,       -0.31,
      146.07,       -0.28,
      146.55,       -0.27,
      147.07,       -0.24,
      147.54,       -0.24,
      148.06,       -0.20,
      148.58,       -0.20,
      149.06,       -0.16,
      149.54,       -0.13,
      150.06,       -0.11,
      150.54,       -0.10,
      151.10,       -0.10,
      151.62,       -0.10,
      152.14,       -0.10,
      152.65,       -0.11,
      153.17,       -0.09,
      153.69,       -0.07,
      154.17,       -0.07,
      154.69,       -0.04,
      155.17,       -0.03,
      155.69,       -0.02,
      156.21,       -0.01,
      156.69,        0.02,
      157.17,        0.03,
      157.68,        0.04,
      158.16,        0.05,
      158.68,        0.05,
      159.20,        0.06,
      159.76,        0.05,
      160.28,        0.07,
      160.80,        0.06,
      161.32,        0.03,
      161.84,       -0.01,
      162.32,       -0.06,
      162.79,       -0.10,
      163.31,       -0.10,
      163.83,       -0.11,
      164.35,       -0.11,
      164.83,       -0.07,
      165.35,       -0.05,
      165.83,       -0.05,
      166.35,       -0.04,
      166.87,       -0.04,
      167.38,       -0.02,
      167.94,        0.02,
      168.46,        0.03,
      168.98,        0.02,
      169.50,        0.03,
      169.98,        0.02,
      170.46,        0.10,
      170.98,        0.16,
      171.50,        0.13,
      172.02,        0.15,
      172.53,        0.16,
      173.01,        0.14,
      173.53,        0.17,
      174.01,        0.18,
      174.53,        0.19,
      175.05,        0.24,
      175.61,        0.24,
      176.13,        0.28,
      176.69,        0.30,
      177.21,        0.34,
      177.68,        0.35,
      178.16,        0.36,
      178.68,        0.40,
      179.20,        0.44,
      179.72,        0.47,
      180.24,        0.53,
      180.76,        0.54,
      181.24,        0.55,
      181.76,        0.53,
      182.24,        0.53,
      182.75,        0.59,
      183.31,        0.65,
      183.83,        0.68,
      184.39,        0.70,
      184.91,        0.68,
      185.43,        0.69,
      185.91,        0.72,
      186.43,        0.73,
      186.95,        0.85,
      187.46,        0.73,
      187.98,        0.72,
      188.46,        0.70,
      188.98,        0.72,
      189.46,        0.76,
      189.98,        0.75,
      190.50,        0.70,
      191.02,        0.68,
      191.58,        0.51,
      192.10,        0.29,
      192.65,        0.08,
      193.13,        0.07,
      193.65,        0.07,
      194.13,        0.04,
      194.65,        0.02,
      195.17,        0.01,
      195.69,       -0.01,
      196.21,        0.01,
      196.73,        0.01,
      197.21,        0.02,
      197.72,        0.02,
      198.24,        0.05,
      198.76,        0.06,
      199.32,        0.07,
      199.84,        0.11,
      200.36,        0.11,
      200.88,        0.12,
      201.40,        0.10,
      201.92,        0.10,
      202.39,        0.11,
      202.91,        0.11,
      203.47,        0.16,
      203.99,        0.19,
      204.51,        0.19,
      204.99,        0.21,
      205.51,        0.25,
      205.99,        0.29,
      206.51,        0.31,
      207.07,        0.32,
      207.62,        0.38,
      208.14,        0.39,
      208.66,        0.40,
      209.18,        0.38,
      209.70,        0.37,
      210.18,        0.42,
      210.70,        0.43,
      211.22,        0.45,
      211.78,        0.46,
      212.30,        0.47,
      212.77,        0.48,
      213.29,        0.50,
      213.77,        0.51,
      214.29,        0.51,
      214.85,        0.49,
      215.37,        0.50,
      215.93,        0.49,
      216.41,        0.50,
      216.97,        0.48,
      217.48,        0.49,
      217.96,        0.47,
      218.48,        0.49,
      219.00,        0.44,
      219.56,        0.40,
      220.08,        0.34,
      220.56,        0.12,
      221.08,       -0.15,
      221.56,       -0.51,
      222.08,       -0.92,
      222.59,       -1.38,
      223.15,       -1.85,
      223.67,       -2.29,
      224.19,       -2.47,
      224.75,       -2.45,
      225.27,       -2.44,
      225.79,       -2.44,
      226.27,       -2.44,
      226.83,       -2.41,
      227.35,       -2.43,
      227.86,       -2.41,
      228.38,       -2.42,
      228.86,       -2.40,
      229.38,       -2.36,
      229.90,       -2.35,
      230.42,       -2.34,
      230.94,       -2.31,
      231.50,       -2.30,
      232.02,       -2.39,
      232.57,       -2.42,
      233.09,       -2.44,
      233.61,       -2.36,
      234.09,       -2.34,
      234.61,       -2.29,
      235.17,       -2.25,
      235.69,       -2.25,
      236.21,       -2.20,
      236.73,       -2.18,
      237.21,       -2.20,
      237.72,       -2.12,
      238.24,       -2.09,
      238.80,       -1.99,
      239.32,       -1.94,
      239.84,       -1.99,
      240.40,       -1.99,
      240.92,       -1.96,
      241.44,       -1.92,
      241.96,       -1.90,
      242.47,       -1.91,
      242.99,       -1.93,
      243.51,       -1.99,
      244.07,       -1.96,
      244.59,       -1.94,
      245.07,       -1.91,
      245.59,       -1.90,
      246.11,       -1.85,
      246.63,       -1.83,
      247.19,       -1.83,
      247.70,       -1.81,
      248.26,       -1.81,
      248.78,       -1.83,
      249.34,       -1.83,
      249.82,       -1.83,
      250.34,       -1.83,
      250.90,       -1.81,
      251.42,       -1.81,
      251.94,       -1.78,
      252.45,       -1.76,
      252.97,       -1.73,
      253.45,       -1.69,
      253.97,       -1.65,
      254.49,       -1.64,
      255.05,       -1.60,
      255.57,       -1.57,
      256.13,       -1.52,
      256.65,       -1.50,
      257.21,       -1.49,
      257.68,       -1.44,
      258.20,       -1.41,
      258.72,       -1.42,
      259.24,       -1.41,
      259.80,       -1.37,
      260.32,       -1.33,
      260.84,       -1.26,
      261.32,       -1.25,
      261.84,       -1.25,
      262.36,       -1.24,
      262.91,       -1.22,
      263.43,       -1.20,
      263.99,       -1.20,
      264.51,       -1.21,
      265.07,       -1.18,
      265.59,       -1.17,
      266.11,       -1.15,
      266.59,       -1.07,
      267.15,       -1.01,
      267.66,       -0.95,
      268.18,       -0.93,
      268.70,       -0.94,
      269.22,       -0.91,
      269.70,       -0.88,
      270.22,       -0.87,
      270.78,       -0.84,
      271.30,       -0.81,
      271.86,       -0.78,
      272.41,       -0.76,
      272.93,       -0.76,
      273.45,       -0.76,
      273.97,       -0.76,
      274.49,       -0.72,
      275.01,       -0.68,
      275.57,       -0.66,
      276.09,       -0.61,
      276.61,       -0.63,
      277.13,       -0.62,
      277.60,       -0.63,
      278.12,       -0.58,
      278.68,       -0.51,
      279.20,       -0.46,
      279.76,       -0.41,
      280.28,       -0.36,
      280.84,       -0.33,
      281.36,       -0.29,
      281.88,       -0.29,
      282.40,       -0.24,
      282.91,       -0.20,
      283.43,       -0.20,
      283.99,       -0.20,
      284.51,       -0.20,
      285.03,       -0.14,
      285.51,       -0.11,
      286.03,       -0.10,
      286.59,       -0.08,
      287.11,       -0.04,
      287.62,       -0.02,
      288.18,       -0.01,
      288.74,        0.00,
      289.26,        0.05,
      289.82,        0.07,
      290.30,        0.10,
      290.82,        0.15,
      291.38,        0.15,
      291.90,        0.18,
      292.42,        0.20,
      292.93,        0.24,
      293.45,        0.27,
      293.93,        0.29,
      294.49,        0.30,
      295.01,        0.37,
      295.57,        0.46,
      296.13,        0.47,
      296.65,        0.46,
      297.21,        0.50,
      297.72,        0.49,
      298.24,        0.50,
      298.76,        0.55,
      299.28,        0.60,
      299.84,        0.65,
      300.36,        0.68,
      300.88,        0.70,
      301.36,        0.74,
      301.88,        0.76,
      302.40,        0.76,
      302.95,        0.81,
      303.51,        0.85,
      304.03,        0.88,
      304.59,        0.90,
      305.15,        0.90,
      305.67,        0.90,
      306.19,        0.92,
      306.71,        0.94,
      307.23,        0.96,
      307.74,        1.01,
      308.30,        1.04,
      308.82,        1.07,
      309.30,        1.10,
      309.82,        1.11,
      310.34,        1.11,
      310.90,        1.11,
      311.46,        1.12,
      311.98,        1.20,
      312.53,        1.24,
      313.09,        1.25,
      313.61,        1.27,
      314.13,        1.31,
      314.65,        1.29,
      315.17,        1.32,
      315.69,        1.36,
      316.25,        1.38,
      316.77,        1.42,
      317.29,        1.45,
      317.76,        1.46,
      318.28,        1.48,
      318.84,        1.51,
      319.40,        1.51,
      319.92,        1.56,
      320.48,        1.55,
      321.04,        1.50,
      321.56,        1.42,
      322.08,        1.20,
      322.59,        0.89,
      323.15,        0.49,
      323.67,        0.09,
      324.19,       -0.31,
      324.75,       -0.72,
      325.27,       -1.16,
      325.75,       -1.64,
      326.23,       -1.99,
      326.79,       -2.20,
      327.35,       -2.24,
      327.90,       -2.26,
      328.42,       -2.26,
      328.98,       -2.23,
      329.54,       -2.24,
      330.10,       -2.26,
      330.62,       -2.25,
      331.14,       -2.24,
      331.66,       -2.24,
      332.18,       -2.26,
      332.73,       -2.24,
      333.25,       -2.25,
      333.77,       -2.25,
      334.25,       -2.23,
      334.81,       -2.21,
      335.33,       -2.17,
      335.89,       -2.15,
      336.45,       -2.16,
      336.97,       -2.16,
      337.52,       -2.14,
      338.08,       -2.07,
      338.60,       -2.07,
      339.12,       -2.09,
      339.64,       -2.08,
      340.20,       -2.10,
      340.68,       -2.08,
      341.20,       -2.05,
      341.72,       -2.06,
      342.24,       -2.15,
      342.75,       -2.18,
      343.31,       -2.16,
      343.87,       -2.16,
      344.43,       -2.16,
      344.99,       -2.16,
      345.51,       -2.10,
      346.07,       -2.08,
      346.59,       -2.08,
      347.11,       -2.07,
      347.62,       -2.04,
      348.18,       -2.01,
      348.70,       -1.98,
      349.22,       -1.99,
      349.74,       -2.04,
      350.22,       -2.04,
      350.78,       -2.04,
      351.30,       -2.04,
      351.86,       -2.03,
      352.42,       -2.05,
      352.97,       -2.05,
      353.53,       -2.04,
      354.05,       -2.05,
      354.61,       -2.03,
      355.13,       -2.05,
      355.65,       -2.03,
      356.21,       -2.03,
      356.73,       -1.99,
      357.25,       -1.96,
      357.72,       -1.95,
      358.24,       -1.91,
      358.80,       -1.92,
      359.32,       -1.91,
      359.88,       -1.91,
      360.44,       -1.90,
      361.00,       -1.89,
      361.52,       -1.84,
      362.08,       -1.85,
      362.59,       -1.80,
      363.11,       -1.77,
      363.67,       -1.79,
      364.19,       -1.78,
      364.71,       -1.73,
      365.23,       -1.67,
      365.75,       -1.64,
      366.23,       -1.61,
      366.79,       -1.64,
      367.31,       -1.66,
      367.86,       -1.62,
      368.42,       -1.60,
      368.98,       -1.58,
      369.50,       -1.59,
      370.06,       -1.55,
      370.58,       -1.51,
      371.10,       -1.51,
      371.66,       -1.45,
      372.18,       -1.46,
      372.69,       -1.54,
      373.21,       -1.50,
      373.73,       -1.46,
      374.21,       -1.44,
      374.77,       -1.38,
      375.33,       -1.31,
      375.85,       -1.24,
      376.41,       -1.24,
      376.97,       -1.23,
      377.52,       -1.21,
      378.04,       -1.20,
      378.56,       -1.22,
      379.08,       -1.18,
      379.60,       -1.18,
      380.16,       -1.15,
      380.68,       -1.11,
      381.20,       -1.11,
      381.72,       -1.11,
      382.20,       -1.10,
      382.75,       -1.07,
      383.31,       -1.01,
      383.83,       -0.99,
      384.39,       -0.98,
      384.95,       -0.98,
      385.47,       -0.97,
      386.03,       -0.90,
      386.51,       -0.87,
      387.07,       -0.85,
      387.58,       -0.81,
      388.10,       -0.82,
      388.62,       -0.79,
      389.14,       -0.77,
      389.66,       -0.72,
      390.14,       -0.67,
      390.70,       -0.68,
      391.26,       -0.66,
      391.82,       -0.60,
      392.34,       -0.55,
      392.89,       -0.49,
      393.41,       -0.46,
      393.97,       -0.50,
      394.45,       -0.46,
      395.01,       -0.49,
      395.53,       -0.53,
      396.05,       -0.50,
      396.57,       -0.55,
      397.09,       -0.55,
      397.60,       -0.55,
      398.08,       -0.63,
      398.64,       -0.67,
      399.20,       -0.76,
      399.76,       -0.85,
      400.32,       -0.87,
      400.84,       -0.88,
      401.40,       -0.86,
      401.88,       -0.83,
      402.40,       -0.82,
      402.95,       -0.76,
      403.47,       -0.76,
      404.03,       -0.80,
      404.55,       -0.77,
      405.03,       -0.80,
      405.55,       -0.77,
      406.03,       -0.78,
      406.59,       -0.78,
      407.15,       -0.76,
      407.70,       -0.74,
      408.26,       -0.73,
      408.82,       -0.69,
      409.34,       -0.69,
      409.86,       -0.70,
      410.38,       -0.67,
      410.90,       -0.65,
      411.42,       -0.65,
      411.98,       -0.63,
      412.49,       -0.63,
      413.01,       -0.59,
      413.49,       -0.66,
      414.01,       -0.65,
      414.57,       -0.63,
      415.13,       -0.65,
      415.65,       -0.66,
      416.21,       -0.64,
      416.77,       -0.64,
      417.33,       -0.59,
      417.84,       -0.59,
      418.36,       -0.54,
      418.88,       -0.52,
      419.40,       -0.53,
      419.96,       -0.46,
      420.48,       -0.46,
      421.00,       -0.50,
      421.48,       -0.48,
      422.00,       -0.55,
      422.55,       -0.54,
      423.11,       -0.57,
      423.63,       -0.63,
      424.19,       -0.63,
      424.75,       -0.68,
      425.31,       -0.71,
      425.87,       -0.67,
      426.39,       -0.68,
      426.91,       -0.67,
      427.47,       -0.68,
      427.98,       -0.68,
      428.50,       -0.64,
      429.02,       -0.63,
      429.50,       -0.63,
      430.02,       -0.63,
      430.58,       -0.63,
      431.14,       -0.62,
      431.66,       -0.63,
      432.22,       -0.63,
      432.77,       -0.59,
      433.33,       -0.63,
      433.89,       -0.65,
      434.41,       -0.70,
      434.93,       -0.77,
      435.45,       -0.78,
      436.01,       -0.75,
      436.53,       -0.77,
      437.05,       -0.79,
      437.52,       -0.80,
      438.04,       -0.85,
      438.60,       -0.85,
      439.12,       -0.98,
      439.68,       -1.10,
      440.24,       -1.35,
      440.80,       -1.71,
      441.32,       -2.03,
      441.88,       -2.23,
      442.40,       -2.29,
      442.91,       -2.25,
      443.43,       -2.25,
      443.95,       -2.34,
      444.51,       -2.30,
      445.03,       -2.32,
      445.51,       -2.36,
      445.99,       -2.41,
      446.55,       -2.49,
      447.11,       -2.43,
      447.66,       -2.38,
      448.22,       -2.35,
      448.74,       -2.31,
      449.30,       -2.32,
      449.82,       -2.31,
      450.34,       -2.33,
      450.86,       -2.34,
      451.38,       -2.37,
      451.94,       -2.34,
      452.46,       -2.30,
      452.93,       -2.27,
      453.41,       -2.24,
      453.93,       -2.25,
      454.49,       -2.24,
      455.05,       -2.17,
      455.61,       -2.18,
      456.13,       -2.16,
      456.69,       -2.13,
      457.21,       -2.08,
      457.72,       -2.05,
      458.24,       -2.01,
      458.80,       -1.92,
      459.32,       -1.86,
      459.88,       -1.81,
      460.40,       -1.78,
      460.88,       -1.75,
      461.36,       -1.74,
      461.88,       -1.66,
      462.44,       -1.62,
      462.99,       -1.60,
      463.55,       -1.60,
      464.11,       -1.62,
      464.63,       -1.60,
      465.19,       -1.56,
      465.67,       -1.53,
      466.19,       -1.48,
      466.75,       -1.42,
      467.27,       -1.38,
      467.82,       -1.40,
      468.34,       -1.40,
      468.86,       -1.42,
      469.34,       -1.41,
      469.86,       -1.37,
      470.38,       -1.35,
      470.94,       -1.35,
      471.50,       -1.33,
      472.06,       -1.27,
      472.61,       -1.25,
      473.13,       -1.22,
      473.65,       -1.18,
      474.17,       -1.16,
      474.69,       -1.11,
      475.25,       -1.06,
      475.77,       -1.03,
      476.29,       -0.98,
      476.81,       -0.95,
      477.29,       -0.91,
      477.80,       -0.86,
      478.36,       -0.85,
      478.92,       -0.82,
      479.48,       -0.76,
      480.00,       -0.71,
      480.56,       -0.66,
      481.12,       -0.62,
      481.64,       -0.60,
      482.12,       -0.55,
      482.67,       -0.46,
      483.19,       -0.41,
      483.75,       -0.40,
      484.27,       -0.35,
      484.79,       -0.34,
      485.27,       -0.30,
      485.75,       -0.30,
      486.31,       -0.28,
      486.87,       -0.20,
      487.43,       -0.15,
      487.98,       -0.08,
      488.54,       -0.08,
      489.06,       -0.02,
      489.58,       -0.02,
      490.10,       -0.02,
      490.62,        0.04,
      491.18,        0.07,
      491.70,        0.14,
      492.26,        0.16,
      492.73,        0.15,
      493.21,        0.17,
      493.73,        0.23,
      494.29,        0.25,
      494.85,        0.32,
      495.41,        0.36,
      495.97,        0.42,
      496.49,        0.46,
      497.05,        0.46,
      497.56,        0.50,
      498.08,        0.54,
      498.60,        0.58,
      499.16,        0.59,
      499.68,        0.59,
      500.24,        0.65,
      500.72,        0.65,
      501.20,        0.66,
      501.72,        0.65,
      502.28,        0.66,
      502.83,        0.66,
      503.39,        0.69,
      503.91,        0.63,
      504.47,        0.60,
      505.03,        0.57,
      505.55,        0.55,
      506.07,        0.55,
      506.59,        0.55,
      507.15,        0.52,
      507.66,        0.54,
      508.22,        0.56,
      508.74,        0.57,
      509.22,        0.58,
      509.70,        0.58,
      510.26,        0.58,
      510.82,        0.59,
      511.38,        0.59,
      511.94,        0.63,
      512.46,        0.67,
      513.01,        0.67,
      513.57,        0.73,
      514.09,        0.73,
      514.61,        0.73,
      515.13,        0.73,
      515.69,        0.76,
      516.21,        0.77,
      516.73,        0.79,
      517.21,        0.81,
      517.72,        0.83,
      518.28,        0.86,
      518.80,        0.90,
      519.36,        0.90,
      519.92,        0.88,
      520.48,        0.86,
      521.04,        0.88,
      521.56,        0.90,
      522.08,        0.90,
      522.59,        0.90,
      523.11,        0.91,
      523.67,        0.90,
      524.19,        0.92,
      524.67,        0.95,
      525.19,        0.98,
      525.71,        0.93,
      526.27,        0.99,
      526.75,        1.02,
      527.31,        1.07,
      527.86,        1.09,
      528.42,        1.02,
      528.98,        1.09,
      529.50,        1.02,
      530.02,        1.03,
      530.54,        1.06,
      531.10,        0.95,
      531.62,        0.99,
      532.18,        0.89,
      532.65,        0.90,
      533.17,        0.89,
      533.65,        0.80,
      534.21,        0.80,
      534.77,        0.63,
      535.33,        0.46,
      535.85,        0.21,
      536.41,       -0.02,
      536.97,       -0.10,
      537.53,       -0.10,
      538.04,       -0.13,
      538.56,       -0.13,
      539.12,       -0.12,
      539.64,       -0.08,
      540.16,       -0.17,
      540.68,       -0.20,
      541.20,       -0.20,
      541.68,       -0.25,
      542.24,       -0.28,
      542.79,       -0.26,
      543.35,       -0.29,
      543.91,       -0.27,
      544.43,       -0.29,
      544.99,       -0.32,
      545.55,       -0.29,
      546.07,       -0.31,
      546.59,       -0.33,
      547.11,       -0.33,
      547.66,       -0.38,
      548.18,       -0.35,
      548.66,       -0.37,
      549.18,       -0.37,
      549.70,       -0.33,
      550.26,       -0.33,
      550.78,       -0.31,
      551.34,       -0.33,
      551.90,       -0.34,
      552.46,       -0.30,
      553.01,       -0.30,
      553.53,       -0.29,
      554.05,       -0.28,
      554.57,       -0.30,
      555.09,       -0.24,
      555.65,       -0.24,
      556.17,       -0.25,
      556.65,       -0.20,
      557.17,       -0.26,
      557.68,       -0.24,
      558.24,       -0.20,
      558.80,       -0.21,
      559.36,       -0.18,
      559.88,       -0.20,
      560.44,       -0.19,
      561.00,       -0.16,
      561.48,       -0.16,
      562.00,       -0.10,
      562.55,       -0.11,
      563.07,       -0.11,
      563.63,       -0.10,
      564.15,       -0.09,
      564.63,       -0.11,
      565.15,       -0.10,
      565.67,       -0.04,
      566.19,        0.00,
      566.75,       -0.02,
      567.31,       -0.06,
      567.86,       -0.02,
      568.42,       -0.04,
      568.94,       -0.04,
      569.42,       -0.04,
      569.94,       -0.11,
      570.50,       -0.10,
      571.02,       -0.20,
      571.58,       -0.26,
      572.10,       -0.24,
      572.57,       -0.44,
      573.05,       -0.50,
      573.61,       -0.60,
      574.13,       -0.83,
      574.69,       -0.94,
      575.25,       -1.11,
      575.81,       -1.29,
      576.37,       -1.53,
      576.85,       -1.78,
      577.37,       -2.12,
      577.88,       -2.44,
      578.40,       -2.52,
      578.96,       -2.61,
      579.48,       -2.65,
      580.00,       -2.68,
      580.52,       -2.66,
      581.00,       -2.52,
      581.52,       -2.44,
      582.08,       -2.39,
      582.63,       -2.34,
      583.19,       -2.32,
      583.75,       -2.24,
      584.27,       -2.19,
      584.83,       -2.18,
      585.35,       -2.22,
      585.87,       -2.25,
      586.39,       -2.25,
      586.91,       -2.22,
      587.47,       -2.21,
      587.98,       -2.24,
      588.46,       -2.25,
      588.98,       -2.19,
      589.50,       -2.16,
      590.02,       -2.16,
      590.58,       -2.13,
      591.14,       -2.12,
      591.70,       -2.08,
      592.26,       -2.09,
      592.77,       -2.08,
      593.29,       -2.03,
      593.77,       -1.98,
      594.33,       -1.95,
      594.85,       -1.96,
      595.41,       -1.92,
      595.93,       -1.90,
      596.41,       -1.91,
      596.93,       -1.88,
      597.45,       -1.85,
      597.96,       -1.81,
      598.56,       -1.78,
      599.08,       -1.77,
      599.64,       -1.77,
      600.20,       -1.69,
      600.72,       -1.68,
      601.24,       -1.66,
      601.72,       -1.63,
      602.28,       -1.60,
      602.79,       -1.55,
      603.35,       -1.55,
      603.87,       -1.54,
      604.35,       -1.49,
      604.87,       -1.44,
      605.35,       -1.43,
      605.91,       -1.42,
      606.47,       -1.39,
      607.03,       -1.34,
      607.58,       -1.31,
      608.14,       -1.29,
      608.66,       -1.27,
      609.18,       -1.30,
      609.70,       -1.29,
      610.22,       -1.24,
      610.74,       -1.23,
      611.30,       -1.22,
      611.86,       -1.22,
      612.34,       -1.19,
      612.81,       -1.17,
      613.33,       -1.17,
      613.89,       -1.16,
      614.45,       -1.09,
      615.01,       -1.03,
      615.53,       -1.00,
      616.09,       -0.99,
      616.65,       -0.97,
      617.17,       -0.94,
      617.64,       -0.94,
      618.16,       -0.89,
      618.72,       -0.87,
      619.24,       -0.82,
      619.80,       -0.82,
      620.28,       -0.85,
      620.76,       -0.81,
      621.28,       -0.77,
      621.84,       -0.71,
      622.40,       -0.68,
      622.91,       -0.64,
      623.47,       -0.63,
      624.03,       -0.59,
      624.59,       -0.59,
      625.11,       -0.58,
      625.59,       -0.50,
      626.11,       -0.42,
      626.67,       -0.40,
      627.19,       -0.45,
      627.74,       -0.49,
      628.22,       -0.46,
      628.74,       -0.43,
      629.26,       -0.41,
      629.78,       -0.41,
      630.34,       -0.41,
      630.90,       -0.37,
      631.46,       -0.36,
      632.02,       -0.34,
      632.54,       -0.31,
      633.09,       -0.31,
      633.61,       -0.26,
      634.13,       -0.24,
      634.65,       -0.20,
      635.21,       -0.20,
      635.69,       -0.20,
      636.21,       -0.20,
      636.73,       -0.20,
      637.25,       -0.26,
      637.76,       -0.26,
      638.32,       -0.28,
      638.88,       -0.33,
      639.44,       -0.33,
      640.00,       -0.38,
      640.52,       -0.37,
      641.08,       -0.37,
      641.56,       -0.49,
      642.08,       -0.47,
      642.63,       -0.51,
      643.15,       -0.59,
      643.67,       -0.56,
      644.19,       -0.68,
      644.71,       -0.72,
      645.23,       -0.72,
      645.75,       -0.81,
      646.31,       -0.74,
      646.87,       -0.85,
      647.43,       -1.03,
      647.98,       -0.94,
      648.54,       -1.07,
      649.10,       -1.21,
      649.58,       -1.24,
      650.10,       -1.42,
      650.66,       -1.45,
      651.18,       -1.55,
      651.70,       -1.68,
      652.22,       -1.61,
      652.73,       -1.73,
      653.25,       -1.77,
      653.77,       -1.72,
      654.33,       -1.84,
      654.89,       -1.82,
      655.45,       -1.86,
      656.01,       -1.92,
      656.57,       -1.87,
      657.13,       -1.93,
      657.64,       -1.95,
      658.16,       -1.93,
      658.68,       -2.00,
      659.24,       -2.05,
      659.76,       -2.03,
      660.28,       -2.08,
      660.80,       -2.08,
      661.32,       -2.07,
      661.84,       -2.11,
      662.40,       -2.12,
      662.95,       -2.16,
      663.51,       -2.09,
      664.07,       -2.10,
      664.63,       -2.11,
      665.19,       -2.14,
      665.71,       -2.13,
      666.23,       -2.16,
      666.79,       -2.17,
      667.31,       -2.21,
      667.82,       -2.20,
      668.34,       -2.25,
      668.86,       -2.25,
      669.38,       -2.25,
      669.94,       -2.30,
      670.46,       -2.34,
      671.02,       -2.38,
      671.58,       -2.34,
      672.14,       -2.34,
      672.69,       -2.34,
      673.25,       -2.33,
      673.77,       -2.29,
      674.29,       -2.28,
      674.85,       -2.25,
      675.37,       -2.24,
      675.89,       -2.20,
      676.41,       -2.17,
      676.93,       -2.16,
      677.45,       -2.13,
      678.00,       -2.12,
      678.56,       -2.11,
      679.12,       -2.07,
      679.68,       -2.07,
      680.24,       -2.05,
      680.80,       -2.05,
      681.32,       -2.03,
      681.88,       -1.99,
      682.40,       -1.94,
      682.91,       -1.89,
      683.47,       -1.86,
      683.95,       -1.85,
      684.51,       -1.81,
      685.03,       -1.78,
      685.55,       -1.77,
      686.11,       -1.78,
      686.63,       -1.77,
      687.19,       -1.72,
      687.74,       -1.67,
      688.30,       -1.64,
      688.86,       -1.59,
      689.42,       -1.55,
      689.94,       -1.46,
      690.50,       -1.43,
      691.02,       -1.44,
      691.54,       -1.40,
      692.06,       -1.42,
      692.58,       -1.43,
      693.09,       -1.42,
      693.65,       -1.42,
      694.17,       -1.42,
      694.73,       -1.42,
      695.29,       -1.44,
      695.85,       -1.44,
      696.41,       -1.39,
      696.97,       -1.38,
      697.53,       -1.39,
      698.08,       -1.38,
      698.60,       -1.35,
      699.12,       -1.33,
      699.68,       -1.35,
      700.20,       -1.36,
      700.72,       -1.43,
      701.24,       -1.58,
      701.76,       -1.66,
      702.32,       -1.71,
      702.87,       -1.79,
      703.43,       -1.80,
      703.99,       -1.86,
      704.55,       -1.94,
      705.11,       -1.95,
      705.67,       -1.92,
      706.19,       -1.95,
      706.75,       -1.91,
      707.27,       -1.86,
      707.78,       -1.92,
      708.30,       -1.96,
      708.82,       -1.96,
      709.34,       -1.97,
      709.90,       -1.96,
      710.46,       -1.89,
      711.02,       -1.84,
      711.54,       -1.79,
      712.10,       -1.77,
      712.65,       -1.75,
      713.21,       -1.73,
      713.73,       -1.73,
      714.25,       -1.68,
      714.81,       -1.68,
      715.37,       -1.60,
      715.89,       -1.55,
      716.41,       -1.49,
      716.89,       -1.43,
      717.41,       -1.39,
      717.96,       -1.37,
      718.52,       -1.29,
      719.08,       -1.28,
      719.64,       -1.25,
      720.20,       -1.18,
      720.76,       -1.46,
      721.32,       -1.09,
      721.84,       -1.03,
      722.40,       -0.94,
      722.91,       -0.89,
      723.43,       -0.86,
      723.99,       -0.83,
      724.47,       -0.81,
      724.99,       -0.76,
      725.51,       -0.76,
      726.07,       -0.71,
      726.63,       -0.69,
      727.19,       -0.68,
      727.74,       -0.63,
      728.30,       -0.57,
      728.86,       -0.57,
      729.38,       -0.56,
      729.90,       -0.53,
      730.46,       -0.47,
      730.98,       -0.44,
      731.54,       -0.41,
      732.06,       -0.37,
      732.54,       -0.31,
      733.05,       -0.26,
      733.61,       -0.18,
      734.17,       -0.14,
      734.73,       -0.13,
      735.29,       -0.12,
      735.85,       -0.04,
      736.41,       -0.01,
      736.93,        0.00,
      737.45,        0.04,
      738.00,        0.15,
      738.52,        0.18,
      739.08,        0.24,
      739.60,        0.28,
      740.12,        0.33,
      740.64,        0.35,
      741.16,        0.39,
      741.68,        0.42,
      742.24,        0.51,
      742.83,        0.57,
      743.35,        0.62,
      743.95,        0.63,
      744.47,        0.59,
      744.99,        0.59,
      745.51,        0.61,
      746.07,        0.58,
      746.59,        0.59,
      747.15,        0.59,
      747.66,        0.64,
      748.18,        0.67,
      748.70,        0.58,
      749.22,        0.55,
      749.78,        0.49,
      750.34,        0.54,
      750.90,        0.55,
      751.46,        0.58,
      752.02,        0.64,
      752.54,        0.61,
      753.05,        0.62,
      753.57,        0.67,
      754.13,        0.70,
      754.69,        0.75,
      755.21,        0.78,
      755.77,        0.83,
      756.25,        0.85,
      756.77,        0.88,
      757.29,        0.92,
      757.84,        1.00,
      758.40,        1.01,
      758.96,        1.02,
      759.52,        1.06,
      760.08,        1.12,
      760.64,        1.13,
      761.16,        1.15,
      761.68,        1.16,
      762.20,        1.16,
      762.75,        1.18,
      763.31,        1.19,
      763.83,        1.21,
      764.31,        1.24,
      764.83,        1.31,
      765.39,        1.34,
      765.95,        1.32,
      766.51,        1.33,
      767.07,        1.34,
      767.63,        1.39,
      768.18,        1.58,
      768.70,        1.04,
      769.22,        0.72,
      769.74,        0.29,
      770.30,       -0.15,
      770.86,       -0.59,
      771.38,       -1.06,
      771.90,       -1.51,
      772.42,       -1.98,
      772.93,       -2.45,
      773.45,       -2.95,
      774.01,       -3.46,
      774.57,       -3.87,
      775.13,       -4.14,
      775.69,       -4.12,
      776.25,       -4.17,
      776.81,       -4.25,
      777.33,       -4.31,
      777.84,       -4.41,
      778.40,       -4.50,
      778.92,       -4.52,
      779.48,       -4.52,
      780.00,       -4.55,
      780.48,       -4.57,
      781.00,       -4.67,
      781.56,       -4.67,
      782.12,       -4.65,
      782.67,       -4.61,
      783.23,       -4.61,
      783.79,       -4.59,
      784.35,       -4.59,
      784.87,       -4.61,
      785.39,       -4.59,
      785.95,       -4.59,
      786.51,       -4.53,
      787.03,       -4.48,
      787.59,       -4.48,
      788.10,       -4.48,
      788.58,       -4.46,
      789.10,       -4.39,
      789.66,       -4.39,
      790.22,       -4.38,
      790.78,       -4.44,
      791.34,       -4.45,
      791.90,       -4.43,
      792.46,       -4.33,
      792.97,       -4.28,
      793.53,       -4.28,
      794.05,       -4.17,
      794.61,       -4.12,
      795.13,       -4.09,
      795.69,       -4.04,
      796.21,       -3.98,
      796.69,       -3.90,
      797.21,       -3.83,
      797.76,       -3.77,
      798.32,       -3.73,
      798.88,       -3.65,
      799.44,       -3.53,
      800.04,       -3.40,
      800.56,       -3.35,
      801.12,       -3.29,
      801.64,       -3.23,
      802.16,       -3.21,
      802.71,       -3.13,
      803.23,       -3.07,
      803.79,       -3.16,
      804.31,       -3.12,
      804.79,       -3.01,
      805.31,       -2.99,
      805.87,       -2.92,
      806.43,       -2.89,
      807.03,       -2.94,
      807.55,       -2.92,
      808.14,       -2.82,
      808.66,       -2.73,
      809.18,       -2.69,
      809.74,       -2.61,
      810.26,       -2.55,
      810.82,       -2.43,
      811.34,       -2.40,
      811.86,       -2.38,
      812.38,       -2.33,
      812.89,       -2.32,
      813.41,       -2.28,
      813.97,       -2.21,
      814.53,       -2.20,
      815.09,       -2.19,
      815.65,       -2.16,
      816.21,       -2.11,
      816.73,       -2.03,
      817.25,       -1.99,
      817.76,       -1.99,
      818.32,       -1.94,
      818.84,       -1.94,
      819.40,       -1.99,
      819.92,       -1.93,
      820.44,       -1.87,
      820.92,       -1.81,
      821.48,       -1.83,
      822.04,       -1.85,
      822.60,       -1.79,
      823.15,       -1.76,
      823.71,       -1.78,
      824.27,       -1.82,
      824.79,       -1.79,
      825.27,       -1.79,
      825.79,       -1.80,
      826.35,       -1.86,
      826.91,       -1.85,
      827.43,       -1.83,
      827.98,       -1.77,
      828.50,       -1.74,
      828.98,       -1.69,
      829.54,       -1.67,
      830.10,       -1.64,
      830.66,       -1.64,
      831.22,       -1.61,
      831.78,       -1.54,
      832.30,       -1.59,
      832.81,       -1.57,
      833.33,       -1.57,
      833.85,       -1.57,
      834.41,       -1.56,
      834.97,       -1.55,
      835.49,       -1.51,
      836.01,       -1.51,
      836.53,       -1.46,
      837.05,       -1.45,
      837.61,       -1.40,
      838.16,       -1.35,
      838.68,       -1.32,
      839.28,       -1.28,
      839.80,       -1.27,
      840.36,       -1.26,
      840.88,       -1.25,
      841.40,       -1.23,
      841.92,       -1.19,
      842.48,       -1.20,
      843.03,       -1.18,
      843.55,       -1.16,
      844.07,       -1.11,
      844.59,       -1.07,
      845.11,       -1.11,
      845.67,       -1.07,
      846.23,       -1.03,
      846.79,       -1.03,
      847.35,       -0.97,
      847.86,       -0.95,
      848.42,       -0.93,
      848.94,       -0.94,
      849.46,       -0.94,
      849.98,       -0.97,
      850.54,       -0.93,
      851.10,       -0.86,
      851.62,       -0.85,
      852.14,       -0.85,
      852.66,       -0.86,
      853.13,       -0.87,
      853.73,       -0.88,
      854.29,       -0.85,
      854.85,       -0.88,
      855.41,       -0.89,
      855.93,       -0.87,
      856.49,       -0.86,
      857.01,       -0.84,
      857.53,       -0.86,
      858.04,       -0.85,
      858.60,       -0.88,
      859.16,       -0.85,
      859.68,       -0.82,
      860.20,       -0.76,
      860.68,       -0.66,
      861.20,       -0.57,
      861.80,       -0.56,
      862.36,       -0.59,
      862.91,       -0.55,
      863.47,       -0.51,
      864.03,       -0.50,
      864.55,       -0.45,
      865.07,       -0.37,
      865.59,       -0.27,
      866.15,       -0.21,
      866.67,       -0.20,
      867.23,       -0.20,
      867.74,       -0.15,
      868.26,       -0.07,
      868.74,       -0.04,
      869.30,       -0.02,
      869.86,        0.02,
      870.42,        0.05,
      870.98,        0.09,
      871.54,        0.16,
      872.10,        0.20,
      872.62,        0.22,
      873.13,        0.20,
      873.69,        0.19,
      874.21,        0.21,
      874.77,        0.22,
      875.33,        0.23,
      875.85,        0.23,
      876.37,        0.16,
      876.85,        0.15,
      877.41,        0.14,
      877.96,        0.15,
      878.52,        0.15,
      879.08,        0.08,
      879.64,       -0.08,
      880.20,       -0.14,
      880.72,       -0.10,
      881.24,       -0.11,
      881.76,       -0.09,
      882.32,       -0.09,
      882.87,       -0.10,
      883.43,       -0.05,
      883.91,        0.01,
      884.43,       -0.01,
      884.95,        0.01,
      885.51,        0.08,
      886.07,        0.13,
      886.63,        0.15,
      887.19,        0.21,
      887.74,        0.25,
      888.30,        0.24,
      888.82,        0.22,
      889.34,        0.24,
      889.86,        0.28,
      890.42,        0.29,
      890.98,        0.33,
      891.50,        0.34,
      891.98,        0.36,
      892.50,        0.34,
      893.01,        0.37,
      893.57,        0.39,
      894.13,        0.39,
      894.69,        0.42,
      895.29,        0.43,
      895.81,        0.46,
      896.37,        0.47,
      896.89,        0.42,
      897.41,        0.37,
      897.96,        0.23,
      898.48,        0.15,
      899.04,       -0.02,
      899.60,       -0.09,
      900.08,       -0.06,
      900.60,       -0.04,
      901.12,       -0.05,
      901.68,       -0.04,
      902.28,       -0.02,
      902.83,        0.02,
      903.35,        0.08,
      903.95,        0.10,
      904.47,        0.11,
      904.99,        0.14,
      905.51,        0.11,
      906.07,        0.09,
      906.63,        0.14,
      907.19,        0.17,
      907.71,        0.21,
      908.22,        0.24,
      908.74,        0.31,
      909.26,        0.34,
      909.82,        0.37,
      910.38,        0.44,
      910.94,        0.46,
      911.50,        0.51,
      912.06,        0.55,
      912.62,        0.56,
      913.13,        0.59,
      913.65,        0.64,
      914.17,        0.63,
      914.73,        0.66,
      915.29,        0.70,
      915.81,        0.72,
      916.33,        0.72,
      916.85,        0.71,
      917.37,        0.62,
      917.92,        0.39,
      918.52,        0.06,
      919.04,       -0.33,
      919.64,       -0.76,
      920.16,       -1.20,
      920.72,       -1.64,
      921.20,       -2.15,
      921.72,       -2.64,
      922.28,       -3.14,
      922.83,       -3.61,
      923.39,       -3.99,
      923.91,       -4.24,
      924.43,       -4.43,
      924.95,       -4.61,
      925.47,       -4.78,
      926.03,       -4.75,
      926.63,       -4.77,
      927.15,       -4.93,
      927.74,       -4.96,
      928.26,       -5.00,
      928.78,       -5.12,
      929.30,       -5.15,
      929.82,       -5.21,
      930.38,       -5.28,
      930.94,       -5.28,
      931.46,       -5.33,
      931.98,       -5.36,
      932.50,       -5.31,
      933.01,       -5.27,
      933.57,       -5.32,
      934.13,       -5.32,
      934.69,       -5.32,
      935.25,       -5.25,
      935.81,       -5.19,
      936.33,       -5.24,
      936.85,       -5.27,
      937.37,       -5.27,
      937.92,       -5.27,
      938.48,       -5.26,
      939.00,       -5.27,
      939.56,       -5.27,
      940.08,       -5.29,
      940.56,       -5.33,
      941.12,       -5.26,
      941.68,       -5.18,
      942.24,       -5.13,
      942.79,       -5.09,
      943.35,       -5.09,
      943.91,       -5.10,
      944.43,       -5.09,
      944.95,       -5.03,
      945.51,       -4.97,
      946.03,       -5.05,
      946.59,       -4.87,
      947.15,       -4.78,
      947.67,       -4.78,
      948.18,       -4.79,
      948.70,       -4.73,
      949.26,       -4.68,
      949.78,       -4.65,
      950.34,       -4.62,
      950.90,       -4.57,
      951.46,       -4.55,
      952.02,       -4.52,
      952.58,       -4.52,
      953.09,       -4.49,
      953.61,       -4.41,
      954.17,       -4.39,
      954.73,       -4.35,
      955.25,       -4.30,
      955.81,       -4.29,
      956.33,       -4.25,
      956.85,       -4.17,
      957.37,       -4.10,
      957.92,       -4.08,
      958.48,       -4.01,
      959.04,       -4.00,
      959.60,       -3.97,
      960.16,       -3.93,
      960.68,       -3.91,
      961.24,       -3.87,
      961.76,       -3.80,
      962.32,       -3.74,
      962.87,       -3.70,
      963.39,       -3.66,
      963.91,       -3.61,
      964.43,       -3.56,
      964.99,       -3.51,
      965.55,       -3.44,
      966.07,       -3.40,
      966.63,       -3.39,
      967.19,       -3.31,
      967.74,       -3.27,
      968.30,       -3.17,
      968.86,       -3.08,
      969.42,       -3.07,
      969.98,       -3.04,
      970.50,       -2.95,
      971.06,       -2.92,
      971.58,       -2.87,
      972.14,       -2.83,
      972.66,       -2.83,
      973.17,       -2.80,
      973.73,       -2.78,
      974.29,       -2.74,
      974.85,       -2.69,
      975.41,       -2.65,
      975.97,       -2.60,
      976.53,       -2.56,
      977.09,       -2.52,
      977.65,       -2.44,
      978.20,       -2.42,
      978.72,       -2.38,
      979.24,       -2.34,
      979.80,       -2.28,
      980.32,       -2.21,
      980.84,       -2.16,
      981.40,       -2.11,
      981.92,       -2.07,
      982.48,       -2.04,
      983.03,       -2.02,
      983.63,       -2.00,
      984.19,       -2.00,
      984.75,       -2.00,
      985.27,       -1.99,
      985.83,       -2.00,
      986.39,       -2.01,
      986.91,       -1.98,
      987.47,       -1.97,
      987.98,       -1.93,
      988.54,       -1.89,
      989.06,       -1.85,
      989.62,       -1.81,
      990.14,       -1.80,
      990.70,       -1.84,
      991.26,       -1.81,
      991.86,       -1.80,
      992.38,       -1.80,
      992.93,       -1.77,
      993.49,       -1.81,
      994.05,       -1.86,
      994.57,       -1.93,
      995.13,       -2.00,
      995.65,       -1.95,
      996.21,       -2.03,
      996.73,       -2.07,
      997.29,       -2.06,
      997.80,       -2.10,
      998.36,       -2.11,
      998.92,       -2.06,
      999.48,       -2.09,
     1000.04,       -2.12,
     1000.60,       -2.13,
     1001.16,       -2.11,
     1001.68,       -2.15,
     1002.24,       -2.16,
     1002.79,       -2.17,
     1003.31,       -2.16,
     1003.83,       -2.23,
     1004.39,       -2.27,
     1004.91,       -2.27,
     1005.47,       -2.29,
     1005.99,       -2.29,
     1006.55,       -2.29,
     1007.11,       -2.42,
     1007.67,       -2.42,
     1008.22,       -2.37,
     1008.78,       -2.37,
     1009.34,       -2.36,
     1009.86,       -2.38,
     1010.42,       -2.38,
     1010.94,       -2.38,
     1011.50,       -2.33,
     1012.02,       -2.29,
     1012.54,       -2.25,
     1013.09,       -2.28,
     1013.65,       -2.30,
     1014.21,       -2.29,
     1014.73,       -2.35,
     1015.29,       -2.44,
     1015.85,       -2.49,
     1016.41,       -2.56,
     1016.97,       -2.91,
     1017.53,       -3.21,
     1018.08,       -3.52,
     1018.60,       -3.89,
     1019.16,       -4.23,
     1019.68,       -4.55,
     1020.20,       -4.96,
     1020.76,       -5.19,
     1021.28,       -5.35,
     1021.84,       -5.58,
     1022.40,       -5.60,
     1022.95,       -5.62,
     1023.51,       -5.76,
     1024.07,       -5.78,
     1024.63,       -5.74,
     1025.19,       -5.72,
     1025.71,       -5.78,
     1026.27,       -5.79,
     1026.79,       -5.80,
     1027.35,       -5.79,
     1027.86,       -5.76,
     1028.38,       -5.76,
     1028.94,       -5.73,
     1029.46,       -5.73,
     1030.06,       -5.78,
     1030.62,       -5.78,
     1031.14,       -5.77,
     1031.70,       -5.76,
     1032.26,       -5.76,
     1032.81,       -5.75,
     1033.37,       -5.74,
     1033.89,       -5.75,
     1034.45,       -5.71,
     1034.97,       -5.65,
     1035.53,       -5.59,
     1036.05,       -5.53,
     1036.57,       -5.50,
     1037.13,       -5.45,
     1037.69,       -5.40,
     1038.24,       -5.34,
     1038.80,       -5.26,
     1039.32,       -5.26,
     1039.88,       -5.27,
     1040.44,       -5.23,
     1041.00,       -5.20,
     1041.56,       -5.21,
     1042.12,       -5.17,
     1042.68,       -5.14,
     1043.19,       -5.12,
     1043.75,       -5.10,
     1044.27,       -5.05,
     1044.83,       -4.99,
     1045.39,       -4.96,
     1045.95,       -4.95,
     1046.55,       -4.93,
     1047.11,       -4.92,
     1047.67,       -4.92,
     1048.22,       -4.93,
     1048.78,       -4.89,
     1049.34,       -4.88,
     1049.86,       -4.84,
     1050.42,       -4.79,
     1050.94,       -4.76,
     1051.46,       -4.72,
     1051.98,       -4.65,
     1052.50,       -4.62,
     1053.05,       -4.58,
     1053.61,       -4.56,
     1054.17,       -4.55,
     1054.73,       -4.48,
     1055.29,       -4.50,
     1055.85,       -4.48,
     1056.41,       -4.44,
     1056.93,       -4.43,
     1057.49,       -4.39,
     1058.00,       -4.37,
     1058.56,       -4.35,
     1059.08,       -4.35,
     1059.64,       -4.31,
     1060.20,       -4.29,
     1060.72,       -4.27,
     1061.24,       -4.24,
     1061.80,       -4.26,
     1062.36,       -4.25,
     1062.91,       -4.23,
     1063.47,       -4.26,
     1064.03,       -4.27,
     1064.59,       -4.27,
     1065.15,       -4.29,
     1065.71,       -4.30,
     1066.23,       -4.32,
     1066.79,       -4.39,
     1067.31,       -4.43,
     1067.86,       -4.61,
     1068.38,       -4.94,
     1068.90,       -5.33,
     1069.46,       -5.77,
     1070.02,       -6.23,
     1070.58,       -6.72,
     1071.14,       -7.18,
     1071.70,       -7.50,
     1072.26,       -7.53,
     1072.78,       -7.45,
     1073.33,       -7.45,
     1073.89,       -7.45,
     1074.41,       -7.61,
     1074.97,       -7.78,
     1075.53,       -7.78,
     1076.05,       -7.73,
     1076.57,       -7.71,
     1077.13,       -7.67,
     1077.69,       -7.63,
     1078.24,       -7.62,
     1078.80,       -7.62,
     1079.36,       -7.53,
     1079.92,       -7.48,
     1080.44,       -7.42,
     1081.00,       -7.37,
     1081.56,       -7.29,
     1082.12,       -7.20,
     1082.64,       -7.10,
     1083.15,       -7.08,
     1083.67,       -7.03,
     1084.19,       -6.94,
     1084.75,       -6.88,
     1085.31,       -6.81,
     1085.87,       -6.73,
     1086.43,       -6.68,
     1086.99,       -6.59,
     1087.55,       -6.52,
     1088.06,       -6.45,
     1088.62,       -6.38,
     1089.18,       -6.34,
     1089.70,       -6.27,
     1090.26,       -6.21,
     1090.78,       -6.14,
     1091.34,       -6.07,
     1091.90,       -6.02,
     1092.42,       -5.96,
     1092.97,       -5.94,
     1093.49,       -5.88,
     1094.05,       -5.82,
     1094.61,       -5.74,
     1095.17,       -5.67,
     1095.73,       -5.61,
     1096.29,       -5.50,
     1096.85,       -5.47,
     1097.41,       -5.40,
     1097.96,       -5.32,
     1098.48,       -5.26,
     1099.04,       -5.19,
     1099.56,       -5.14,
     1100.08,       -5.05,
     1100.60,       -4.96,
     1101.16,       -4.89,
     1101.72,       -4.87,
     1102.28,       -4.79,
     1102.83,       -4.74,
     1103.39,       -4.68,
     1103.95,       -4.61,
     1104.47,       -4.53,
     1105.03,       -4.45,
     1105.59,       -4.38,
     1106.11,       -4.31,
     1106.67,       -4.26,
     1107.19,       -4.20,
     1107.75,       -4.17,
     1108.26,       -4.12,
     1108.78,       -4.09,
     1109.34,       -4.04,
     1109.90,       -3.97,
     1110.46,       -3.92,
     1111.02,       -3.86,
     1111.58,       -3.81,
     1112.14,       -3.76,
     1112.66,       -3.74,
     1113.21,       -3.68,
     1113.77,       -3.65,
     1114.33,       -3.59,
     1114.85,       -3.53,
     1115.37,       -3.50,
     1115.93,       -3.45,
     1116.45,       -3.36,
     1116.97,       -3.30,
     1117.53,       -3.26,
     1118.08,       -3.22,
     1118.64,       -3.17,
     1119.24,       -3.14,
     1119.80,       -3.13,
     1120.36,       -3.08,
     1120.88,       -3.08,
     1121.40,       -3.02,
     1121.96,       -3.00,
     1122.48,       -3.03,
     1123.03,       -3.02,
     1123.55,       -3.02,
     1124.07,       -2.96,
     1124.63,       -2.93,
     1125.15,       -2.91,
     1125.71,       -2.91,
     1126.27,       -2.88,
     1126.83,       -2.87,
     1127.39,       -2.84,
     1127.94,       -2.83,
     1128.50,       -2.80,
     1129.02,       -2.73,
     1129.58,       -2.69,
     1130.10,       -2.65,
     1130.66,       -2.61,
     1131.18,       -2.61,
     1131.70,       -2.56,
     1132.22,       -2.52,
     1132.78,       -2.53,
     1133.33,       -2.50,
     1133.89,       -2.43,
     1134.45,       -2.40,
     1135.01,       -2.40,
     1135.57,       -2.38,
     1136.13,       -2.35,
     1136.69,       -2.31,
     1137.21,       -2.28,
     1137.73,       -2.25,
     1138.28,       -2.25,
     1138.80,       -2.25,
     1139.36,       -2.22,
     1139.88,       -2.20,
     1140.40,       -2.15,
     1140.96,       -2.11,
     1141.48,       -2.09,
     1142.04,       -2.10,
     1142.60,       -2.12,
     1143.19,       -2.13,
     1143.75,       -2.11,
     1144.31,       -2.14,
     1144.83,       -2.13,
     1145.35,       -2.15,
     1145.91,       -2.21,
     1146.43,       -2.26,
     1146.99,       -2.30,
     1147.51,       -2.39,
     1148.02,       -2.47,
     1148.54,       -2.51,
     1149.10,       -2.56,
     1149.66,       -2.63,
     1150.22,       -2.66,
     1150.78,       -2.71,
     1151.34,       -2.76,
     1151.90,       -2.82,
     1152.46,       -3.03,
     1153.01,       -3.34,
     1153.49,       -3.72,
     1154.05,       -4.13,
     1154.57,       -4.56,
     1155.13,       -4.98,
     1155.65,       -5.38,
     1156.17,       -5.83,
     1156.69,       -6.25,
     1157.25,       -6.58,
     1157.81,       -6.67,
     1158.36,       -6.67,
     1158.92,       -6.67,
     1159.52,       -6.67,
     1160.08,       -6.62,
     1160.60,       -6.62,
     1161.16,       -6.63,
     1161.68,       -6.62,
     1162.20,       -6.64,
     1162.76,       -6.62,
     1163.27,       -6.58,
     1163.79,       -6.56,
     1164.31,       -6.57,
     1164.87,       -6.54,
     1165.43,       -6.52,
     1165.99,       -6.47,
     1166.55,       -6.53,
     1167.11,       -6.62,
     1167.67,       -6.67,
     1168.22,       -6.62,
     1168.78,       -6.53,
     1169.30,       -6.49,
     1169.82,       -6.50,
     1170.34,       -6.46,
     1170.90,       -6.43,
     1171.42,       -6.42,
     1171.94,       -6.36,
     1172.46,       -6.32,
     1173.01,       -6.33,
     1173.57,       -6.33,
     1174.13,       -6.31,
     1174.69,       -6.32,
     1175.25,       -6.28,
     1175.81,       -6.22,
     1176.37,       -6.18,
     1176.93,       -6.16,
     1177.45,       -6.12,
     1177.96,       -6.10,
     1178.52,       -6.08,
     1179.04,       -6.07,
     1179.56,       -6.03,
     1180.12,       -6.00,
     1180.64,       -5.97,
     1181.20,       -5.94,
     1181.72,       -5.90,
     1182.28,       -5.91,
     1182.88,       -5.91,
     1183.43,       -5.91,
     1183.99,       -5.86,
     1184.51,       -5.88,
     1185.07,       -5.88,
     1185.59,       -5.88,
     1186.11,       -5.88,
     1186.67,       -5.83,
     1187.19,       -5.76,
     1187.75,       -5.70,
     1188.22,       -5.66,
     1188.74,       -5.62,
     1189.30,       -5.57,
     1189.86,       -5.58,
     1190.42,       -5.54,
     1190.98,       -5.53,
     1191.54,       -5.53,
     1192.10,       -5.50,
     1192.62,       -5.45,
     1193.13,       -5.44,
     1193.69,       -5.39,
     1194.21,       -5.34,
     1194.73,       -5.30,
     1195.25,       -5.26,
     1195.73,       -5.27,
     1196.21,       -5.22,
     1196.73,       -5.22,
     1197.25,       -5.22,
     1197.77,       -5.22,
     1198.28,       -5.22,
     1198.80,       -5.22,
     1199.32,       -5.22,
     1199.80,       -5.22,
     1200.28,       -5.20,
     1200.76,       -5.14,
     1201.20,       -5.16,
     1201.64,       -5.09,
     1202.12,       -5.07,
     1202.56,       -5.01,
     1202.99,       -4.97,
     1203.43,       -4.92,
     1203.83,       -4.85,
     1204.23,       -4.80,
     1204.67,       -4.81,
     1205.11,       -4.80,
     1205.55,       -4.74,
     1205.99,       -4.65,
     1206.39,       -4.66,
     1206.83,       -4.63,
     1207.23,       -4.59,
     1207.63,       -4.57,
     1207.98,       -4.53,
     1208.34,       -4.52,
     1208.74,       -4.48,
     1209.10,       -4.47,
     1209.50,       -4.44,
     1209.86,       -4.39,
     1210.22,       -4.37,
     1210.54,       -4.37,
     1210.90,       -4.32,
     1211.26,       -4.31,
     1211.58,       -4.30,
     1211.90,       -4.23,
     1212.26,       -4.19,
     1212.58,       -4.12,
     1212.90,       -4.09,
     1213.21,       -4.13,
     1213.53,       -4.10,
     1213.77,       -4.08,
     1214.05,       -4.10,
     1214.29,       -4.03,
     1214.49,       -4.02,
     1214.69,       -4.04,
     1214.85,       -3.98,
     1215.05,       -4.00,
     1215.17,       -4.00,
     1215.29,       -3.96,
     1215.41,       -4.04,
     1215.53,       -4.04,
     1215.61,       -4.05,
     1215.65,       -4.10,
     1215.69,       -4.09,
     1215.73,       -4.10,
     1215.77,       -4.12,
     1215.77,       -4.09,
     1215.77,       -4.11,
     1215.77,       -4.11,
     1215.77,       -4.08,
     1215.81,       -4.13,
