       -0.00,       -2.82,
        0.04,       -2.82,
        0.08,       -2.82,
        0.12,       -2.83,
        0.16,       -2.81,
        0.20,       -2.82,
        0.24,       -2.80,
        0.32,       -2.82,
        0.40,       -2.82,
        0.44,       -2.82,
        0.52,       -2.81,
        0.60,       -2.77,
        0.68,       -2.77,
        0.76,       -2.74,
        0.84,       -2.72,
        0.92,       -2.73,
        1.00,       -2.68,
        1.08,       -2.65,
        1.20,       -2.68,
        1.28,       -2.66,
        1.40,       -2.64,
        1.48,       -2.63,
        1.60,       -2.60,
        1.68,       -2.59,
        1.80,       -2.59,
        1.88,       -2.57,
        2.00,       -2.57,
        2.12,       -2.56,
        2.20,       -2.56,
        2.31,       -2.51,
        2.39,       -2.53,
        2.51,       -2.53,
        2.63,       -2.51,
        2.75,       -2.51,
        2.87,       -2.47,
        2.99,       -2.44,
        3.11,       -2.47,
        3.23,       -2.43,
        3.35,       -2.39,
        3.51,       -2.38,
        3.63,       -2.34,
        3.79,       -2.34,
        3.95,       -2.32,
        4.11,       -2.29,
        4.27,       -2.32,
        4.39,       -2.26,
        4.59,       -2.25,
        4.75,       -2.24,
        4.91,       -2.22,
        5.07,       -2.23,
        5.27,       -2.21,
        5.43,       -2.20,
        5.59,       -2.21,
        5.79,       -2.21,
        5.95,       -2.18,
        6.15,       -2.17,
        6.31,       -2.17,
        6.51,       -2.17,
        6.71,       -2.15,
        6.91,       -2.12,
        7.11,       -2.15,
        7.30,       -2.16,
        7.50,       -2.14,
        7.70,       -2.13,
        7.94,       -2.08,
        8.14,       -2.08,
        8.38,       -2.09,
        8.62,       -2.08,
        8.86,       -2.13,
        9.10,       -2.08,
        9.34,       -2.08,
        9.58,       -2.09,
        9.82,       -2.06,
       10.06,       -2.08,
       10.26,       -2.04,
       10.50,       -2.05,
       10.74,       -2.05,
       10.98,       -2.01,
       11.22,       -2.03,
       11.46,       -1.99,
       11.74,       -1.98,
       11.98,       -1.98,
       12.22,       -1.94,
       12.49,       -1.94,
       12.73,       -1.91,
       13.01,       -1.90,
       13.25,       -1.90,
       13.53,       -1.83,
       13.77,       -1.81,
       14.05,       -1.73,
       14.29,       -1.76,
       14.57,       -1.76,
       14.81,       -1.75,
       15.09,       -1.73,
       15.37,       -1.69,
       15.65,       -1.66,
       15.93,       -1.62,
       16.21,       -1.60,
       16.53,       -1.62,
       16.81,       -1.55,
       17.13,       -1.59,
       17.40,       -1.57,
       17.72,       -1.51,
       18.00,       -1.51,
       18.32,       -1.45,
       18.60,       -1.43,
       18.88,       -1.42,
       19.20,       -1.35,
       19.48,       -1.32,
       19.80,       -1.29,
       20.12,       -1.28,
       20.40,       -1.30,
       20.72,       -1.29,
       21.04,       -1.24,
       21.32,       -1.25,
       21.64,       -1.22,
       21.96,       -1.18,
       22.28,       -1.18,
       22.55,       -1.12,
       22.87,       -1.07,
       23.19,       -1.06,
       23.51,       -1.02,
       23.83,       -1.00,
       24.15,       -0.98,
       24.51,       -0.88,
       24.87,       -0.85,
       25.23,       -0.85,
       25.59,       -0.78,
       25.91,       -0.76,
       26.23,       -0.72,
       26.55,       -0.65,
       26.91,       -0.66,
       27.23,       -0.72,
       27.58,       -0.66,
       27.94,       -0.61,
       28.26,       -0.55,
       28.62,       -0.50,
       28.98,       -0.50,
       29.30,       -0.44,
       29.66,       -0.38,
       29.98,       -0.44,
       30.34,       -0.37,
       30.66,       -0.34,
       31.02,       -0.31,
       31.34,       -0.24,
       31.70,       -0.20,
       32.06,       -0.19,
       32.41,       -0.17,
       32.77,       -0.17,
       33.13,       -0.15,
       33.53,       -0.13,
       33.89,       -0.11,
       34.25,       -0.09,
       34.61,       -0.06,
       34.97,       -0.05,
       35.33,       -0.02,
       35.69,       -0.01,
       36.05,        0.02,
       36.41,        0.05,
       36.77,        0.07,
       37.13,        0.10,
       37.52,        0.12,
       37.88,        0.15,
       38.24,        0.17,
       38.60,        0.19,
       38.96,        0.23,
       39.32,        0.27,
       39.72,        0.31,
       40.08,        0.36,
       40.44,        0.40,
       40.84,        0.45,
       41.28,        0.47,
       41.68,        0.48,
       42.04,        0.53,
       42.39,        0.52,
       42.79,        0.52,
       43.15,        0.54,
       43.55,        0.55,
       43.91,        0.59,
       44.31,        0.61,
       44.71,        0.63,
       45.11,        0.63,
       45.47,        0.63,
       45.87,        0.64,
       46.27,        0.64,
       46.63,        0.66,
       47.03,        0.68,
       47.38,        0.71,
       47.78,        0.72,
       48.14,        0.73,
       48.58,        0.73,
       48.98,        0.70,
       49.42,        0.70,
       49.82,        0.74,
       50.22,        0.73,
       50.62,        0.72,
       51.02,        0.73,
       51.42,        0.73,
       51.82,        0.74,
       52.22,        0.72,
       52.61,        0.72,
       53.01,        0.73,
       53.41,        0.75,
       53.81,        0.76,
       54.21,        0.77,
       54.57,        0.77,
       55.01,        0.76,
       55.41,        0.77,
       55.77,        0.77,
       56.21,        0.80,
       56.65,        0.81,
       57.05,        0.81,
       57.48,        0.82,
       57.92,        0.84,
       58.32,        0.85,
       58.72,        0.85,
       59.12,        0.89,
       59.56,        0.86,
       59.96,        0.90,
       60.36,        0.91,
       60.80,        0.92,
       61.20,        0.94,
       61.64,        0.94,
       62.04,        0.95,
       62.43,        0.95,
       62.83,        0.98,
       63.27,        1.01,
       63.67,        0.99,
       64.07,        0.98,
       64.51,        0.98,
       64.95,        0.98,
       65.39,        0.98,
       65.87,        0.98,
       66.27,        1.01,
       66.67,        1.02,
       67.07,        1.02,
       67.50,        1.03,
       67.94,        1.04,
       68.34,        1.05,
       68.78,        0.99,
       69.22,        0.97,
       69.62,        0.90,
       70.06,        0.86,
       70.46,        0.79,
       70.90,        0.79,
       71.30,        0.65,
       71.74,        0.59,
       72.14,        0.47,
       72.61,        0.40,
       73.01,        0.38,
       73.45,        0.33,
       73.93,        0.33,
       74.33,        0.31,
       74.77,        0.28,
       75.21,        0.28,
       75.61,        0.24,
       76.05,        0.21,
       76.49,        0.20,
       76.93,        0.20,
       77.36,        0.17,
       77.80,        0.15,
       78.20,        0.12,
       78.64,        0.13,
       79.08,        0.12,
       79.48,        0.10,
       79.92,        0.09,
       80.36,        0.06,
       80.84,        0.03,
       81.28,       -0.02,
       81.76,       -0.02,
       82.20,       -0.02,
       82.63,       -0.05,
       83.03,       -0.04,
       83.47,       -0.05,
       83.91,       -0.11,
       84.35,       -0.19,
       84.83,       -0.20,
       85.27,       -0.24,
       85.71,       -0.27,
       86.11,       -0.28,
       86.55,       -0.33,
       86.99,       -0.41,
       87.42,       -0.48,
       87.86,       -0.53,
       88.34,       -0.58,
       88.78,       -0.63,
       89.26,       -0.66,
       89.70,       -0.66,
       90.14,       -0.67,
       90.58,       -0.71,
       91.02,       -0.76,
       91.46,       -0.77,
       91.90,       -0.80,
       92.37,       -0.83,
       92.77,       -0.85,
       93.21,       -0.85,
       93.69,       -0.89,
       94.13,       -0.90,
       94.57,       -0.90,
       95.01,       -0.90,
       95.45,       -0.91,
       95.89,       -0.93,
       96.33,       -0.91,
       96.81,       -0.90,
       97.29,       -0.91,
       97.76,       -0.90,
       98.20,       -0.94,
       98.64,       -0.97,
       99.08,       -1.01,
       99.52,       -1.12,
       99.96,       -1.18,
      100.40,       -1.25,
      100.88,       -1.43,
      101.32,       -1.60,
      101.76,       -1.83,
      102.24,       -2.19,
      102.67,       -2.51,
      103.11,       -2.87,
      103.55,       -3.25,
      103.99,       -3.59,
      104.47,       -3.89,
      104.95,       -4.00,
      105.43,       -4.00,
      105.87,       -4.00,
      106.31,       -4.00,
      106.75,       -4.05,
      107.19,       -4.10,
      107.66,       -4.12,
      108.10,       -4.09,
      108.54,       -4.15,
      109.02,       -4.17,
      109.46,       -4.18,
      109.94,       -4.19,
      110.38,       -4.19,
      110.82,       -4.19,
      111.30,       -4.26,
      111.74,       -4.27,
      112.22,       -4.27,
      112.65,       -4.26,
      113.13,       -4.25,
      113.61,       -4.22,
      114.09,       -3.52,
      114.53,       -4.10,
      114.97,       -4.11,
      115.45,       -4.10,
      115.89,       -4.05,
      116.37,       -4.03,
      116.85,       -4.00,
      117.29,       -3.93,
      117.76,       -3.91,
      118.20,       -3.83,
      118.64,       -3.74,
      119.12,       -3.65,
      119.56,       -3.56,
      120.00,       -3.52,
      120.52,       -3.59,
      121.00,       -3.66,
      121.48,       -3.65,
      121.96,       -3.65,
      122.43,       -3.59,
      122.87,       -3.52,
      123.31,       -3.52,
      123.79,       -3.49,
      124.27,       -3.47,
      124.75,       -3.47,
      125.19,       -3.44,
      125.67,       -3.39,
      126.11,       -3.38,
      126.55,       -3.39,
      127.03,       -3.36,
      127.50,       -3.39,
      127.94,       -3.35,
      128.42,       -3.32,
      128.90,       -3.33,
      129.38,       -3.33,
      129.90,       -3.26,
      130.34,       -3.22,
      130.82,       -3.19,
      131.26,       -3.18,
      131.74,       -3.15,
      132.18,       -3.15,
      132.65,       -3.23,
      133.13,       -3.22,
      133.57,       -3.17,
      134.05,       -3.14,
      134.49,       -3.09,
      134.97,       -3.05,
      135.45,       -3.06,
      135.93,       -3.03,
      136.37,       -3.01,
      136.85,       -3.00,
      137.36,       -2.99,
      137.84,       -2.94,
      138.32,       -2.92,
      138.80,       -2.86,
      139.24,       -2.82,
      139.72,       -2.78,
      140.20,       -2.73,
      140.64,       -2.71,
      141.12,       -2.72,
      141.60,       -2.67,
      142.04,       -2.64,
      142.51,       -2.63,
      142.99,       -2.60,
      143.43,       -2.57,
      143.91,       -2.54,
      144.39,       -2.47,
      144.87,       -2.47,
      145.39,       -2.46,
      145.87,       -2.46,
      146.35,       -2.43,
      146.83,       -2.42,
      147.27,       -2.39,
      147.70,       -2.34,
      148.18,       -2.31,
      148.66,       -2.30,
      149.14,       -2.30,
      149.62,       -2.29,
      150.10,       -2.26,
      150.54,       -2.24,
      151.02,       -2.18,
      151.50,       -2.15,
      151.94,       -2.15,
      152.45,       -2.11,
      152.93,       -2.05,
      153.45,       -2.02,
      153.93,       -1.98,
      154.41,       -1.95,
      154.85,       -1.90,
      155.33,       -1.91,
      155.81,       -1.92,
      156.29,       -1.92,
      156.77,       -1.91,
      157.25,       -1.94,
      157.72,       -1.93,
      158.16,       -1.97,
      158.64,       -1.96,
      159.12,       -1.93,
      159.60,       -1.94,
      160.08,       -1.95,
      160.56,       -1.93,
      161.08,       -1.94,
      161.56,       -1.90,
      162.04,       -1.85,
      162.51,       -1.82,
      162.99,       -1.79,
      163.43,       -1.75,
      163.91,       -1.72,
      164.39,       -1.64,
      164.87,       -1.61,
      165.39,       -1.63,
      165.87,       -1.55,
      166.31,       -1.51,
      166.79,       -1.46,
      167.27,       -1.38,
      167.74,       -1.38,
      168.22,       -1.35,
      168.70,       -1.31,
      169.18,       -1.28,
      169.70,       -1.26,
      170.18,       -1.23,
      170.66,       -1.19,
      171.10,       -1.17,
      171.58,       -1.17,
      172.06,       -1.38,
      172.53,       -1.08,
      173.05,       -1.07,
      173.53,       -1.03,
      173.97,       -0.98,
      174.45,       -0.98,
      174.93,       -0.98,
      175.45,       -0.97,
      175.89,       -0.98,
      176.37,       -0.97,
      176.89,       -0.91,
      177.36,       -0.90,
      177.88,       -0.88,
      178.36,       -0.84,
      178.84,       -0.81,
      179.32,       -0.81,
      179.80,       -0.77,
      180.28,       -0.77,
      180.76,       -0.80,
      181.24,       -0.76,
      181.72,       -0.74,
      182.20,       -0.73,
      182.67,       -0.69,
      183.15,       -0.68,
      183.63,       -0.68,
      184.11,       -0.61,
      184.59,       -0.60,
      185.07,       -0.63,
      185.59,       -0.59,
      186.07,       -0.59,
      186.55,       -0.56,
      187.03,       -0.54,
      187.50,       -0.49,
      187.94,       -0.49,
      188.46,       -0.47,
      188.94,       -0.42,
      189.42,       -0.42,
      189.90,       -0.42,
      190.34,       -0.41,
      190.82,       -0.39,
      191.30,       -0.39,
      191.78,       -0.34,
      192.26,       -0.33,
      192.77,       -0.33,
      193.25,       -0.28,
      193.77,       -0.31,
      194.25,       -0.32,
      194.69,       -0.29,
      195.17,       -0.24,
      195.65,       -0.22,
      196.13,       -0.21,
      196.61,       -0.22,
      197.09,       -0.25,
      197.56,       -0.23,
      198.04,       -0.20,
      198.52,       -0.20,
      199.00,       -0.21,
      199.48,       -0.22,
      199.96,       -0.28,
      200.48,       -0.37,
      200.96,       -0.43,
      201.44,       -0.48,
      201.92,       -0.53,
      202.39,       -0.53,
      202.87,       -0.54,
      203.31,       -0.53,
      203.79,       -0.50,
      204.27,       -0.47,
      204.71,       -0.44,
      205.19,       -0.46,
      205.67,       -0.44,
      206.15,       -0.43,
      206.67,       -0.41,
      207.15,       -0.36,
      207.62,       -0.38,
      208.10,       -0.40,
      208.58,       -0.37,
      209.10,       -0.37,
      209.58,       -0.34,
      210.06,       -0.40,
      210.50,       -0.38,
      210.98,       -0.33,
      211.46,       -0.29,
      211.90,       -0.25,
      212.38,       -0.23,
      212.85,       -0.22,
      213.33,       -0.17,
      213.85,       -0.15,
      214.29,       -0.10,
      214.81,       -0.03,
      215.29,       -0.02,
      215.77,       -0.02,
      216.25,       -0.02,
      216.77,        0.01,
      217.25,        0.04,
      217.76,        0.08,
      218.20,        0.15,
      218.68,        0.12,
      219.12,        0.12,
      219.60,        0.78,
      220.08,        0.15,
      220.56,        0.19,
      221.04,        0.22,
      221.52,        0.24,
      222.00,        0.25,
      222.47,        0.30,
      222.99,        0.32,
      223.47,        0.33,
      223.95,        0.34,
      224.43,        0.34,
      224.95,        0.36,
      225.47,        0.37,
      225.95,        0.39,
      226.39,        0.44,
      226.87,        0.42,
      227.35,        0.43,
      227.82,        0.46,
      228.30,        0.46,
      228.78,        0.47,
      229.26,        0.49,
      229.78,        0.50,
      230.26,        0.47,
      230.74,        0.35,
      231.26,        0.29,
      231.74,       -0.01,
      232.22,       -0.35,
      232.73,       -0.61,
      233.25,       -0.76,
      233.73,       -0.72,
      234.21,       -0.72,
      234.69,       -0.75,
      235.17,       -0.74,
      235.65,       -0.73,
      236.17,       -0.74,
      236.65,       -0.76,
      237.17,       -0.81,
      237.64,       -0.81,
      238.12,       -0.85,
      238.60,       -0.85,
      239.08,       -0.85,
      239.56,       -0.85,
      240.08,       -0.85,
      240.56,       -0.90,
      241.04,       -0.91,
      241.56,       -0.89,
      242.08,       -0.85,
      242.55,       -0.81,
      243.03,       -0.81,
      243.51,       -0.85,
      243.99,       -0.87,
      244.47,       -0.94,
      244.99,       -0.89,
      245.47,       -0.86,
      245.95,       -0.87,
      246.43,       -0.87,
      246.91,       -0.90,
      247.42,       -0.87,
      247.90,       -0.83,
      248.38,       -0.84,
      248.90,       -0.82,
      249.38,       -0.80,
      249.90,       -0.78,
      250.38,       -0.80,
      250.86,       -0.81,
      251.34,       -0.78,
      251.86,       -0.76,
      252.34,       -0.79,
      252.81,       -0.76,
      253.33,       -0.76,
      253.81,       -0.76,
      254.29,       -0.78,
      254.77,       -0.77,
      255.29,       -0.77,
      255.73,       -0.81,
      256.25,       -0.85,
      256.73,       -0.88,
      257.25,       -1.01,
      257.76,       -1.21,
      258.24,       -1.57,
      258.72,       -1.96,
      259.20,       -2.36,
      259.68,       -2.62,
      260.20,       -2.63,
      260.68,       -2.61,
      261.20,       -2.64,
      261.68,       -2.68,
      262.16,       -2.69,
      262.63,       -2.64,
      263.11,       -2.64,
      263.59,       -2.66,
      264.11,       -2.67,
      264.59,       -2.65,
      265.11,       -2.65,
      265.63,       -2.66,
      266.11,       -2.63,
      266.63,       -2.62,
      267.11,       -2.60,
      267.58,       -2.60,
      268.06,       -2.59,
      268.58,       -2.57,
      269.06,       -2.54,
      269.58,       -2.48,
      270.06,       -2.45,
      270.50,       -2.43,
      271.02,       -2.47,
      271.50,       -2.50,
      271.98,       -2.47,
      272.49,       -2.47,
      272.97,       -2.47,
      273.53,       -2.47,
      274.01,       -2.48,
      274.53,       -2.47,
      275.01,       -2.40,
      275.49,       -2.38,
      275.97,       -2.35,
      276.49,       -2.34,
      277.01,       -2.34,
      277.48,       -2.34,
      277.96,       -2.36,
      278.40,       -2.32,
      278.92,       -2.30,
      279.40,       -2.30,
      279.92,       -2.31,
      280.40,       -2.32,
      280.96,       -2.30,
      281.44,       -2.24,
      281.96,       -2.19,
      282.43,       -2.19,
      282.91,       -2.21,
      283.39,       -2.19,
      283.91,       -2.15,
      284.39,       -2.15,
      284.91,       -2.13,
      285.39,       -2.15,
      285.87,       -2.16,
      286.35,       -2.16,
      286.83,       -2.14,
      287.35,       -2.14,
      287.82,       -2.15,
      288.30,       -2.13,
      288.86,       -2.13,
      289.34,       -2.12,
      289.86,       -2.15,
      290.38,       -2.19,
      290.86,       -2.21,
      291.34,       -2.19,
      291.86,       -2.21,
      292.34,       -2.18,
      292.81,       -2.17,
      293.33,       -2.15,
      293.81,       -2.14,
      294.29,       -2.15,
      294.81,       -2.20,
      295.29,       -2.20,
      295.81,       -2.15,
      296.33,       -2.11,
      296.85,       -2.05,
      297.37,       -2.05,
      297.88,       -2.12,
      298.36,       -2.08,
      298.88,       -2.08,
      299.36,       -2.06,
      299.84,       -2.00,
      300.32,       -1.94,
      300.84,       -1.92,
      301.32,       -1.90,
      301.80,       -1.90,
      302.28,       -1.87,
      302.79,       -1.84,
      303.27,       -1.83,
      303.75,       -1.78,
      304.27,       -1.72,
      304.79,       -1.70,
      305.31,       -1.68,
      305.83,       -1.69,
      306.31,       -1.67,
      306.83,       -1.64,
      307.27,       -1.63,
      307.74,       -1.63,
      308.26,       -1.62,
      308.78,       -1.60,
      309.26,       -1.61,
      309.74,       -1.60,
      310.22,       -1.60,
      310.70,       -1.57,
      311.22,       -1.55,
      311.70,       -1.51,
      312.22,       -1.47,
      312.73,       -1.44,
      313.25,       -1.45,
      313.77,       -1.42,
      314.25,       -1.40,
      314.73,       -1.38,
      315.21,       -1.35,
      315.69,       -1.33,
      316.21,       -1.30,
      316.73,       -1.29,
      317.21,       -1.27,
      317.68,       -1.26,
      318.16,       -1.26,
      318.64,       -1.25,
      319.16,       -1.25,
      319.64,       -1.20,
      320.16,       -1.17,
      320.68,       -1.18,
      321.20,       -1.25,
      321.72,       -1.27,
      322.20,       -1.25,
      322.67,       -1.31,
      323.15,       -1.33,
      323.63,       -1.37,
      324.15,       -1.38,
      324.67,       -1.38,
      325.19,       -1.36,
      325.67,       -1.33,
      326.15,       -1.31,
      326.63,       -1.26,
      327.15,       -1.22,
      327.62,       -1.16,
      328.14,       -1.18,
      328.66,       -1.16,
      329.18,       -1.13,
      329.70,       -1.11,
      330.18,       -1.08,
      330.70,       -1.07,
      331.18,       -1.09,
      331.66,       -1.08,
      332.18,       -1.07,
      332.65,       -1.05,
      333.17,       -0.98,
      333.65,       -0.96,
      334.13,       -0.91,
      334.65,       -0.88,
      335.13,       -0.85,
      335.61,       -0.85,
      336.13,       -0.85,
      336.65,       -0.83,
      337.17,       -0.78,
      337.68,       -0.76,
      338.20,       -0.74,
      338.68,       -0.72,
      339.16,       -0.66,
      339.64,       -0.64,
      340.12,       -0.59,
      340.64,       -0.58,
      341.12,       -0.56,
      341.64,       -0.51,
      342.12,       -0.45,
      342.59,       -0.44,
      343.07,       -0.46,
      343.55,       -0.48,
      344.07,       -0.47,
      344.59,       -0.42,
      345.11,       -0.39,
      345.63,       -0.36,
      346.15,       -0.35,
      346.63,       -0.33,
      347.11,       -0.29,
      347.58,       -0.29,
      348.10,       -0.29,
      348.62,       -0.30,
      349.10,       -0.28,
      349.62,       -0.25,
      350.10,       -0.21,
      350.58,       -0.24,
      351.06,       -0.27,
      351.54,       -0.27,
      352.06,       -0.27,
      352.57,       -0.28,
      353.09,       -0.27,
      353.61,       -0.28,
      354.13,       -0.33,
      354.61,       -0.38,
      355.09,       -0.42,
      355.57,       -0.42,
      356.09,       -0.43,
      356.61,       -0.53,
      357.09,       -0.55,
      357.56,       -0.63,
      358.04,       -0.72,
      358.56,       -0.84,
      359.04,       -0.86,
      359.48,       -0.90,
      360.00,       -0.92,
      360.52,       -0.88,
      361.08,       -0.85,
      361.56,       -0.85,
      362.08,       -0.84,
      362.59,       -0.80,
      363.07,       -0.83,
      363.55,       -0.83,
      364.03,       -0.81,
      364.55,       -0.84,
      365.03,       -0.82,
      365.55,       -0.86,
      366.03,       -0.87,
      366.51,       -0.86,
      366.99,       -0.85,
      367.46,       -0.84,
      367.98,       -0.81,
      368.50,       -0.83,
      369.02,       -0.83,
      369.54,       -0.83,
      370.06,       -0.83,
      370.54,       -0.83,
      371.02,       -0.83,
      371.50,       -0.82,
      372.02,       -0.80,
      372.49,       -0.81,
      373.01,       -0.79,
      373.49,       -0.75,
      373.97,       -0.76,
      374.45,       -0.76,
      374.93,       -0.68,
      375.41,       -0.76,
      375.93,       -0.73,
      376.45,       -0.72,
      376.97,       -0.71,
      377.48,       -0.67,
      378.00,       -0.68,
      378.48,       -0.64,
      378.96,       -0.64,
      379.44,       -0.64,
      379.96,       -0.63,
      380.44,       -0.61,
      380.96,       -0.63,
      381.44,       -0.62,
      381.92,       -0.59,
      382.40,       -0.57,
      382.87,       -0.59,
      383.39,       -0.61,
      383.87,       -0.61,
      384.39,       -0.64,
      384.91,       -0.64,
      385.43,       -0.62,
      385.95,       -0.66,
      386.47,       -0.65,
      386.95,       -0.67,
      387.43,       -0.69,
      387.90,       -0.72,
      388.42,       -0.81,
      388.90,       -0.82,
      389.38,       -0.96,
      389.86,       -1.19,
      390.34,       -1.35,
      390.86,       -1.55,
      391.34,       -1.64,
      391.86,       -1.69,
      392.38,       -1.80,
      392.85,       -1.77,
      393.41,       -1.82,
      393.89,       -1.84,
      394.41,       -1.86,
      394.89,       -1.86,
      395.37,       -1.86,
      395.85,       -1.85,
      396.37,       -1.84,
      396.85,       -1.82,
      397.37,       -1.77,
      397.80,       -1.80,
      398.32,       -1.80,
      398.80,       -1.81,
      399.28,       -1.84,
      399.80,       -1.83,
      400.32,       -1.84,
      400.80,       -1.84,
      401.36,       -1.77,
      401.84,       -1.78,
      402.36,       -1.79,
      402.83,       -1.78,
      403.27,       -1.75,
      403.79,       -1.70,
      404.27,       -1.67,
      404.79,       -1.64,
      405.27,       -1.64,
      405.75,       -1.68,
      406.23,       -1.68,
      406.71,       -1.67,
      407.19,       -1.67,
      407.70,       -1.64,
      408.22,       -1.67,
      408.74,       -1.68,
      409.26,       -1.66,
      409.78,       -1.64,
      410.26,       -1.64,
      410.74,       -1.62,
      411.18,       -1.58,
      411.70,       -1.55,
      412.18,       -1.51,
      412.69,       -1.51,
      413.17,       -1.51,
      413.65,       -1.47,
      414.13,       -1.46,
      414.61,       -1.46,
      415.13,       -1.45,
      415.61,       -1.44,
      416.13,       -1.39,
      416.65,       -1.39,
      417.17,       -1.42,
      417.68,       -1.42,
      418.20,       -1.43,
      418.64,       -1.39,
      419.12,       -1.39,
      419.64,       -1.38,
      420.12,       -1.33,
      420.64,       -1.33,
      421.16,       -1.33,
      421.64,       -1.32,
      422.12,       -1.29,
      422.59,       -1.29,
      423.07,       -1.31,
      423.59,       -1.29,
      424.11,       -1.26,
      424.63,       -1.25,
      425.15,       -1.22,
      425.67,       -1.22,
      426.15,       -1.20,
      426.67,       -1.22,
      427.11,       -1.21,
      427.66,       -1.17,
      428.10,       -1.15,
      428.62,       -1.13,
      429.14,       -1.12,
      429.62,       -1.13,
      430.10,       -1.11,
      430.58,       -1.07,
      431.06,       -1.05,
      431.58,       -1.05,
      432.10,       -1.03,
      432.61,       -0.99,
      433.13,       -0.98,
      433.65,       -0.94,
      434.17,       -0.92,
      434.65,       -0.90,
      435.13,       -0.89,
      435.61,       -0.85,
      436.13,       -0.85,
      436.65,       -0.85,
      437.13,       -0.85,
      437.60,       -0.85,
      438.08,       -0.85,
      438.56,       -0.85,
      439.04,       -0.85,
      439.56,       -0.86,
      440.04,       -0.87,
      440.60,       -0.88,
      441.08,       -0.88,
      441.60,       -0.88,
      442.12,       -0.85,
      442.59,       -0.85,
      443.07,       -0.83,
      443.55,       -0.81,
      444.07,       -0.80,
      444.59,       -0.76,
      445.07,       -0.78,
      445.55,       -0.74,
      446.03,       -0.69,
      446.51,       -0.68,
      446.99,       -0.63,
      447.50,       -0.67,
      448.02,       -0.64,
      448.50,       -0.59,
      449.02,       -0.66,
      449.54,       -0.59,
      450.06,       -0.60,
      450.54,       -0.56,
      451.02,       -0.53,
      451.50,       -0.52,
      452.02,       -0.49,
      452.49,       -0.42,
      453.01,       -0.40,
      453.49,       -0.33,
      453.97,       -0.29,
      454.45,       -0.24,
      454.93,       -0.18,
      455.41,       -0.17,
      455.93,       -0.15,
      456.45,       -0.11,
      456.97,       -0.09,
      457.49,       -0.05,
      457.96,       -0.01,
      458.48,        0.02,
      458.96,        0.06,
      459.44,        0.06,
      459.96,        0.10,
      460.44,        0.14,
      460.96,        0.19,
      461.44,        0.21,
      461.92,        0.24,
      462.44,        0.28,
      462.91,        0.32,
      463.39,        0.35,
      463.91,        0.39,
      464.43,        0.39,
      464.95,        0.42,
      465.47,        0.45,
      465.95,        0.45,
      466.47,        0.46,
      466.95,        0.47,
      467.43,        0.51,
      467.94,        0.54,
      468.46,        0.55,
      468.94,        0.55,
      469.42,        0.55,
      469.90,        0.54,
      470.42,        0.55,
      470.86,        0.55,
      471.38,        0.56,
      471.90,        0.55,
      472.42,        0.50,
      472.93,        0.44,
      473.45,        0.34,
      473.93,        0.28,
      474.41,        0.11,
      474.93,       -0.11,
      475.41,       -0.26,
      475.93,       -0.32,
      476.45,       -0.37,
      476.93,       -0.38,
      477.41,       -0.40,
      477.88,       -0.41,
      478.36,       -0.40,
      478.88,       -0.43,
      479.36,       -0.44,
      479.88,       -0.39,
      480.40,       -0.41,
      480.92,       -0.41,
      481.44,       -0.39,
      481.96,       -0.42,
      482.44,       -0.39,
      482.91,       -0.39,
      483.43,       -0.42,
      483.91,       -0.37,
      484.43,       -0.42,
      484.95,       -0.39,
      485.43,       -0.40,
      485.91,       -0.41,
      486.39,       -0.40,
      486.87,       -0.44,
      487.43,       -0.45,
      487.90,       -0.50,
      488.42,       -0.65,
      488.94,       -0.68,
      489.46,       -0.89,
      489.98,       -1.08,
      490.46,       -1.26,
      490.98,       -1.65,
      491.46,       -1.97,
      491.98,       -2.16,
      492.50,       -2.25,
      492.97,       -2.27,
      493.45,       -2.27,
      493.93,       -2.25,
      494.45,       -2.25,
      494.93,       -2.24,
      495.45,       -2.20,
      495.97,       -2.16,
      496.49,       -2.12,
      497.01,       -2.17,
      497.52,       -2.22,
      498.00,       -2.23,
      498.52,       -2.21,
      499.00,       -2.17,
      499.52,       -2.17,
      500.00,       -2.17,
      500.52,       -2.16,
      501.00,       -2.13,
      501.48,       -2.12,
      501.96,       -2.12,
      502.48,       -2.04,
      502.95,       -2.02,
      503.47,       -2.05,
      503.99,       -2.07,
      504.51,       -2.08,
      505.03,       -2.10,
      505.51,       -2.09,
      506.03,       -2.10,
      506.51,       -2.09,
      506.99,       -2.07,
      507.51,       -2.01,
      507.98,       -1.99,
      508.50,       -1.99,
      508.98,       -2.01,
      509.46,       -2.03,
      509.94,       -2.05,
      510.46,       -2.03,
      510.94,       -2.02,
      511.46,       -2.02,
      511.94,       -1.98,
      512.50,       -1.99,
      513.01,       -2.00,
      513.49,       -1.93,
      514.01,       -1.89,
      514.49,       -1.87,
      514.97,       -1.90,
      515.45,       -1.90,
      515.97,       -1.87,
      516.49,       -1.88,
      516.97,       -1.88,
      517.45,       -1.90,
      517.92,       -1.92,
      518.44,       -1.90,
      518.92,       -1.89,
      519.44,       -1.91,
      519.92,       -1.88,
      520.48,       -1.86,
      521.00,       -1.85,
      521.52,       -1.82,
      522.00,       -1.86,
      522.48,       -1.85,
      522.95,       -1.86,
      523.47,       -1.86,
      523.95,       -1.84,
      524.47,       -1.81,
      524.95,       -1.81,
      525.39,       -1.79,
      525.87,       -1.77,
      526.35,       -1.73,
      526.83,       -1.72,
      527.35,       -1.71,
      527.86,       -1.66,
      528.38,       -1.65,
      528.90,       -1.68,
      529.42,       -1.64,
      529.94,       -1.64,
      530.42,       -1.62,
      530.90,       -1.64,
      531.38,       -1.60,
      531.90,       -1.56,
      532.42,       -1.53,
      532.89,       -1.51,
      533.41,       -1.47,
      533.89,       -1.39,
      534.37,       -1.37,
      534.85,       -1.38,
      535.37,       -1.38,
      535.89,       -1.36,
      536.41,       -1.36,
      536.93,       -1.38,
      537.45,       -1.34,
      537.92,       -1.36,
      538.44,       -1.37,
      538.92,       -1.30,
      539.40,       -1.29,
      539.88,       -1.27,
      540.40,       -1.25,
      540.92,       -1.27,
      541.40,       -1.24,
      541.88,       -1.24,
      542.36,       -1.24,
      542.87,       -1.16,
      543.35,       -1.14,
      543.87,       -0.62,
      544.39,       -1.08,
      544.91,       -1.08,
      545.43,       -1.03,
      545.95,       -1.01,
      546.43,       -1.00,
      546.91,       -0.98,
      547.39,       -0.96,
      547.90,       -0.94,
      548.42,       -0.94,
      548.90,       -0.94,
      549.38,       -0.98,
      549.86,       -1.00,
      550.34,       -0.99,
      550.86,       -0.98,
      551.34,       -0.96,
      551.86,       -0.92,
      552.38,       -0.93,
      552.89,       -0.93,
      553.41,       -0.87,
      553.89,       -0.83,
      554.41,       -0.83,
      554.85,       -0.82,
      555.37,       -0.83,
      555.85,       -0.81,
      556.37,       -0.80,
      556.89,       -0.85,
      557.37,       -0.78,
      557.84,       -0.78,
      558.32,       -0.77,
      558.80,       -0.73,
      559.32,       -0.76,
      559.84,       -0.76,
      560.32,       -0.75,
      560.84,       -0.76,
      561.36,       -0.72,
      561.88,       -0.72,
      562.36,       -0.73,
      562.83,       -0.72,
      563.31,       -0.72,
      563.83,       -0.70,
      564.31,       -0.68,
      564.83,       -0.68,
      565.31,       -0.73,
      565.79,       -0.76,
      566.31,       -0.85,
      566.79,       -0.98,
      567.27,       -1.19,
      567.74,       -1.53,
      568.26,       -1.86,
      568.78,       -2.09,
      569.30,       -2.30,
      569.82,       -2.32,
      570.30,       -2.46,
      570.78,       -2.57,
      571.26,       -2.56,
      571.74,       -2.53,
      572.26,       -2.47,
      572.73,       -2.42,
      573.25,       -2.34,
      573.73,       -2.30,
      574.21,       -2.26,
      574.69,       -2.23,
      575.17,       -2.17,
      575.69,       -2.12,
      576.21,       -2.07,
      576.73,       -2.07,
      577.25,       -1.99,
      577.72,       -1.93,
      578.20,       -1.89,
      578.68,       -1.82,
      579.16,       -1.77,
      579.68,       -1.68,
      580.16,       -1.69,
      580.68,       -1.73,
      581.16,       -1.71,
      581.64,       -1.68,
      582.16,       -1.61,
      582.59,       -1.58,
      583.11,       -1.56,
      583.63,       -1.49,
      584.15,       -1.45,
      584.67,       -1.42,
      585.19,       -1.36,
      585.71,       -1.28,
      586.19,       -1.26,
      586.67,       -1.25,
      587.15,       -1.26,
      587.62,       -1.19,
      588.14,       -1.16,
      588.62,       -1.11,
      589.14,       -1.04,
      589.62,       -1.01,
      590.10,       -0.97,
      590.58,       -0.94,
      591.06,       -0.90,
      591.58,       -0.85,
      592.10,       -0.79,
      592.61,       -0.76,
      593.13,       -0.75,
      593.65,       -0.66,
      594.13,       -0.62,
      594.61,       -0.57,
      595.09,       -0.51,
      595.57,       -0.46,
      596.09,       -0.38,
      596.61,       -0.35,
      597.09,       -0.34,
      597.53,       -0.33,
      598.04,       -0.28,
      598.52,       -0.24,
      599.00,       -0.25,
      599.52,       -0.21,
      600.04,       -0.18,
      600.56,       -0.15,
      601.08,       -0.12,
      601.60,       -0.11,
      602.08,       -0.07,
      602.56,       -0.06,
      603.03,       -0.02,
      603.55,       -0.00,
      604.03,        0.06,
      604.55,        0.09,
      604.99,        0.10,
      605.47,        0.10,
      605.99,        0.11,
      606.47,        0.12,
      606.95,        0.12,
      607.47,        0.13,
      607.98,        0.19,
      608.50,        0.22,
      609.02,        0.24,
      609.54,        0.25,
      610.02,        0.27,
      610.50,        0.26,
      610.98,        0.30,
      611.50,        0.35,
      611.98,        0.37,
      612.46,        0.36,
      612.97,        0.37,
      613.45,        0.37,
      613.93,        0.35,
      614.41,        0.25,
      614.93,        0.24,
      615.41,        0.20,
      615.93,        0.11,
      616.45,        0.10,
      616.97,        0.04,
      617.49,        0.02,
      617.96,        0.00,
      618.44,       -0.04,
      618.96,       -0.04,
      619.40,       -0.08,
      619.92,       -0.08,
      620.40,       -0.07,
      620.92,       -0.14,
      621.40,       -0.20,
      621.88,       -0.20,
      622.36,       -0.22,
      622.87,       -0.24,
      623.35,       -0.20,
      623.87,       -0.20,
      624.39,       -0.20,
      624.91,       -0.20,
      625.43,       -0.15,
      625.95,       -0.11,
      626.43,       -0.07,
      626.87,       -0.05,
      627.35,       -0.05,
      627.86,       -0.05,
      628.34,       -0.06,
      628.86,       -0.07,
      629.34,       -0.06,
      629.82,       -0.02,
      630.30,        0.02,
      630.82,        0.04,
      631.34,        0.08,
      631.82,        0.13,
      632.34,        0.24,
      632.89,        0.20,
      633.41,        0.27,
      633.89,        0.24,
      634.37,        0.22,
      634.85,        0.21,
      635.33,        0.24,
      635.85,        0.26,
      636.33,        0.33,
      636.85,        0.35,
      637.33,        0.38,
      637.84,        0.41,
      638.32,        0.42,
      638.80,        0.45,
      639.32,        0.47,
      639.84,        0.50,
      640.36,        0.51,
      640.88,        0.50,
      641.40,        0.55,
      641.88,        0.55,
      642.36,        0.51,
      642.83,        0.52,
      643.31,        0.41,
      643.83,        0.15,
      644.35,       -0.19,
      644.83,       -0.60,
      645.31,       -0.94,
      645.83,       -1.28,
      646.31,       -1.60,
      646.79,       -1.95,
      647.31,       -2.34,
      647.82,       -2.76,
      648.38,       -3.06,
      648.90,       -3.10,
      649.38,       -3.10,
      649.90,       -3.12,
      650.38,       -3.14,
      650.86,       -3.16,
      651.34,       -3.14,
      651.86,       -3.13,
      652.38,       -3.21,
      652.85,       -3.23,
      653.37,       -3.23,
      653.85,       -3.22,
      654.33,       -3.22,
      654.81,       -3.22,
      655.33,       -3.21,
      655.85,       -3.24,
      656.37,       -3.27,
      656.89,       -3.28,
      657.41,       -3.25,
      657.88,       -3.21,
      658.40,       -3.22,
      658.88,       -3.23,
      659.36,       -3.17,
      659.84,       -3.17,
      660.36,       -3.22,
      660.88,       -3.21,
      661.36,       -3.21,
      661.84,       -3.17,
      662.32,       -3.15,
      662.83,       -3.15,
      663.35,       -3.15,
      663.87,       -3.17,
      664.35,       -3.17,
      664.87,       -3.13,
      665.39,       -3.11,
      665.91,       -3.09,
      666.39,       -3.03,
      666.87,       -2.99,
      667.35,       -3.00,
      667.86,       -2.96,
      668.38,       -2.91,
      668.90,       -2.86,
      669.38,       -2.86,
      669.86,       -2.93,
      670.34,       -2.94,
      670.82,       -2.94,
      671.34,       -2.92,
      671.86,       -2.89,
      672.38,       -2.87,
      672.89,       -2.88,
      673.41,       -2.87,
      673.93,       -2.82,
      674.41,       -2.79,
      674.89,       -2.76,
      675.37,       -2.74,
      675.89,       -2.69,
      676.41,       -2.64,
      676.89,       -2.62,
      677.41,       -2.60,
      677.88,       -2.55,
      678.36,       -2.55,
      678.84,       -2.54,
      679.32,       -2.49,
      679.84,       -2.49,
      680.40,       -2.48,
      680.92,       -2.46,
      681.44,       -2.43,
      681.92,       -2.41,
      682.44,       -2.37,
      682.91,       -2.34,
      683.39,       -2.34,
      683.87,       -2.34,
      684.39,       -2.29,
      684.91,       -2.27,
      685.39,       -2.29,
      685.87,       -2.29,
      686.35,       -2.26,
      686.83,       -2.24,
      687.35,       -2.17,
      687.86,       -2.16,
      688.38,       -2.12,
      688.90,       -2.09,
      689.42,       -2.12,
      689.94,       -2.10,
      690.46,       -2.08,
      690.94,       -2.06,
      691.42,       -2.05,
      691.94,       -2.02,
      692.42,       -2.00,
      692.93,       -2.00,
      693.45,       -2.03,
      693.93,       -2.05,
      694.37,       -2.02,
      694.85,       -2.03,
      695.37,       -2.02,
      695.93,       -1.96,
      696.45,       -1.91,
      696.97,       -1.90,
      697.49,       -1.88,
      698.00,       -1.86,
      698.52,       -1.82,
      699.00,       -1.83,
      699.48,       -1.82,
      699.96,       -1.83,
      700.48,       -1.81,
      701.00,       -1.76,
      701.48,       -1.70,
      701.96,       -1.67,
      702.44,       -1.64,
      702.91,       -1.66,
      703.43,       -1.63,
      703.95,       -1.60,
      704.47,       -1.59,
      704.99,       -1.57,
      705.51,       -1.55,
      706.03,       -1.55,
      706.55,       -1.50,
      707.03,       -1.45,
      707.51,       -1.44,
      708.06,       -1.40,
      708.58,       -1.38,
      709.06,       -1.34,
      709.54,       -1.29,
      710.02,       -1.29,
      710.50,       -1.22,
      710.98,       -1.20,
      711.50,       -1.19,
      712.02,       -1.12,
      712.54,       -1.15,
      713.05,       -1.12,
      713.57,       -1.08,
      714.09,       -1.06,
      714.57,       -0.92,
      715.05,       -0.93,
      715.57,       -0.87,
      716.05,       -0.82,
      716.57,       -0.78,
      717.05,       -0.74,
      717.53,       -0.69,
      718.00,       -0.62,
      718.48,       -0.59,
      719.00,       -0.59,
      719.52,       -0.59,
      720.04,       -0.58,
      720.56,       -0.60,
      721.08,       -0.57,
      721.60,       -0.55,
      722.12,       -0.56,
      722.60,       -0.55,
      723.07,       -0.51,
      723.59,       -0.52,
      724.07,       -0.59,
      724.59,       -0.70,
      725.07,       -0.74,
      725.55,       -0.75,
      726.03,       -0.78,
      726.55,       -0.78,
      727.03,       -0.80,
      727.55,       -0.79,
      728.06,       -0.77,
      728.58,       -0.72,
      729.10,       -0.68,
      729.62,       -0.65,
      730.10,       -0.66,
      730.58,       -0.63,
      731.10,       -0.56,
      731.58,       -0.50,
      732.10,       -0.44,
      732.58,       -0.42,
      733.05,       -0.42,
      733.53,       -0.38,
      734.01,       -0.32,
      734.53,       -0.24,
      735.01,       -0.20,
      735.53,       -0.09,
      736.05,       -0.18,
      736.57,       -0.16,
      737.13,       -0.10,
      737.57,       -0.11,
      738.04,       -0.13,
      738.52,       -0.12,
      739.00,       -0.32,
      739.52,       -0.37,
      740.00,       -0.67,
      740.52,       -1.07,
      741.00,       -1.33,
      741.48,       -1.66,
      741.96,       -1.98,
      742.44,       -2.34,
      742.91,       -2.73,
      743.47,       -2.98,
      743.99,       -2.99,
      744.47,       -2.98,
      744.99,       -2.98,
      745.51,       -2.97,
      745.99,       -2.95,
      746.47,       -2.93,
      746.95,       -2.93,
      747.47,       -2.91,
      747.94,       -2.88,
      748.46,       -2.86,
      748.94,       -2.79,
      749.42,       -2.78,
      749.90,       -2.78,
      750.42,       -2.72,
      750.90,       -2.62,
      751.42,       -2.64,
      751.98,       -2.56,
      752.50,       -2.57,
      753.01,       -2.56,
      753.53,       -2.51,
      753.97,       -2.56,
      754.45,       -2.58,
      754.93,       -2.56,
      755.45,       -2.61,
      755.97,       -2.56,
      756.45,       -2.59,
      756.97,       -2.64,
      757.45,       -2.60,
      757.92,       -2.68,
      758.40,       -2.64,
      758.92,       -2.57,
      759.44,       -2.66,
      759.96,       -2.62,
      760.48,       -2.57,
      761.00,       -2.62,
      761.48,       -2.56,
      762.00,       -2.63,
      762.48,       -2.72,
      762.95,       -2.59,
      763.47,       -2.64,
      763.95,       -2.63,
      764.47,       -2.57,
      764.95,       -2.67,
      765.43,       -2.64,
      765.95,       -2.60,
      766.43,       -2.69,
      766.91,       -2.60,
      767.43,       -2.61,
      767.94,       -2.62,
      768.46,       -2.52,
      768.98,       -2.59,
      769.50,       -2.60,
      769.98,       -2.52,
      770.46,       -2.60,
      770.98,       -2.54,
      771.46,       -2.51,
      771.98,       -2.51,
      772.46,       -2.45,
      772.97,       -2.46,
      773.45,       -2.52,
      773.93,       -2.47,
      774.41,       -2.51,
      774.89,       -2.51,
      775.41,       -2.45,
      775.97,       -2.47,
      776.45,       -2.43,
      776.97,       -2.38,
      777.49,       -2.43,
      777.96,       -2.37,
      778.44,       -2.35,
      778.92,       -2.35,
      779.44,       -2.22,
      779.96,       -2.19,
      780.44,       -2.19,
      780.96,       -2.14,
      781.44,       -2.12,
      781.92,       -2.10,
      782.40,       -2.08,
      782.91,       -2.11,
      783.43,       -2.05,
      783.91,       -2.00,
      784.43,       -1.99,
      784.95,       -1.92,
      785.47,       -1.95,
      785.99,       -1.94,
      786.47,       -1.88,
      786.95,       -1.94,
      787.43,       -1.94,
      787.94,       -1.90,
      788.46,       -1.87,
      788.94,       -1.84,
      789.42,       -1.82,
      789.90,       -1.81,
      790.38,       -1.78,
      790.86,       -1.79,
      791.38,       -1.77,
      791.90,       -1.74,
      792.42,       -1.77,
      792.93,       -1.77,
      793.45,       -1.72,
      793.93,       -1.73,
      794.41,       -1.69,
      794.89,       -1.71,
      795.37,       -1.70,
      795.89,       -1.64,
      796.41,       -1.60,
      796.89,       -1.50,
      797.37,       -1.48,
      797.84,       -1.53,
      798.36,       -1.50,
      798.80,       -1.46,
      799.32,       -1.45,
      799.84,       -1.38,
      800.36,       -1.35,
      800.92,       -1.26,
      801.44,       -1.19,
      801.92,       -1.16,
      802.40,       -1.13,
      802.87,       -1.11,
      803.39,       -1.07,
      803.87,       -1.06,
      804.39,       -1.07,
      804.91,       -1.04,
      805.39,       -0.98,
      805.87,       -0.96,
      806.35,       -0.92,
      806.83,       -0.91,
      807.35,       -0.88,
      807.86,       -0.81,
      808.38,       -0.76,
      808.90,       -0.73,
      809.42,       -0.72,
      809.90,       -0.72,
      810.38,       -0.73,
      810.86,       -0.72,
      811.34,       -0.72,
      811.82,       -0.76,
      812.34,       -0.75,
      812.81,       -0.77,
      813.33,       -0.79,
      813.77,       -0.78,
      814.25,       -0.80,
      814.73,       -0.76,
      815.29,       -0.71,
      815.85,       -0.72,
      816.33,       -0.76,
      816.85,       -0.79,
      817.37,       -0.81,
      817.84,       -0.82,
      818.32,       -0.81,
      818.80,       -0.84,
      819.28,       -0.85,
      819.76,       -0.87,
      820.28,       -0.93,
      820.80,       -0.93,
      821.24,       -0.94,
      821.72,       -0.97,
      822.24,       -0.92,
      822.71,       -0.87,
      823.23,       -0.76,
      823.75,       -0.85,
      824.23,       -0.84,
      824.79,       -0.85,
      825.27,       -0.81,
      825.79,       -0.78,
      826.23,       -0.74,
      826.71,       -0.68,
      827.23,       -0.62,
      827.70,       -0.59,
      828.18,       -0.59,
      828.66,       -0.58,
      829.14,       -0.51,
      829.66,       -0.49,
      830.14,       -0.42,
      830.62,       -0.42,
      831.14,       -0.42,
      831.66,       -0.40,
      832.18,       -0.34,
      832.70,       -0.32,
      833.17,       -0.31,
      833.69,       -0.30,
      834.13,       -0.32,
      834.65,       -0.29,
      835.13,       -0.28,
      835.61,       -0.26,
      836.09,       -0.20,
      836.57,       -0.15,
      837.09,       -0.09,
      837.57,       -0.07,
      838.08,       -0.04,
      838.56,       -0.05,
      839.04,       -0.07,
      839.56,       -0.07,
      840.08,       -0.06,
      840.60,       -0.05,
      841.12,       -0.11,
      841.60,       -0.19,
      842.08,       -0.33,
      842.56,       -0.62,
      843.03,       -0.94,
      843.51,       -1.30,
      843.99,       -1.74,
      844.51,       -2.16,
      844.99,       -2.59,
      845.47,       -2.95,
      845.99,       -2.90,
      846.47,       -2.90,
      846.99,       -2.89,
      847.47,       -2.95,
      848.02,       -2.99,
      848.50,       -3.06,
      849.02,       -3.14,
      849.50,       -3.28,
      849.98,       -3.34,
      850.46,       -3.43,
      850.94,       -3.59,
      851.42,       -3.61,
      851.94,       -3.66,
      852.42,       -3.77,
      852.93,       -3.79,
      853.41,       -3.87,
      853.89,       -3.91,
      854.37,       -3.93,
      854.85,       -3.94,
      855.37,       -3.97,
      855.93,       -3.98,
      856.45,       -3.94,
      856.93,       -3.91,
      857.45,       -3.91,
      857.88,       -3.92,
      858.36,       -3.87,
      858.88,       -3.87,
      859.36,       -3.78,
      859.84,       -3.77,
      860.36,       -3.77,
      860.84,       -3.73,
      861.32,       -3.73,
      861.84,       -3.73,
      862.32,       -3.69,
      862.79,       -3.69,
      863.31,       -3.61,
      863.83,       -3.58,
      864.35,       -3.59,
      864.87,       -3.58,
      865.35,       -3.55,
      865.83,       -3.53,
      866.35,       -3.51,
      866.83,       -3.49,
      867.31,       -3.47,
      867.82,       -3.39,
      868.30,       -3.38,
      868.82,       -3.33,
      869.30,       -3.26,
      869.82,       -3.25,
      870.30,       -3.22,
      870.78,       -3.19,
      871.30,       -3.13,
      871.86,       -3.10,
      872.34,       -3.09,
      872.85,       -3.08,
      873.37,       -3.02,
      873.85,       -3.00,
      874.33,       -3.01,
      874.81,       -2.95,
      875.33,       -2.92,
      875.81,       -2.86,
      876.33,       -2.80,
      876.81,       -2.77,
      877.29,       -2.71,
      877.80,       -2.68,
      878.28,       -2.69,
      878.76,       -2.59,
      879.32,       -2.52,
      879.84,       -2.51,
      880.32,       -2.44,
      880.84,       -2.45,
      881.36,       -2.45,
      881.84,       -2.39,
      882.32,       -2.40,
      882.79,       -2.39,
      883.31,       -2.35,
      883.79,       -2.38,
      884.31,       -2.34,
      884.79,       -2.33,
      885.27,       -2.32,
      885.75,       -2.23,
      886.23,       -2.23,
      886.75,       -2.27,
      887.27,       -2.25,
      887.74,       -2.30,
      888.26,       -2.25,
      888.78,       -2.20,
      889.26,       -2.25,
      889.74,       -2.26,
      890.22,       -2.24,
      890.70,       -2.25,
      891.18,       -2.18,
      891.66,       -2.20,
      892.18,       -2.12,
      892.66,       -2.07,
      893.13,       -2.10,
      893.61,       -2.06,
      894.09,       -2.03,
      894.61,       -2.01,
      895.09,       -1.90,
      895.61,       -1.90,
      896.09,       -1.85,
      896.65,       -1.77,
      897.13,       -1.76,
      897.65,       -1.68,
      898.08,       -1.66,
      898.56,       -1.70,
      899.08,       -1.62,
      899.60,       -1.64,
      900.08,       -1.56,
      900.60,       -1.53,
      901.08,       -1.51,
      901.56,       -1.43,
      902.04,       -1.41,
      902.52,       -1.40,
      902.99,       -1.35,
      903.55,       -1.36,
      904.03,       -1.31,
      904.59,       -1.32,
      905.11,       -1.32,
      905.59,       -1.27,
      906.07,       -1.26,
      906.59,       -1.20,
      907.07,       -1.20,
      907.55,       -1.23,
      908.06,       -1.25,
      908.58,       -1.31,
      909.06,       -1.31,
      909.54,       -1.31,
      910.02,       -1.38,
      910.50,       -1.37,
      911.02,       -1.39,
      911.54,       -1.42,
      912.06,       -1.40,
      912.58,       -1.42,
      913.09,       -1.41,
      913.57,       -1.40,
      914.05,       -1.44,
      914.53,       -1.44,
      915.01,       -1.42,
      915.49,       -1.45,
      916.01,       -1.47,
      916.49,       -1.49,
      917.01,       -1.51,
      917.45,       -1.56,
      917.96,       -1.64,
      918.44,       -1.77,
      918.96,       -1.84,
      919.48,       -1.89,
      919.96,       -1.91,
      920.52,       -2.00,
      921.04,       -2.01,
      921.52,       -2.04,
      922.00,       -2.11,
      922.48,       -2.12,
      922.95,       -2.29,
      923.47,       -2.50,
      923.95,       -2.74,
      924.47,       -3.08,
      924.91,       -3.44,
      925.43,       -3.82,
      925.91,       -4.18,
      926.39,       -4.42,
      926.91,       -4.47,
      927.43,       -4.52,
      927.94,       -4.51,
      928.46,       -4.54,
      928.98,       -4.61,
      929.46,       -4.61,
      929.94,       -4.62,
      930.42,       -4.61,
      930.90,       -4.61,
      931.42,       -4.61,
      931.90,       -4.62,
      932.42,       -4.61,
      932.89,       -4.58,
      933.37,       -4.58,
      933.89,       -4.49,
      934.37,       -4.51,
      934.89,       -4.56,
      935.41,       -4.57,
      935.93,       -4.60,
      936.45,       -4.61,
      936.97,       -4.62,
      937.49,       -4.61,
      937.92,       -4.61,
      938.40,       -4.61,
      938.92,       -4.63,
      939.40,       -4.62,
      939.92,       -4.63,
      940.40,       -4.61,
      940.88,       -4.58,
      941.36,       -4.58,
      941.88,       -4.57,
      942.36,       -4.57,
      942.87,       -4.60,
      943.39,       -4.61,
      943.87,       -4.59,
      944.43,       -4.57,
      944.95,       -4.59,
      945.43,       -4.57,
      945.91,       -4.58,
      946.39,       -4.59,
      946.87,       -4.57,
      947.39,       -4.58,
      947.86,       -4.57,
      948.38,       -4.52,
      948.86,       -4.52,
      949.34,       -4.48,
      949.82,       -4.48,
      950.30,       -4.47,
      950.82,       -4.43,
      951.34,       -4.43,
      951.86,       -4.35,
      952.38,       -4.33,
      952.89,       -4.32,
      953.37,       -4.35,
      953.89,       -4.33,
      954.33,       -4.28,
      954.81,       -4.26,
      955.33,       -4.24,
      955.85,       -4.20,
      956.33,       -4.14,
      956.81,       -4.13,
      957.29,       -4.08,
      957.80,       -4.04,
      958.28,       -4.05,
      958.80,       -4.00,
      959.32,       -3.97,
      959.84,       -3.96,
      960.36,       -3.93,
      960.88,       -3.91,
      961.40,       -3.89,
      961.88,       -3.83,
      962.36,       -3.80,
      962.87,       -3.82,
      963.35,       -3.83,
      963.87,       -3.82,
      964.39,       -3.81,
      964.87,       -3.75,
      965.35,       -3.74,
      965.87,       -3.69,
      966.35,       -3.61,
      966.87,       -3.59,
      967.39,       -3.59,
      967.90,       -3.52,
      968.46,       -3.50,
      968.98,       -3.49,
      969.46,       -3.45,
      969.98,       -3.42,
      970.46,       -3.39,
      970.98,       -3.34,
      971.46,       -3.33,
      971.98,       -3.30,
      972.50,       -3.27,
      972.97,       -3.26,
      973.49,       -3.18,
      973.97,       -3.14,
      974.45,       -3.09,
      975.01,       -3.08,
      975.53,       -3.07,
      976.05,       -3.04,
      976.57,       -3.00,
      977.05,       -3.00,
      977.57,       -2.95,
      978.08,       -2.90,
      978.60,       -2.87,
      979.08,       -2.82,
      979.60,       -2.76,
      980.08,       -2.69,
      980.60,       -2.64,
      981.08,       -2.61,
      981.60,       -2.57,
      982.08,       -2.52,
      982.56,       -2.51,
      983.07,       -2.43,
      983.59,       -2.37,
      984.11,       -2.33,
      984.63,       -2.32,
      985.15,       -2.04,
      985.67,       -2.29,
      986.19,       -2.25,
      986.67,       -2.21,
      987.19,       -2.22,
      987.67,       -2.19,
      988.18,       -2.16,
      988.66,       -2.12,
      989.18,       -2.08,
      989.66,       -2.07,
      990.14,       -2.07,
      990.66,       -2.06,
      991.18,       -2.03,
      991.70,       -1.99,
      992.18,       -1.97,
      992.70,       -2.00,
      993.21,       -1.99,
      993.73,       -2.03,
      994.21,       -2.14,
      994.69,       -2.17,
      995.21,       -2.23,
      995.69,       -2.26,
      996.21,       -2.29,
      996.69,       -2.29,
      997.17,       -2.29,
      997.69,       -2.28,
      998.16,       -2.28,
      998.64,       -2.24,
      999.16,       -2.19,
      999.68,       -2.18,
     1000.20,       -2.17,
     1000.72,       -2.13,
     1001.24,       -2.08,
     1001.76,       -2.01,
     1002.24,       -1.96,
     1002.72,       -1.90,
     1003.23,       -1.81,
     1003.75,       -1.80,
     1004.23,       -1.77,
     1004.75,       -1.73,
     1005.23,       -1.68,
     1005.71,       -1.63,
     1006.19,       -1.60,
     1006.71,       -1.57,
     1007.23,       -1.52,
     1007.75,       -1.47,
     1008.26,       -1.43,
     1008.78,       -1.42,
     1009.30,       -1.34,
     1009.82,       -1.31,
     1010.30,       -1.25,
     1010.78,       -1.22,
     1011.30,       -1.20,
     1011.82,       -1.18,
     1012.34,       -1.16,
     1012.81,       -1.14,
     1013.29,       -1.08,
     1013.77,       -1.08,
     1014.29,       -1.07,
     1014.77,       -1.11,
     1015.29,       -1.11,
     1015.85,       -1.07,
     1016.37,       -1.06,
     1016.89,       -1.10,
     1017.41,       -1.14,
     1017.88,       -1.16,
     1018.40,       -1.23,
     1018.88,       -1.35,
     1019.40,       -1.41,
     1019.92,       -1.46,
     1020.40,       -1.45,
     1020.92,       -1.44,
     1021.40,       -1.43,
     1021.88,       -1.47,
     1022.36,       -1.40,
     1022.87,       -1.40,
     1023.39,       -1.35,
     1023.95,       -1.33,
     1024.47,       -1.30,
     1024.99,       -1.25,
     1025.51,       -1.25,
     1025.99,       -1.20,
     1026.47,       -1.15,
     1026.99,       -1.16,
     1027.51,       -1.09,
     1027.98,       -1.07,
     1028.50,       -1.07,
     1028.98,       -1.04,
     1029.46,       -1.05,
     1029.94,       -0.98,
     1030.42,       -0.93,
     1030.94,       -0.94,
     1031.50,       -0.93,
     1032.02,       -0.92,
     1032.54,       -0.91,
     1033.05,       -0.85,
     1033.53,       -0.84,
     1034.01,       -0.84,
     1034.53,       -0.86,
     1035.01,       -0.86,
     1035.53,       -0.97,
     1036.05,       -1.01,
     1036.53,       -1.08,
     1036.97,       -1.15,
     1037.49,       -1.13,
     1037.96,       -1.12,
     1038.48,       -1.06,
     1039.00,       -1.01,
     1039.52,       -0.98,
     1040.04,       -0.95,
     1040.56,       -0.92,
     1041.08,       -0.87,
     1041.60,       -0.86,
     1042.08,       -0.78,
     1042.56,       -0.74,
     1043.07,       -0.73,
     1043.59,       -0.74,
     1044.07,       -0.71,
     1044.55,       -0.68,
     1045.03,       -0.63,
     1045.51,       -0.59,
     1045.99,       -0.56,
     1046.51,       -0.51,
     1047.03,       -0.46,
     1047.55,       -0.38,
     1048.06,       -0.39,
     1048.58,       -0.33,
     1049.06,       -0.30,
     1049.58,       -0.28,
     1050.06,       -0.23,
     1050.54,       -0.21,
     1051.02,       -0.20,
     1051.54,       -0.15,
     1052.02,       -0.15,
     1052.50,       -0.15,
     1052.97,       -0.27,
     1053.45,       -0.38,
     1053.93,       -0.48,
     1054.45,       -0.58,
     1054.93,       -0.63,
     1055.49,       -0.62,
     1056.01,       -0.61,
     1056.53,       -0.59,
     1057.05,       -0.57,
     1057.53,       -0.52,
     1058.00,       -0.46,
     1058.48,       -0.49,
     1059.00,       -0.46,
     1059.48,       -0.42,
     1060.00,       -0.40,
     1060.48,       -0.33,
     1060.96,       -0.25,
     1061.44,       -0.26,
     1061.96,       -0.21,
     1062.44,       -0.20,
     1062.95,       -0.17,
     1063.51,       -0.11,
     1063.99,       -0.05,
     1064.51,        0.02,
     1065.03,        0.05,
     1065.55,        0.05,
     1066.03,        0.11,
     1066.51,        0.15,
     1066.99,        0.19,
     1067.51,        0.24,
     1068.02,        0.25,
     1068.54,        0.34,
     1069.02,        0.36,
     1069.50,        0.36,
     1069.98,        0.41,
     1070.50,        0.45,
     1071.02,        0.47,
     1071.58,        0.46,
     1072.10,        0.55,
     1072.62,        0.59,
     1073.13,        0.63,
     1073.61,        0.65,
     1074.09,        0.67,
     1074.61,        0.67,
     1075.09,        0.65,
     1075.61,        0.68,
     1076.13,        0.65,
     1076.61,        0.62,
     1077.09,        0.46,
     1077.57,        0.20,
     1078.04,       -0.10,
     1078.56,       -0.53,
     1079.08,       -0.95,
     1079.60,       -1.42,
     1080.12,       -1.78,
     1080.64,       -1.96,
     1081.16,       -2.09,
     1081.64,       -2.16,
     1082.08,       -2.25,
     1082.56,       -2.32,
     1083.03,       -2.36,
     1083.55,       -2.34,
     1084.03,       -2.31,
     1084.51,       -2.36,
     1084.99,       -2.36,
     1085.47,       -2.42,
     1085.99,       -2.43,
     1086.47,       -2.43,
     1086.99,       -2.44,
     1087.51,       -2.46,
     1088.02,       -2.45,
     1088.54,       -2.46,
     1089.06,       -2.45,
     1089.54,       -2.50,
     1090.02,       -2.52,
     1090.50,       -2.51,
     1091.02,       -2.50,
     1091.50,       -2.52,
     1092.02,       -2.54,
     1092.50,       -2.57,
     1092.97,       -2.59,
     1093.45,       -2.62,
     1093.97,       -2.69,
     1094.45,       -2.73,
     1094.97,       -2.79,
     1095.49,       -2.86,
     1096.01,       -2.91,
     1096.53,       -2.94,
     1097.01,       -2.95,
     1097.49,       -2.93,
     1098.00,       -2.95,
     1098.48,       -3.00,
     1099.00,       -3.03,
     1099.48,       -3.03,
     1100.00,       -3.05,
     1100.48,       -3.07,
     1100.96,       -3.08,
     1101.44,       -3.10,
     1101.92,       -3.19,
     1102.44,       -3.23,
     1102.95,       -3.33,
     1103.47,       -3.41,
     1103.99,       -3.42,
     1104.47,       -3.47,
     1104.99,       -3.66,
     1105.51,       -3.56,
     1105.99,       -3.70,
     1106.47,       -3.80,
     1106.99,       -3.85,
     1107.51,       -4.02,
     1107.98,       -4.17,
     1108.46,       -4.32,
     1108.94,       -4.57,
     1109.42,       -4.70,
     1109.90,       -4.87,
     1110.42,       -5.18,
     1110.94,       -5.44,
     1111.46,       -5.62,
     1111.98,       -5.91,
     1112.46,       -6.06,
     1112.97,       -6.23,
     1113.45,       -6.47,
     1113.93,       -6.57,
     1114.41,       -6.62,
     1114.93,       -6.64,
     1115.45,       -6.65,
     1115.93,       -6.64,
     1116.41,       -6.60,
     1116.89,       -6.59,
     1117.37,       -6.58,
     1117.84,       -6.53,
     1118.36,       -6.54,
     1118.84,       -6.47,
     1119.36,       -6.40,
     1119.88,       -6.36,
     1120.40,       -6.27,
     1120.88,       -6.18,
     1121.36,       -6.15,
     1121.84,       -6.05,
     1122.36,       -5.97,
     1122.87,       -5.92,
     1123.35,       -5.90,
     1123.87,       -5.88,
     1124.35,       -5.83,
     1124.83,       -5.75,
     1125.31,       -5.70,
     1125.83,       -5.66,
     1126.31,       -5.57,
     1126.79,       -5.52,
     1127.35,       -5.49,
     1127.86,       -5.41,
     1128.34,       -5.38,
     1128.86,       -5.35,
     1129.34,       -5.28,
     1129.82,       -5.24,
     1130.34,       -5.20,
     1130.82,       -5.14,
     1131.34,       -5.09,
     1131.82,       -5.03,
     1132.30,       -4.98,
     1132.78,       -4.94,
     1133.25,       -4.90,
     1133.77,       -4.86,
     1134.21,       -4.82,
     1134.73,       -4.76,
     1135.25,       -4.70,
     1135.77,       -4.62,
     1136.29,       -4.56,
     1136.77,       -4.53,
     1137.25,       -4.56,
     1137.77,       -4.50,
     1138.24,       -4.43,
     1138.72,       -4.39,
     1139.24,       -4.36,
     1139.72,       -4.34,
     1140.20,       -4.35,
     1140.68,       -4.35,
     1141.16,       -4.31,
     1141.64,       -4.26,
     1142.12,       -4.22,
     1142.64,       -4.18,
     1143.15,       -4.16,
     1143.67,       -4.12,
     1144.19,       -4.10,
     1144.67,       -4.10,
     1145.15,       -4.04,
     1145.63,       -4.00,
     1146.11,       -3.96,
     1146.63,       -3.87,
     1147.15,       -3.86,
     1147.63,       -3.85,
     1148.10,       -3.81,
     1148.58,       -3.80,
     1149.06,       -3.75,
     1149.54,       -3.72,
     1150.02,       -3.77,
     1150.54,       -3.74,
     1151.06,       -3.74,
     1151.58,       -3.74,
     1152.10,       -3.74,
     1152.62,       -3.74,
     1153.09,       -3.81,
     1153.57,       -3.79,
     1154.09,       -3.82,
     1154.57,       -3.91,
     1155.09,       -3.85,
     1155.57,       -3.87,
     1156.05,       -3.88,
     1156.53,       -3.91,
     1157.01,       -3.88,
     1157.49,       -3.89,
     1158.00,       -3.90,
     1158.48,       -3.88,
     1159.00,       -3.88,
     1159.52,       -3.88,
     1160.04,       -3.88,
     1160.56,       -3.89,
     1161.04,       -3.91,
     1161.52,       -3.91,
     1162.00,       -3.93,
     1162.52,       -4.00,
     1162.99,       -4.00,
     1163.47,       -4.10,
     1163.99,       -4.19,
     1164.47,       -4.30,
     1164.95,       -4.44,
     1165.43,       -4.53,
     1165.91,       -4.64,
     1166.43,       -4.71,
     1166.95,       -4.79,
     1167.47,       -4.83,
     1167.98,       -4.86,
     1168.46,       -4.89,
     1168.98,       -4.92,
     1169.46,       -4.98,
     1169.94,       -5.02,
     1170.42,       -5.06,
     1170.90,       -5.08,
     1171.42,       -5.10,
     1171.90,       -5.11,
     1172.38,       -5.10,
     1172.85,       -5.05,
     1173.33,       -5.05,
     1173.85,       -5.04,
     1174.33,       -5.05,
     1174.85,       -5.08,
     1175.37,       -5.08,
     1175.89,       -5.06,
     1176.41,       -5.08,
     1176.89,       -5.06,
     1177.37,       -5.03,
     1177.84,       -4.97,
     1178.32,       -4.92,
     1178.84,       -4.92,
     1179.32,       -4.90,
     1179.84,       -4.86,
     1180.32,       -4.86,
     1180.80,       -4.87,
     1181.28,       -4.84,
     1181.76,       -4.83,
     1182.24,       -4.80,
     1182.76,       -4.78,
     1183.27,       -4.79,
     1183.79,       -4.80,
     1184.31,       -4.81,
     1184.79,       -4.83,
     1185.27,       -4.87,
     1185.75,       -4.80,
     1186.23,       -4.81,
     1186.75,       -4.79,
     1187.27,       -4.79,
     1187.75,       -4.76,
     1188.22,       -4.74,
     1188.70,       -4.77,
     1189.18,       -4.81,
     1189.66,       -4.77,
     1190.18,       -4.77,
     1190.66,       -4.76,
     1191.18,       -4.72,
     1191.70,       -4.71,
     1192.22,       -4.70,
     1192.70,       -4.68,
     1193.17,       -4.69,
     1193.65,       -4.65,
     1194.13,       -4.60,
     1194.61,       -4.61,
     1195.13,       -4.58,
     1195.61,       -4.56,
     1196.09,       -4.55,
     1196.57,       -4.50,
     1197.05,       -4.47,
     1197.53,       -4.46,
     1197.96,       -4.45,
     1198.48,       -4.42,
     1198.96,       -4.43,
     1199.48,       -4.39,
     1199.96,       -4.37,
     1200.40,       -4.39,
     1200.88,       -4.33,
     1201.36,       -4.30,
     1201.84,       -4.33,
     1202.28,       -4.24,
     1202.76,       -4.24,
     1203.19,       -4.24,
     1203.63,       -4.16,
     1204.07,       -4.17,
     1204.51,       -4.17,
     1204.95,       -4.09,
     1205.35,       -4.13,
     1205.79,       -4.13,
     1206.19,       -4.08,
     1206.63,       -4.15,
     1207.07,       -4.13,
     1207.51,       -4.12,
     1207.90,       -4.18,
     1208.30,       -4.13,
     1208.70,       -4.13,
     1209.10,       -4.17,
     1209.46,       -4.13,
     1209.86,       -4.11,
     1210.22,       -4.16,
     1210.58,       -4.10,
     1210.90,       -4.14,
     1211.26,       -4.17,
     1211.62,       -4.13,
     1211.94,       -4.18,
     1212.26,       -4.18,
     1212.58,       -4.17,
     1212.90,       -4.22,
     1213.25,       -4.18,
     1213.57,       -4.17,
     1213.89,       -4.25,
     1214.21,       -4.22,
     1214.57,       -4.22,
     1214.93,       -4.25,
     1215.25,       -4.17,
     1215.57,       -4.18,
     1215.89,       -4.14,
     1216.17,       -4.10,
     1216.49,       -4.10,
     1216.81,       -4.07,
     1217.09,       -4.00,
     1217.37,       -4.00,
     1217.65,       -3.91,
     1217.92,       -3.87,
     1218.20,       -3.89,
     1218.44,       -3.82,
     1218.64,       -3.81,
     1218.80,       -3.79,
     1218.96,       -3.71,
     1219.12,       -3.74,
     1219.20,       -3.71,
     1219.28,       -3.69,
     1219.36,       -3.77,
     1219.40,       -3.72,
