       -0.00,        0.00,
        0.04,        0.02,
        0.08,        0.00,
        0.12,        0.00,
        0.16,        0.01,
        0.24,        0.00,
        0.28,        0.02,
        0.36,        0.00,
        0.40,        0.02,
        0.48,        0.05,
        0.56,        0.06,
        0.64,        0.06,
        0.72,        0.07,
        0.80,        0.10,
        0.92,        0.11,
        1.00,        0.16,
        1.12,        0.15,
        1.20,        0.18,
        1.32,        0.15,
        1.44,        0.14,
        1.56,        0.17,
        1.68,        0.20,
        1.84,        0.23,
        1.96,        0.24,
        2.12,        0.26,
        2.27,        0.29,
        2.43,        0.37,
        2.59,        0.36,
        2.75,        0.40,
        2.91,        0.42,
        3.07,        0.45,
        3.23,        0.44,
        3.43,        0.47,
        3.59,        0.54,
        3.79,        0.52,
        3.95,        0.53,
        4.15,        0.51,
        4.35,        0.50,
        4.51,        0.54,
        4.71,        0.50,
        4.91,        0.53,
        5.11,        0.53,
        5.31,        0.55,
        5.47,        0.59,
        5.67,        0.58,
        5.87,        0.60,
        6.03,        0.58,
        6.23,        0.61,
        6.43,        0.63,
        6.59,        0.65,
        6.79,        0.67,
        6.99,        0.66,
        7.15,        0.68,
        7.34,        0.68,
        7.58,        0.70,
        7.78,        0.68,
        7.98,        0.67,
        8.22,        0.69,
        8.42,        0.71,
        8.66,        0.73,
        8.94,        0.74,
        9.18,        0.79,
        9.42,        0.77,
        9.66,        0.76,
        9.94,        0.79,
       10.18,        0.75,
       10.46,        0.78,
       10.74,        0.76,
       10.98,        0.79,
       11.26,        0.80,
       11.54,        0.80,
       11.82,        0.83,
       12.06,        0.82,
       12.33,        0.82,
       12.65,        0.85,
       12.97,        0.85,
       13.25,        0.84,
       13.57,        0.84,
       13.85,        0.80,
       14.17,        0.78,
       14.45,        0.79,
       14.73,        0.75,
       15.05,        0.75,
       15.33,        0.67,
       15.65,        0.66,
       15.93,        0.52,
       16.25,        0.44,
       16.57,        0.33,
       16.85,        0.18,
       17.17,        0.08,
       17.48,       -0.17,
       17.80,       -0.40,
       18.08,       -0.63,
       18.40,       -0.88,
       18.72,       -1.18,
       19.00,       -1.45,
       19.32,       -1.76,
       19.64,       -2.02,
       19.96,       -2.21,
       20.28,       -2.31,
       20.60,       -2.35,
       20.96,       -2.37,
       21.28,       -2.38,
       21.60,       -2.34,
       21.96,       -2.34,
       22.28,       -2.34,
       22.63,       -2.34,
       22.99,       -2.36,
       23.31,       -2.35,
       23.67,       -2.32,
       23.99,       -2.34,
       24.35,       -2.34,
       24.71,       -2.34,
       25.07,       -2.37,
       25.43,       -2.33,
       25.75,       -2.30,
       26.11,       -2.28,
       26.43,       -2.21,
       26.79,       -2.23,
       27.11,       -2.23,
       27.46,       -2.19,
       27.82,       -2.24,
       28.18,       -2.20,
       28.54,       -2.16,
       28.90,       -2.19,
       29.30,       -2.12,
       29.70,       -2.15,
       30.06,       -2.18,
       30.42,       -2.11,
       30.78,       -2.12,
       31.14,       -2.15,
       31.50,       -2.14,
       31.90,       -2.11,
       32.26,       -2.12,
       32.61,       -2.16,
       32.97,       -2.18,
       33.37,       -2.14,
       33.73,       -2.15,
       34.13,       -2.13,
       34.49,       -2.11,
       34.85,       -2.08,
       35.21,       -2.05,
       35.61,       -2.04,
       35.97,       -2.07,
       36.37,       -2.06,
       36.77,       -2.08,
       37.17,       -2.09,
       37.56,       -2.05,
       37.96,       -2.05,
       38.36,       -2.04,
       38.76,       -2.00,
       39.12,       -2.00,
       39.52,       -2.00,
       39.92,       -1.97,
       40.32,       -1.98,
       40.68,       -2.00,
       41.08,       -2.00,
       41.48,       -2.07,
       41.88,       -2.03,
       42.28,       -2.00,
       42.67,       -2.01,
       43.07,       -1.96,
       43.43,       -1.94,
       43.83,       -1.92,
       44.23,       -1.87,
       44.63,       -1.89,
       45.07,       -1.88,
       45.51,       -1.83,
       45.91,       -1.87,
       46.35,       -1.81,
       46.75,       -1.75,
       47.15,       -1.77,
       47.54,       -1.71,
       47.94,       -1.65,
       48.34,       -1.65,
       48.78,       -1.66,
       49.18,       -1.63,
       49.58,       -1.59,
       49.98,       -1.55,
       50.42,       -1.55,
       50.82,       -1.52,
       51.22,       -1.50,
       51.62,       -1.50,
       52.02,       -1.43,
       52.45,       -1.43,
       52.89,       -1.45,
       53.33,       -1.43,
       53.77,       -1.45,
       54.21,       -1.46,
       54.65,       -1.45,
       55.09,       -1.42,
       55.49,       -1.39,
       55.89,       -1.39,
       56.33,       -1.41,
       56.77,       -1.37,
       57.21,       -1.36,
       57.64,       -1.34,
       58.04,       -1.36,
       58.48,       -1.34,
       58.88,       -1.34,
       59.32,       -1.35,
       59.72,       -1.34,
       60.16,       -1.36,
       60.60,       -1.33,
       61.08,       -1.32,
       61.52,       -1.29,
       62.00,       -1.29,
       62.39,       -1.28,
       62.83,       -1.25,
       63.27,       -1.19,
       63.71,       -1.16,
       64.15,       -1.16,
       64.59,       -1.16,
       65.03,       -1.15,
       65.47,       -1.11,
       65.91,       -1.04,
       66.35,       -1.03,
       66.75,       -1.02,
       67.19,       -1.03,
       67.62,       -0.98,
       68.06,       -0.97,
       68.50,       -0.94,
       68.94,       -0.93,
       69.42,       -0.89,
       69.90,       -0.90,
       70.34,       -0.89,
       70.78,       -0.85,
       71.22,       -0.85,
       71.66,       -0.87,
       72.10,       -0.88,
       72.53,       -0.86,
       72.97,       -0.87,
       73.41,       -0.87,
       73.85,       -0.83,
       74.33,       -0.81,
       74.73,       -0.81,
       75.17,       -0.81,
       75.61,       -0.81,
       76.05,       -0.81,
       76.49,       -0.84,
       76.97,       -0.83,
       77.44,       -0.83,
       77.92,       -0.82,
       78.40,       -0.84,
       78.84,       -0.85,
       79.28,       -0.87,
       79.72,       -0.85,
       80.20,       -0.83,
       80.64,       -0.81,
       81.12,       -0.82,
       81.56,       -0.79,
       82.00,       -0.76,
       82.43,       -0.72,
       82.87,       -0.69,
       83.35,       -0.65,
       83.79,       -0.61,
       84.23,       -0.59,
       84.71,       -0.55,
       85.19,       -0.53,
       85.67,       -0.46,
       86.15,       -0.50,
       86.63,       -0.40,
       87.07,       -0.37,
       87.54,       -0.36,
       87.98,       -0.36,
       88.46,       -0.33,
       88.94,       -0.30,
       89.38,       -0.25,
       89.82,       -0.25,
       90.30,       -0.21,
       90.74,       -0.17,
       91.18,       -0.12,
       91.66,       -0.09,
       92.10,       -0.05,
       92.57,       -0.02,
       93.05,        0.00,
       93.57,        0.01,
       94.05,        0.00,
       94.53,       -0.02,
       95.01,        0.01,
       95.45,       -0.02,
       95.93,       -0.02,
       96.37,       -0.01,
       96.85,       -0.02,
       97.32,       -0.00,
       97.76,        0.02,
       98.24,        0.04,
       98.68,        0.06,
       99.12,        0.05,
       99.60,        0.06,
      100.04,        0.05,
      100.52,        0.07,
      101.00,        0.09,
      101.48,        0.12,
      102.00,        0.15,
      102.43,        0.19,
      102.91,        0.20,
      103.35,        0.24,
      103.79,        0.28,
      104.27,        0.29,
      104.75,        0.31,
      105.23,        0.31,
      105.71,        0.34,
      106.15,        0.35,
      106.63,        0.37,
      107.07,        0.44,
      107.54,        0.46,
      108.02,        0.47,
      108.50,        0.46,
      108.98,        0.51,
      109.46,        0.53,
      109.98,        0.55,
      110.46,        0.59,
      110.94,        0.59,
      111.42,        0.63,
      111.86,        0.64,
      112.33,        0.68,
      112.85,        0.73,
      113.33,        0.74,
      113.81,        0.73,
      114.29,        0.75,
      114.73,        0.79,
      115.21,        0.81,
      115.69,        0.82,
      116.17,        0.86,
      116.65,        0.91,
      117.17,        0.94,
      117.60,        0.49,
      118.12,        0.96,
      118.60,        0.97,
      119.08,        1.01,
      119.56,        1.03,
      120.00,        1.07,
      120.48,        1.05,
      121.00,        1.11,
      121.48,        1.13,
      121.96,        1.14,
      122.43,        1.24,
      122.87,        1.25,
      123.35,        1.26,
      123.83,        1.29,
      124.31,        1.29,
      124.79,        1.33,
      125.31,        1.37,
      125.83,        1.33,
      126.31,        1.35,
      126.83,        1.35,
      127.31,        1.35,
      127.74,        1.35,
      128.22,        1.38,
      128.74,        1.39,
      129.22,        1.39,
      129.70,        1.39,
      130.18,        1.40,
      130.66,        1.42,
      131.14,        1.43,
      131.58,        1.42,
      132.06,        1.42,
      132.57,        1.42,
      133.05,        1.42,
      133.57,        1.42,
      134.05,        1.41,
      134.57,        1.39,
      135.05,        1.37,
      135.53,        1.38,
      136.01,        1.26,
      136.49,        1.05,
      136.97,        0.75,
      137.48,        0.38,
      137.96,       -0.02,
      138.44,       -0.44,
      138.88,       -0.90,
      139.36,       -1.33,
      139.88,       -1.70,
      140.36,       -1.94,
      140.88,       -2.03,
      141.40,       -2.03,
      141.92,       -2.08,
      142.43,       -2.10,
      142.91,       -2.11,
      143.39,       -2.11,
      143.87,       -2.03,
      144.35,       -2.06,
      144.83,       -2.10,
      145.35,       -2.08,
      145.83,       -2.05,
      146.31,       -2.03,
      146.75,       -2.03,
      147.23,       -2.05,
      147.70,       -2.07,
      148.18,       -2.11,
      148.70,       -2.10,
      149.18,       -2.01,
      149.70,       -2.03,
      150.22,       -2.02,
      150.70,       -1.97,
      151.18,       -1.96,
      151.62,       -1.99,
      152.10,       -1.99,
      152.61,       -1.97,
      153.09,       -1.95,
      153.57,       -1.94,
      154.05,       -1.94,
      154.53,       -1.85,
      155.01,       -1.78,
      155.49,       -1.79,
      155.97,       -1.82,
      156.45,       -1.85,
      156.97,       -1.86,
      157.48,       -1.81,
      158.00,       -1.81,
      158.52,       -1.79,
      159.00,       -1.81,
      159.48,       -1.81,
      159.96,       -1.78,
      160.44,       -1.77,
      160.92,       -1.74,
      161.44,       -1.72,
      161.92,       -1.74,
      162.39,       -1.74,
      162.87,       -1.73,
      163.35,       -1.76,
      163.83,       -1.73,
      164.35,       -1.60,
      164.83,       -1.60,
      165.35,       -1.60,
      165.91,       -1.57,
      166.39,       -1.57,
      166.91,       -1.59,
      167.38,       -1.57,
      167.86,       -1.56,
      168.30,       -1.55,
      168.82,       -1.51,
      169.34,       -1.50,
      169.82,       -1.49,
      170.30,       -1.48,
      170.78,       -1.50,
      171.26,       -1.46,
      171.74,       -1.46,
      172.26,       -1.42,
      172.73,       -1.39,
      173.29,       -1.37,
      173.81,       -1.29,
      174.29,       -1.27,
      174.81,       -1.29,
      175.29,       -1.26,
      175.77,       -1.25,
      176.25,       -1.22,
      176.73,       -1.28,
      177.25,       -1.30,
      177.76,       -1.29,
      178.24,       -1.28,
      178.72,       -1.25,
      179.20,       -1.23,
      179.68,       -1.18,
      180.20,       -1.15,
      180.68,       -1.12,
      181.28,       -1.10,
      181.80,       -1.07,
      182.32,       -1.03,
      182.79,       -1.03,
      183.27,       -1.03,
      183.75,       -1.01,
      184.23,       -0.99,
      184.75,       -0.98,
      185.23,       -0.94,
      185.75,       -0.98,
      186.23,       -0.95,
      186.71,       -0.93,
      187.19,       -0.92,
      187.66,       -0.85,
      188.18,       -0.84,
      188.66,       -0.80,
      189.22,       -0.76,
      189.74,       -0.74,
      190.26,       -0.69,
      190.74,       -0.68,
      191.22,       -0.63,
      191.70,       -0.62,
      192.22,       -0.56,
      192.69,       -0.56,
      193.21,       -0.56,
      193.69,       -0.50,
      194.21,       -0.47,
      194.69,       -0.46,
      195.17,       -0.45,
      195.65,       -0.38,
      196.13,       -0.33,
      196.65,       -0.32,
      197.21,       -0.33,
      197.68,       -0.31,
      198.20,       -0.31,
      198.68,       -0.29,
      199.20,       -0.23,
      199.68,       -0.25,
      200.16,       -0.24,
      200.68,       -0.20,
      201.16,       -0.17,
      201.68,       -0.15,
      202.16,       -0.15,
      202.63,       -0.12,
      203.15,       -0.11,
      203.63,       -0.12,
      204.11,       -0.12,
      204.67,       -0.11,
      205.19,       -0.12,
      205.67,       -0.12,
      206.19,       -0.14,
      206.67,       -0.13,
      207.19,       -0.11,
      207.66,       -0.09,
      208.14,       -0.07,
      208.66,       -0.07,
      209.18,       -0.05,
      209.66,       -0.05,
      210.14,       -0.01,
      210.62,        0.05,
      211.14,        0.05,
      211.62,        0.06,
      212.14,        0.10,
      212.61,        0.11,
      213.13,        0.13,
      213.65,        0.18,
      214.17,        0.17,
      214.69,        0.14,
      215.17,        0.15,
      215.65,        0.19,
      216.13,        0.18,
      216.65,        0.18,
      217.17,        0.16,
      217.68,        0.15,
      218.16,        0.15,
      218.64,        0.15,
      219.12,        0.16,
      219.64,        0.17,
      220.12,        0.17,
      220.60,        0.19,
      221.16,        0.20,
      221.68,        0.19,
      222.20,        0.19,
      222.67,        0.20,
      223.19,        0.21,
      223.67,        0.20,
      224.15,        0.20,
      224.67,        0.17,
      225.19,        0.13,
      225.67,        0.11,
      226.19,        0.07,
      226.67,        0.02,
      227.15,       -0.07,
      227.66,       -0.21,
      228.14,       -0.32,
      228.62,       -0.36,
      229.18,       -0.34,
      229.70,       -0.29,
      230.22,       -0.28,
      230.74,       -0.29,
      231.22,       -0.30,
      231.70,       -0.30,
      232.22,       -0.24,
      232.69,       -0.21,
      233.21,       -0.20,
      233.73,       -0.14,
      234.21,       -0.14,
      234.69,       -0.15,
      235.17,       -0.12,
      235.65,       -0.12,
      236.17,       -0.08,
      236.65,       -0.06,
      237.21,       -0.03,
      237.72,       -0.03,
      238.24,       -0.06,
      238.76,       -0.06,
      239.24,       -0.03,
      239.72,       -0.03,
      240.24,       -0.03,
      240.76,       -0.04,
      241.24,       -0.02,
      241.76,       -0.02,
      242.24,       -0.03,
      242.71,       -0.02,
      243.19,       -0.06,
      243.67,       -0.13,
      244.19,       -0.24,
      244.71,       -0.42,
      245.27,       -0.64,
      245.79,       -0.91,
      246.31,       -1.17,
      246.83,       -1.39,
      247.31,       -1.57,
      247.78,       -1.78,
      248.30,       -1.90,
      248.82,       -1.94,
      249.34,       -1.95,
      249.82,       -1.95,
      250.30,       -1.96,
      250.78,       -1.95,
      251.26,       -1.96,
      251.78,       -1.96,
      252.30,       -1.99,
      252.81,       -1.94,
      253.33,       -1.90,
      253.85,       -1.90,
      254.37,       -1.87,
      254.89,       -1.81,
      255.37,       -1.81,
      255.85,       -1.87,
      256.37,       -1.87,
      256.89,       -1.85,
      257.40,       -1.85,
      257.88,       -1.78,
      258.36,       -1.68,
      258.84,       -1.58,
      259.32,       -1.58,
      259.84,       -1.61,
      260.36,       -1.60,
      260.88,       -1.64,
      261.40,       -1.62,
      261.92,       -1.61,
      262.43,       -1.60,
      262.95,       -1.61,
      263.43,       -1.64,
      263.91,       -1.60,
      264.43,       -1.57,
      264.95,       -1.56,
      265.43,       -1.52,
      265.95,       -1.54,
      266.43,       -1.54,
      266.91,       -1.51,
      267.42,       -1.46,
      267.90,       -1.42,
      268.42,       -1.39,
      268.94,       -1.40,
      269.46,       -1.42,
      270.02,       -1.42,
      270.54,       -1.39,
      271.02,       -1.36,
      271.50,       -1.33,
      272.02,       -1.34,
      272.53,       -1.33,
      273.01,       -1.38,
      273.49,       -1.37,
      274.01,       -1.36,
      274.49,       -1.37,
      275.01,       -1.38,
      275.49,       -1.38,
      275.97,       -1.33,
      276.49,       -1.31,
      277.05,       -1.29,
      277.56,       -1.27,
      278.08,       -1.25,
      278.60,       -1.23,
      279.12,       -1.24,
      279.60,       -1.25,
      280.08,       -1.26,
      280.56,       -1.25,
      281.08,       -1.24,
      281.60,       -1.22,
      282.12,       -1.20,
      282.59,       -1.16,
      283.07,       -1.17,
      283.55,       -1.15,
      284.07,       -1.12,
      284.59,       -1.12,
      285.15,       -1.12,
      285.67,       -1.13,
      286.19,       -1.12,
      286.71,       -1.10,
      287.23,       -1.10,
      287.70,       -1.06,
      288.18,       -1.05,
      288.70,       -1.00,
      289.22,       -0.97,
      289.74,       -0.98,
      290.22,       -0.98,
      290.70,       -0.97,
      291.22,       -0.97,
      291.70,       -0.99,
      292.22,       -1.02,
      292.73,       -1.02,
      293.25,       -0.91,
      293.81,       -0.88,
      294.33,       -0.86,
      294.85,       -0.85,
      295.33,       -0.81,
      295.81,       -0.80,
      296.29,       -0.79,
      296.81,       -0.81,
      297.33,       -0.77,
      297.84,       -0.69,
      298.32,       -0.63,
      298.84,       -0.63,
      299.32,       -0.62,
      299.84,       -0.57,
      300.36,       -0.54,
      300.88,       -0.46,
      301.40,       -0.46,
      301.92,       -0.44,
      302.47,       -0.39,
      302.95,       -0.33,
      303.43,       -0.24,
      303.91,       -0.20,
      304.43,       -0.19,
      304.95,       -0.14,
      305.47,       -0.13,
      305.99,       -0.11,
      306.47,       -0.07,
      306.95,       -0.03,
      307.46,        0.00,
      307.94,        0.03,
      308.50,        0.07,
      309.02,        0.11,
      309.54,        0.15,
      310.06,        0.20,
      310.62,        0.24,
      311.10,        0.24,
      311.58,        0.25,
      312.06,        0.28,
      312.57,        0.34,
      313.09,        0.37,
      313.61,        0.37,
      314.09,        0.37,
      314.61,        0.38,
      315.09,        0.42,
      315.57,        0.45,
      316.09,        0.45,
      316.65,        0.45,
      317.17,        0.46,
      317.68,        0.50,
      318.24,        0.49,
      318.72,        0.50,
      319.24,        0.50,
      319.72,        0.53,
      320.20,        0.56,
      320.72,        0.61,
      321.24,        0.67,
      321.76,        0.68,
      322.28,        0.69,
      322.75,        0.72,
      323.23,        0.75,
      323.75,        0.73,
      324.27,        0.76,
      324.79,        0.81,
      325.35,        0.82,
      325.87,        0.86,
      326.35,        0.91,
      326.91,        0.93,
      327.43,        0.95,
      327.90,        0.94,
      328.38,        0.95,
      328.90,        0.98,
      329.42,        0.98,
      329.94,        0.98,
      330.42,        1.00,
      330.94,        1.03,
      331.42,        1.03,
      331.94,        1.00,
      332.45,        0.97,
      332.97,        0.94,
      333.49,        0.87,
      334.01,        0.69,
      334.53,        0.60,
      335.05,        0.57,
      335.57,        0.58,
      336.09,        0.56,
      336.57,        0.56,
      337.09,        0.52,
      337.60,        0.56,
      338.12,        0.59,
      338.60,        0.62,
      339.08,        0.63,
      339.56,        0.64,
      340.08,        0.66,
      340.60,        0.71,
      341.12,        0.72,
      341.64,        0.73,
      342.16,        0.75,
      342.71,        0.74,
      343.23,        0.74,
      343.75,        0.73,
      344.27,        0.72,
      344.75,        0.74,
      345.27,        0.75,
      345.79,        0.76,
      346.31,        0.78,
      346.79,        0.79,
      347.27,        0.80,
      347.78,        0.71,
      348.30,        0.64,
      348.82,        0.45,
      349.34,        0.08,
      349.86,       -0.25,
      350.38,       -0.64,
      350.94,       -1.07,
      351.46,       -1.46,
      351.94,       -1.77,
      352.45,       -1.77,
      352.97,       -1.77,
      353.49,       -1.89,
      353.97,       -1.85,
      354.49,       -1.94,
      354.97,       -2.04,
      355.49,       -1.94,
      355.97,       -2.00,
      356.49,       -2.01,
      357.01,       -1.97,
      357.52,       -2.12,
      358.04,       -2.08,
      358.60,       -2.07,
      359.12,       -2.15,
      359.64,       -2.09,
      360.16,       -2.16,
      360.64,       -2.27,
      361.16,       -2.19,
      361.68,       -2.27,
      362.16,       -2.25,
      362.67,       -2.20,
      363.15,       -2.24,
      363.63,       -2.22,
      364.15,       -2.20,
      364.67,       -2.23,
      365.19,       -2.21,
      365.71,       -2.19,
      366.27,       -2.16,
      366.79,       -2.10,
      367.31,       -2.08,
      367.82,       -2.05,
      368.30,       -2.00,
      368.82,       -1.98,
      369.34,       -1.94,
      369.86,       -1.94,
      370.34,       -1.88,
      370.86,       -1.82,
      371.34,       -1.75,
      371.82,       -1.66,
      372.34,       -1.64,
      372.85,       -1.67,
      373.41,       -1.68,
      373.93,       -1.61,
      374.45,       -1.58,
      374.97,       -1.58,
      375.49,       -1.55,
      375.97,       -1.60,
      376.49,       -1.60,
      377.01,       -1.57,
      377.52,       -1.61,
      378.00,       -1.55,
      378.52,       -1.51,
      379.00,       -1.48,
      379.48,       -1.45,
      379.96,       -1.46,
      380.52,       -1.45,
      381.04,       -1.44,
      381.60,       -1.44,
      382.12,       -1.38,
      382.63,       -1.35,
      383.15,       -1.33,
      383.63,       -1.33,
      384.11,       -1.33,
      384.63,       -1.29,
      385.15,       -1.27,
      385.67,       -1.31,
      386.19,       -1.31,
      386.67,       -1.25,
      387.15,       -1.20,
      387.62,       -1.17,
      388.14,       -1.18,
      388.66,       -1.19,
      389.18,       -1.16,
      389.74,       -1.19,
      390.26,       -1.15,
      390.78,       -1.14,
      391.26,       -1.17,
      391.78,       -1.16,
      392.30,       -1.11,
      392.77,       -1.07,
      393.29,       -1.01,
      393.81,       -0.96,
      394.29,       -0.97,
      394.77,       -0.94,
      395.25,       -0.95,
      395.77,       -0.91,
      396.29,       -0.86,
      396.85,       -0.83,
      397.37,       -0.78,
      397.88,       -0.80,
      398.40,       -0.79,
      398.92,       -0.77,
      399.40,       -0.78,
      399.92,       -0.76,
      400.40,       -0.72,
      400.96,       -0.65,
      401.44,       -0.64,
      401.96,       -0.65,
      402.44,       -0.66,
      402.91,       -0.66,
      403.39,       -0.67,
      403.91,       -0.63,
      404.43,       -0.59,
      404.99,       -0.57,
      405.51,       -0.55,
      406.03,       -0.54,
      406.55,       -0.50,
      407.07,       -0.48,
      407.54,       -0.46,
      408.02,       -0.45,
      408.54,       -0.42,
      409.06,       -0.43,
      409.58,       -0.43,
      410.06,       -0.42,
      410.54,       -0.39,
      411.02,       -0.34,
      411.54,       -0.34,
      412.06,       -0.29,
      412.61,       -0.24,
      413.13,       -0.21,
      413.65,       -0.20,
      414.17,       -0.20,
      414.73,       -0.20,
      415.21,       -0.14,
      415.69,       -0.09,
      416.21,       -0.09,
      416.73,       -0.07,
      417.25,       -0.07,
      417.72,       -0.03,
      418.24,       -0.02,
      418.72,        0.02,
      419.20,        0.04,
      419.72,        0.07,
      420.24,        0.09,
      420.80,        0.11,
      421.32,        0.15,
      421.84,        0.16,
      422.40,        0.16,
      422.91,        0.20,
      423.43,        0.22,
      423.91,        0.25,
      424.43,        0.27,
      424.95,        0.27,
      425.43,        0.28,
      425.95,        0.29,
      426.43,        0.28,
      426.95,        0.37,
      427.43,        0.38,
      427.94,        0.37,
      428.46,        0.38,
      428.98,        0.37,
      429.50,        0.46,
      430.06,        0.45,
      430.58,        0.44,
      431.10,        0.45,
      431.62,        0.48,
      432.10,        0.53,
      432.61,        0.53,
      433.13,        0.53,
      433.61,        0.53,
      434.13,        0.53,
      434.61,        0.60,
      435.13,        0.63,
      435.61,        0.66,
      436.13,        0.67,
      436.69,        0.68,
      437.21,        0.69,
      437.72,        0.72,
      438.24,        0.81,
      438.76,        0.79,
      439.28,        0.80,
      439.76,        0.79,
      440.28,        0.79,
      440.76,        0.81,
      441.28,        0.88,
      441.80,        0.90,
      442.28,        0.93,
      442.79,        0.98,
      443.27,        0.94,
      443.79,        0.95,
      444.35,        0.97,
      444.87,        0.94,
      445.43,        1.01,
      445.95,        0.95,
      446.47,        1.01,
      446.99,        1.03,
      447.47,        1.01,
      447.94,        1.00,
      448.46,        0.87,
      448.98,        0.80,
      449.50,        0.80,
      449.98,        0.78,
      450.50,        0.79,
      450.98,        0.75,
      451.46,        0.69,
      452.02,        0.69,
      452.53,        0.68,
      453.05,        0.60,
      453.57,        0.66,
      454.13,        0.60,
      454.65,        0.57,
      455.13,        0.55,
      455.61,        0.53,
      456.13,        0.50,
      456.61,        0.49,
      457.13,        0.56,
      457.64,        0.56,
      458.12,        0.54,
      458.64,        0.58,
      459.12,        0.59,
      459.64,        0.65,
      460.16,        0.68,
      460.68,        0.68,
      461.24,        0.72,
      461.76,        0.74,
      462.28,        0.79,
      462.79,        0.82,
      463.23,        0.84,
      463.75,        0.90,
      464.31,        0.91,
      464.83,        0.91,
      465.35,        0.93,
      465.83,        0.90,
      466.35,        0.97,
      466.83,        1.09,
      467.31,        1.06,
      467.82,        1.15,
      468.38,        1.15,
      468.90,        1.20,
      469.42,        1.17,
      469.98,        1.17,
      470.50,        1.20,
      470.94,        1.17,
      471.46,        1.21,
      471.94,        1.23,
      472.46,        1.21,
      472.97,        1.24,
      473.49,        1.14,
      474.01,        1.18,
      474.49,        1.20,
      474.97,        1.19,
      475.49,        1.20,
      476.01,        1.09,
      476.53,        1.07,
      477.09,        0.90,
      477.60,        0.72,
      478.12,        0.54,
      478.60,        0.16,
      479.12,       -0.02,
      479.60,       -0.35,
      480.12,       -0.77,
      480.64,       -1.03,
      481.16,       -1.30,
      481.68,       -1.42,
      482.16,       -1.55,
      482.67,       -1.78,
      483.15,       -1.84,
      483.63,       -2.05,
      484.19,       -2.27,
      484.71,       -2.34,
      485.23,       -2.64,
      485.79,       -2.95,
      486.27,       -3.10,
      486.79,       -3.30,
      487.27,       -3.28,
      487.78,       -3.36,
      488.26,       -3.52,
      488.82,       -3.55,
      489.34,       -3.66,
      489.82,       -3.76,
      490.34,       -3.66,
      490.82,       -3.61,
      491.30,       -3.65,
      491.82,       -3.67,
      492.38,       -3.65,
      492.89,       -3.58,
      493.41,       -3.52,
      493.93,       -3.65,
      494.45,       -3.69,
      494.97,       -3.65,
      495.45,       -3.60,
      495.93,       -3.56,
      496.49,       -3.54,
      497.01,       -3.51,
      497.49,       -3.47,
      498.00,       -3.46,
      498.48,       -3.43,
      499.00,       -3.38,
      499.48,       -3.37,
      500.00,       -3.37,
      500.56,       -3.37,
      501.08,       -3.36,
      501.60,       -3.32,
      502.12,       -3.29,
      502.63,       -3.26,
      503.15,       -3.24,
      503.63,       -3.17,
      504.15,       -3.08,
      504.67,       -3.03,
      505.19,       -2.99,
      505.67,       -2.98,
      506.19,       -2.93,
      506.67,       -2.94,
      507.15,       -2.97,
      507.66,       -2.93,
      508.18,       -2.86,
      508.74,       -2.82,
      509.26,       -2.78,
      509.78,       -2.77,
      510.30,       -2.78,
      510.82,       -2.79,
      511.34,       -2.75,
      511.82,       -2.68,
      512.34,       -2.60,
      512.85,       -2.54,
      513.37,       -2.47,
      513.89,       -2.41,
      514.37,       -2.41,
      514.85,       -2.43,
      515.37,       -2.36,
      515.89,       -2.36,
      516.41,       -2.33,
      516.93,       -2.31,
      517.45,       -2.29,
      517.96,       -2.26,
      518.52,       -2.21,
      519.04,       -2.17,
      519.52,       -2.10,
      520.04,       -2.06,
      520.52,       -2.04,
      521.04,       -1.99,
      521.56,       -1.94,
      522.08,       -1.96,
      522.55,       -1.97,
      523.03,       -1.92,
      523.55,       -1.88,
      524.07,       -1.81,
      524.59,       -1.74,
      525.11,       -1.68,
      525.63,       -1.72,
      526.15,       -1.75,
      526.67,       -1.73,
      527.15,       -1.71,
      527.66,       -1.71,
      528.18,       -1.64,
      528.70,       -1.60,
      529.22,       -1.60,
      529.70,       -1.57,
      530.22,       -1.56,
      530.70,       -1.56,
      531.18,       -1.58,
      531.74,       -1.53,
      532.22,       -1.46,
      532.77,       -1.38,
      533.29,       -1.34,
      533.81,       -1.32,
      534.37,       -1.35,
      534.89,       -1.42,
      535.37,       -1.38,
      535.89,       -1.33,
      536.41,       -1.33,
      536.93,       -1.32,
      537.45,       -1.27,
      537.92,       -1.23,
      538.44,       -1.18,
      538.92,       -1.16,
      539.40,       -1.13,
      539.92,       -1.11,
      540.44,       -1.05,
      541.00,       -0.97,
      541.52,       -0.93,
      542.04,       -0.85,
      542.55,       -0.84,
      543.11,       -0.84,
      543.59,       -0.84,
      544.11,       -0.80,
      544.63,       -0.79,
      545.11,       -0.71,
      545.63,       -0.68,
      546.15,       -0.65,
      546.63,       -0.58,
      547.11,       -0.50,
      547.62,       -0.46,
      548.14,       -0.40,
      548.66,       -0.37,
      549.22,       -0.34,
      549.74,       -0.27,
      550.26,       -0.24,
      550.78,       -0.20,
      551.30,       -0.17,
      551.82,       -0.13,
      552.30,       -0.10,
      552.81,       -0.06,
      553.33,       -0.03,
      553.85,       -0.00,
      554.33,        0.02,
      554.81,        0.02,
      555.29,        0.02,
      555.81,        0.01,
      556.37,       -0.01,
      556.89,       -0.02,
      557.45,       -0.06,
      557.92,       -0.04,
      558.48,       -0.10,
      558.96,       -0.08,
      559.44,       -0.13,
      559.96,       -0.13,
      560.48,       -0.11,
      561.00,       -0.07,
      561.52,       -0.10,
      562.00,       -0.08,
      562.48,       -0.04,
      562.95,       -0.05,
      563.47,       -0.05,
      563.99,        0.00,
      564.55,        0.02,
      565.07,        0.05,
      565.59,        0.07,
      566.11,        0.08,
      566.63,        0.11,
      567.11,        0.13,
      567.58,        0.23,
      568.10,        0.25,
      568.66,        0.29,
      569.14,        0.28,
      569.66,        0.25,
      570.10,        0.31,
      570.62,        0.30,
      571.10,        0.33,
      571.62,        0.39,
      572.14,        0.40,
      572.69,        0.46,
      573.21,        0.46,
      573.73,        0.49,
      574.25,        0.53,
      574.73,        0.56,
      575.25,        0.58,
      575.73,        0.61,
      576.25,        0.59,
      576.77,        1.16,
      577.29,        0.65,
      577.76,        0.68,
      578.24,        0.68,
      578.72,        0.64,
      579.24,        0.63,
      579.76,        0.57,
      580.32,        0.52,
      580.84,        0.44,
      581.36,        0.46,
      581.88,        0.46,
      582.40,        0.44,
      582.87,        0.44,
      583.39,        0.47,
      583.91,        0.53,
      584.43,        0.54,
      584.95,        0.61,
      585.43,        0.63,
      585.91,        0.63,
      586.43,        0.65,
      586.91,        0.68,
      587.39,        0.70,
      587.94,        0.72,
      588.46,        0.74,
      589.02,        0.74,
      589.54,        0.77,
      590.06,        0.84,
      590.58,        0.90,
      591.06,        0.93,
      591.54,        0.96,
      592.06,        0.98,
      592.57,        1.02,
      593.05,        1.03,
      593.57,        1.03,
      594.05,        1.05,
      594.57,        0.99,
      595.05,        0.89,
      595.57,        0.66,
      596.09,        0.28,
      596.65,       -0.08,
      597.17,       -0.48,
      597.68,       -0.91,
      598.20,       -1.25,
      598.72,       -1.61,
      599.20,       -1.80,
      599.72,       -1.84,
      600.20,       -1.84,
      600.72,       -1.85,
      601.24,       -1.83,
      601.72,       -1.89,
      602.24,       -1.90,
      602.71,       -1.80,
      603.19,       -1.80,
      603.75,       -1.80,
      604.27,       -1.79,
      604.79,       -1.79,
      605.35,       -1.78,
      605.87,       -1.78,
      606.39,       -1.76,
      606.87,       -1.74,
      607.35,       -1.68,
      607.86,       -1.73,
      608.34,       -1.77,
      608.86,       -1.72,
      609.38,       -1.82,
      609.90,       -1.78,
      610.38,       -1.82,
      610.86,       -1.92,
      611.38,       -1.85,
      611.94,       -1.95,
      612.46,       -1.98,
      612.97,       -1.95,
      613.49,       -2.08,
      614.05,       -2.03,
      614.57,       -2.10,
      615.05,       -2.17,
      615.53,       -2.13,
      616.05,       -2.24,
      616.57,       -2.25,
      617.09,       -2.15,
      617.60,       -2.16,
      618.08,       -2.12,
      618.56,       -2.18,
      619.08,       -2.18,
      619.56,       -2.15,
      620.12,       -2.20,
      620.64,       -2.18,
      621.16,       -2.16,
      621.72,       -2.13,
      622.24,       -2.07,
      622.71,       -2.07,
      623.19,       -2.05,
      623.67,       -2.04,
      624.19,       -2.16,
      624.71,       -2.08,
      625.23,       -2.13,
      625.75,       -2.15,
      626.23,       -2.08,
      626.71,       -2.18,
      627.23,       -2.11,
      627.74,       -2.10,
      628.26,       -2.21,
      628.82,       -2.14,
      629.34,       -2.16,
      629.86,       -2.14,
      630.38,       -2.04,
      630.90,       -2.12,
      631.38,       -2.08,
      631.86,       -2.05,
      632.38,       -2.14,
      632.89,       -2.06,
      633.41,       -2.08,
      633.89,       -2.07,
      634.41,       -2.03,
      634.89,       -2.08,
      635.37,       -2.08,
      635.93,       -2.08,
      636.45,       -2.14,
      637.01,       -2.06,
      637.53,       -2.05,
      638.04,       -2.06,
      638.56,       -1.99,
      639.04,       -2.04,
      639.56,       -2.00,
      640.04,       -1.94,
      640.56,       -2.00,
      641.08,       -1.94,
      641.60,       -1.89,
      642.08,       -1.93,
      642.59,       -1.83,
      643.07,       -1.85,
      643.59,       -1.84,
      644.11,       -1.81,
      644.67,       -1.87,
      645.19,       -1.82,
      645.71,       -1.79,
      646.27,       -1.82,
      646.75,       -1.72,
      647.23,       -1.72,
      647.74,       -1.69,
      648.22,       -1.60,
      648.74,       -1.62,
      649.26,       -1.55,
      649.78,       -1.51,
      650.26,       -1.56,
      650.78,       -1.49,
      651.26,       -1.47,
      651.78,       -1.47,
      652.34,       -1.43,
      652.85,       -1.51,
      653.37,       -1.52,
      653.93,       -1.51,
      654.41,       -1.55,
      654.93,       -1.55,
      655.45,       -1.56,
      655.93,       -1.60,
      656.45,       -1.44,
      656.97,       -1.49,
      657.49,       -1.51,
      658.00,       -1.51,
      658.48,       -1.50,
      658.96,       -1.44,
      659.48,       -1.46,
      660.00,       -1.42,
      660.56,       -1.38,
      661.08,       -1.38,
      661.60,       -1.38,
      662.16,       -1.37,
      662.67,       -1.35,
      663.19,       -1.29,
      663.71,       -1.29,
      664.19,       -1.26,
      664.71,       -1.21,
      665.23,       -1.22,
      665.75,       -1.16,
      666.23,       -1.12,
      666.71,       -1.07,
      667.23,       -1.06,
      667.74,       -1.07,
      668.26,       -1.07,
      668.82,       -1.03,
      669.30,       -1.02,
      669.86,       -1.01,
      670.38,       -0.94,
      670.90,       -0.94,
      671.42,       -0.93,
      671.90,       -0.97,
      672.42,       -0.94,
      672.93,       -0.94,
      673.45,       -0.95,
      673.93,       -0.96,
      674.45,       -0.97,
      674.93,       -0.96,
      675.45,       -0.91,
      675.97,       -0.91,
      676.49,       -0.91,
      677.01,       -0.92,
      677.53,       -0.92,
      678.08,       -0.90,
      678.60,       -0.82,
      679.12,       -0.89,
      679.64,       -0.90,
      680.12,       -0.90,
      680.64,       -0.88,
      681.16,       -0.90,
      681.64,       -0.91,
      682.16,       -0.93,
      682.63,       -0.92,
      683.15,       -0.91,
      683.67,       -0.93,
      684.19,       -0.95,
      684.71,       -0.95,
      685.23,       -0.94,
      685.75,       -0.98,
      686.31,       -1.03,
      686.83,       -1.05,
      687.35,       -1.10,
      687.86,       -1.07,
      688.34,       -1.11,
      688.86,       -1.12,
      689.38,       -1.11,
      689.86,       -1.15,
      690.38,       -1.16,
      690.86,       -1.20,
      691.38,       -1.28,
      691.90,       -1.51,
      692.42,       -1.68,
      692.93,       -1.80,
      693.45,       -1.90,
      694.01,       -1.90,
      694.53,       -1.91,
      695.05,       -1.90,
      695.57,       -1.86,
      696.09,       -1.87,
      696.61,       -1.94,
      697.09,       -1.92,
      697.61,       -2.01,
      698.12,       -2.03,
      698.60,       -1.99,
      699.12,       -2.10,
      699.60,       -2.12,
      700.12,       -2.12,
      700.64,       -2.21,
      701.20,       -2.22,
      701.72,       -2.22,
      702.24,       -2.26,
      702.79,       -2.28,
      703.31,       -2.38,
      703.79,       -2.39,
      704.31,       -2.41,
      704.83,       -2.47,
      705.35,       -2.49,
      705.83,       -2.51,
      706.35,       -2.58,
      706.83,       -2.60,
      707.35,       -2.60,
      707.86,       -2.64,
      708.38,       -2.70,
      708.90,       -2.74,
      709.42,       -2.77,
      709.98,       -2.78,
      710.50,       -2.87,
      711.02,       -2.93,
      711.50,       -2.95,
      712.02,       -2.98,
      712.54,       -3.02,
      713.05,       -3.03,
      713.53,       -3.04,
      714.05,       -3.03,
      714.53,       -3.03,
      715.05,       -3.06,
      715.53,       -3.08,
      716.05,       -3.01,
      716.61,       -2.95,
      717.13,       -2.94,
      717.64,       -2.92,
      718.20,       -2.86,
      718.72,       -2.80,
      719.24,       -2.72,
      719.72,       -2.64,
      720.24,       -2.56,
      720.76,       -2.55,
      721.28,       -2.56,
      721.76,       -2.51,
      722.28,       -2.47,
      722.75,       -2.47,
      723.23,       -2.41,
      723.75,       -2.38,
      724.27,       -2.38,
      724.83,       -2.29,
      725.35,       -2.25,
      725.87,       -2.21,
      726.39,       -2.19,
      726.91,       -2.19,
      727.39,       -2.09,
      727.90,       -2.08,
      728.42,       -2.14,
      728.94,       -2.08,
      729.46,       -2.07,
      729.94,       -2.02,
      730.42,       -1.98,
      730.90,       -2.01,
      731.46,       -1.98,
      731.98,       -1.94,
      732.54,       -1.93,
      733.05,       -1.87,
      733.57,       -1.85,
      734.09,       -1.83,
      734.61,       -1.80,
      735.09,       -1.76,
      735.61,       -1.74,
      736.13,       -1.69,
      736.65,       -1.64,
      737.17,       -1.60,
      737.64,       -1.57,
      738.12,       -1.52,
      738.60,       -1.46,
      739.08,       -1.51,
      739.64,       -1.39,
      740.16,       -1.36,
      740.68,       -1.38,
      741.24,       -1.29,
      741.76,       -1.27,
      742.28,       -1.20,
      742.75,       -1.14,
      743.27,       -1.11,
      743.79,       -1.01,
      744.31,       -0.98,
      744.79,       -0.92,
      745.31,       -0.88,
      745.83,       -0.89,
      746.27,       -0.84,
      746.79,       -0.80,
      747.27,       -0.74,
      747.82,       -0.63,
      748.34,       -0.56,
      748.86,       -0.48,
      749.42,       -0.44,
      749.94,       -0.38,
      750.46,       -0.33,
      750.94,       -0.28,
      751.42,       -0.20,
      751.94,       -0.17,
      752.46,       -0.09,
      752.97,       -0.02,
      753.49,       -0.00,
      753.93,        0.07,
      754.45,        0.15,
      754.93,        0.23,
      755.45,        0.31,
      755.97,        0.35,
      756.53,        0.37,
      757.05,        0.42,
      757.57,        0.49,
      758.08,        0.55,
      758.60,        0.61,
      759.08,        0.63,
      759.60,        0.64,
      760.12,        0.68,
      760.64,        0.73,
      761.12,        0.79,
      761.60,        0.85,
      762.08,        0.92,
      762.60,        0.95,
      763.07,        0.99,
      763.63,        1.05,
      764.15,        1.08,
      764.67,        1.11,
      765.23,        1.15,
      765.75,        1.22,
      766.27,        1.25,
      766.75,        1.29,
      767.23,        1.33,
      767.74,        1.33,
      768.26,        1.36,
      768.78,        1.38,
      769.26,        1.41,
      769.78,        1.43,
      770.26,        1.45,
      770.74,        1.50,
      771.26,        1.49,
      771.78,        1.51,
      772.34,        1.49,
      772.85,        1.48,
      773.37,        1.52,
      773.93,        1.54,
      774.41,        1.54,
      774.93,        1.58,
      775.41,        1.60,
      775.93,        1.59,
      776.41,        1.53,
      776.93,        1.50,
      777.45,        1.47,
      777.92,        1.50,
      778.44,        1.38,
      778.92,        1.24,
      779.44,        0.94,
      779.96,        0.58,
      780.52,        0.25,
      781.04,       -0.12,
      781.56,       -0.52,
      782.08,       -0.92,
      782.60,       -1.31,
      783.07,       -1.66,
      783.59,       -2.00,
      784.07,       -2.21,
      784.59,       -2.26,
      785.11,       -2.16,
      785.63,       -2.06,
      786.11,       -1.96,
      786.59,       -1.95,
      787.11,       -1.99,
      787.63,       -1.95,
      788.14,       -1.97,
      788.70,       -2.05,
      789.22,       -2.04,
      789.74,       -2.07,
      790.26,       -2.10,
      790.78,       -2.16,
      791.26,       -2.20,
      791.74,       -2.21,
      792.26,       -2.25,
      792.77,       -2.26,
      793.29,       -2.27,
      793.77,       -2.30,
      794.29,       -2.30,
      794.77,       -2.75,
      795.29,       -2.28,
      795.81,       -2.25,
      796.37,       -2.24,
      796.89,       -2.21,
      797.41,       -2.21,
      797.96,       -2.21,
      798.44,       -2.10,
      798.96,       -2.03,
      799.44,       -2.00,
      799.92,       -1.96,
      800.44,       -1.95,
      800.96,       -1.95,
      801.48,       -1.95,
      801.96,       -1.94,
      802.44,       -1.84,
      802.95,       -1.74,
      803.47,       -1.64,
      803.99,       -1.69,
      804.55,       -1.79,
      805.07,       -1.75,
      805.59,       -1.75,
      806.11,       -1.64,
      806.63,       -1.64,
      807.11,       -1.68,
      807.59,       -1.64,
      808.10,       -1.72,
      808.62,       -1.74,
      809.14,       -1.66,
      809.62,       -1.69,
      810.14,       -1.62,
      810.62,       -1.63,
      811.10,       -1.65,
      811.66,       -1.60,
      812.18,       -1.67,
      812.69,       -1.64,
      813.25,       -1.55,
      813.77,       -1.54,
      814.29,       -1.49,
      814.73,       -1.47,
      815.25,       -1.51,
      815.73,       -1.46,
      816.25,       -1.48,
      816.77,       -1.46,
      817.29,       -1.54,
      817.76,       -1.52,
      818.24,       -1.51,
      818.76,       -1.51,
      819.28,       -1.46,
      819.80,       -1.51,
      820.32,       -1.57,
      820.88,       -1.49,
      821.40,       -1.48,
      821.92,       -1.45,
      822.40,       -1.44,
      822.87,       -1.45,
      823.35,       -1.42,
      823.87,       -1.40,
      824.39,       -1.39,
      824.91,       -1.35,
      825.39,       -1.38,
      825.91,       -1.33,
      826.39,       -1.24,
      826.87,       -1.21,
      827.39,       -1.16,
      827.94,       -1.19,
      828.46,       -1.20,
      828.98,       -1.22,
      829.54,       -1.25,
      830.02,       -1.22,
      830.50,       -1.19,
      830.98,       -1.16,
      831.50,       -1.09,
      832.02,       -1.08,
      832.50,       -1.03,
      833.01,       -1.02,
      833.53,       -1.03,
      834.01,       -1.01,
      834.49,       -1.01,
      835.01,       -0.95,
      835.53,       -0.92,
      836.05,       -0.88,
      836.61,       -0.81,
      837.13,       -0.83,
      837.61,       -0.79,
      838.12,       -0.70,
      838.60,       -0.69,
      839.08,       -0.63,
      839.60,       -0.59,
      840.12,       -0.58,
      840.64,       -0.54,
      841.16,       -0.51,
      841.64,       -0.47,
      842.12,       -0.47,
      842.64,       -0.49,
      843.15,       -0.48,
      843.67,       -0.44,
      844.23,       -0.38,
      844.75,       -0.32,
      845.23,       -0.27,
      845.75,       -0.22,
      846.27,       -0.18,
      846.75,       -0.13,
      847.23,       -0.03,
      847.74,        0.04,
      848.26,        0.09,
      848.78,        0.15,
      849.26,        0.22,
      849.78,        0.32,
      850.26,        0.35,
      850.78,        0.36,
      851.30,        0.43,
      851.82,        0.46,
      852.34,        0.52,
      852.85,        0.53,
      853.37,        0.55,
      853.89,        0.60,
      854.37,        0.65,
      854.89,        0.72,
      855.37,        0.76,
      855.89,        0.74,
      856.41,        0.74,
      856.89,        0.72,
      857.41,        0.70,
      857.88,        0.71,
      858.40,        0.62,
      858.88,        0.51,
      859.44,        0.46,
      859.96,        0.37,
      860.48,        0.30,
      861.00,        0.25,
      861.52,        0.25,
      862.04,        0.24,
      862.52,        0.25,
      862.99,        0.22,
      863.51,        0.20,
      864.03,        0.16,
      864.55,        0.11,
      865.07,        0.05,
      865.55,       -0.11,
      866.03,       -0.41,
      866.55,       -0.80,
      867.03,       -1.21,
      867.59,       -1.65,
      868.10,       -2.09,
      868.62,       -2.50,
      869.14,       -2.93,
      869.66,       -3.39,
      870.18,       -3.82,
      870.66,       -4.21,
      871.18,       -4.36,
      871.66,       -4.32,
      872.18,       -4.26,
      872.70,       -4.23,
      873.21,       -4.27,
      873.69,       -4.34,
      874.17,       -4.38,
      874.69,       -4.47,
      875.21,       -4.49,
      875.73,       -4.49,
      876.25,       -4.49,
      876.77,       -4.43,
      877.33,       -4.41,
      877.84,       -4.39,
      878.32,       -4.37,
      878.84,       -4.38,
      879.32,       -4.37,
      879.84,       -4.38,
      880.36,       -4.37,
      880.88,       -4.36,
      881.36,       -4.34,
      881.88,       -4.33,
      882.36,       -4.32,
      882.83,       -4.33,
      883.35,       -4.33,
      883.87,       -4.33,
      884.43,       -4.28,
      884.95,       -4.27,
      885.47,       -4.17,
      885.99,       -3.69,
      886.51,       -4.15,
      886.99,       -4.11,
      887.51,       -4.06,
      888.02,       -4.01,
      888.54,       -3.94,
      889.02,       -3.89,
      889.54,       -3.89,
      890.02,       -3.87,
      890.50,       -3.82,
      890.98,       -3.77,
      891.50,       -3.69,
      892.02,       -3.61,
      892.58,       -3.55,
      893.09,       -3.49,
      893.61,       -3.40,
      894.17,       -3.33,
      894.65,       -3.28,
      895.13,       -3.22,
      895.65,       -3.12,
      896.17,       -3.04,
      896.69,       -2.95,
      897.17,       -2.88,
      897.69,       -2.84,
      898.16,       -2.78,
      898.64,       -2.75,
      899.16,       -2.72,
      899.68,       -2.65,
      900.24,       -2.60,
      900.76,       -2.51,
      901.28,       -2.43,
      901.80,       -2.40,
      902.32,       -2.35,
      902.79,       -2.27,
      903.31,       -2.20,
      903.83,       -2.15,
      904.35,       -2.12,
      904.87,       -2.03,
      905.35,       -1.97,
      905.83,       -1.87,
      906.31,       -1.79,
      906.83,       -1.71,
      907.35,       -1.60,
      907.90,       -1.53,
      908.42,       -1.45,
      908.94,       -1.38,
      909.50,       -1.32,
      910.02,       -1.29,
      910.50,       -1.25,
      911.02,       -1.16,
      911.50,       -1.11,
      912.02,       -1.11,
      912.54,       -1.00,
      913.05,       -0.96,
      913.53,       -0.88,
      914.01,       -0.83,
      914.49,       -0.80,
      915.01,       -0.68,
      915.53,       -0.59,
      916.09,       -0.63,
      916.61,       -0.55,
      917.17,       -0.47,
      917.69,       -0.40,
      918.16,       -0.32,
      918.68,       -0.37,
      919.16,       -0.34,
      919.68,       -0.25,
      920.20,       -0.29,
      920.68,       -0.17,
      921.20,       -0.20,
      921.68,       -0.14,
      922.16,       -0.05,
      922.68,       -0.02,
      923.19,        0.07,
      923.71,        0.14,
      924.23,        0.13,
      924.79,        0.18,
      925.31,        0.15,
      925.83,        0.23,
      926.31,        0.30,
      926.79,        0.32,
      927.31,        0.36,
      927.82,        0.37,
      928.34,        0.42,
      928.82,        0.45,
      929.34,        0.44,
      929.82,        0.48,
      930.30,        0.43,
      930.82,        0.40,
      931.34,        0.37,
      931.90,        0.13,
      932.42,       -0.16,
      932.93,       -0.50,
      933.45,       -0.82,
      933.97,       -1.14,
      934.45,       -1.51,
      934.97,       -1.89,
      935.49,       -2.24,
      935.97,       -2.55,
      936.49,       -2.83,
      936.97,       -3.16,
      937.49,       -3.48,
      937.96,       -3.83,
      938.44,       -4.14,
      939.00,       -4.40,
      939.52,       -4.51,
      940.04,       -4.61,
      940.60,       -4.72,
      941.12,       -4.74,
      941.64,       -4.89,
      942.12,       -4.96,
      942.64,       -4.95,
      943.11,       -5.03,
      943.63,       -5.06,
      944.15,       -5.09,
      944.67,       -5.16,
      945.15,       -5.28,
      945.67,       -5.37,
      946.15,       -5.47,
      946.67,       -5.49,
      947.19,       -5.49,
      947.71,       -5.48,
      948.22,       -5.55,
      948.78,       -5.57,
      949.30,       -5.60,
      949.82,       -5.62,
      950.34,       -5.63,
      950.82,       -5.64,
      951.34,       -5.64,
      951.82,       -5.67,
      952.34,       -5.70,
      952.85,       -5.67,
      953.33,       -5.66,
      953.85,       -5.66,
      954.33,       -5.66,
      954.85,       -5.63,
      955.37,       -5.55,
      955.93,       -5.49,
      956.45,       -5.47,
      956.97,       -5.48,
      957.49,       -5.47,
      958.00,       -5.47,
      958.52,       -5.48,
      959.00,       -5.42,
      959.52,       -5.41,
      960.04,       -5.42,
      960.56,       -5.36,
      961.04,       -5.29,
      961.56,       -5.21,
      962.04,       -5.14,
      962.56,       -5.15,
      963.07,       -5.19,
      963.59,       -5.23,
      964.15,       -5.21,
      964.67,       -5.14,
      965.19,       -5.09,
      965.75,       -5.05,
      966.27,       -4.99,
      966.75,       -4.98,
      967.23,       -4.93,
      967.74,       -4.94,
      968.26,       -4.92,
      968.78,       -4.93,
      969.30,       -4.92,
      969.82,       -4.88,
      970.30,       -4.85,
      970.78,       -4.79,
      971.34,       -4.74,
      971.86,       -4.69,
      972.38,       -4.68,
      972.93,       -4.67,
      973.45,       -4.58,
      973.97,       -4.54,
      974.49,       -4.48,
      975.01,       -4.47,
      975.53,       -4.48,
      976.05,       -4.44,
      976.53,       -4.42,
      977.05,       -4.44,
      977.57,       -4.39,
      978.04,       -4.36,
      978.56,       -4.34,
      979.08,       -4.35,
      979.60,       -4.35,
      980.16,       -4.35,
      980.68,       -4.33,
      981.20,       -4.31,
      981.76,       -4.31,
      982.24,       -4.30,
      982.76,       -4.28,
      983.27,       -4.27,
      983.79,       -4.25,
      984.31,       -4.18,
      984.83,       -4.17,
      985.31,       -4.16,
      985.83,       -4.15,
      986.35,       -4.14,
      986.83,       -4.15,
      987.35,       -4.12,
      987.90,       -4.15,
      988.42,       -4.13,
      988.94,       -4.10,
      989.50,       -4.09,
      989.98,       -4.09,
      990.54,       -4.09,
      991.06,       -4.05,
      991.58,       -4.10,
      992.06,       -4.10,
      992.58,       -4.14,
      993.09,       -4.14,
      993.61,       -4.13,
      994.09,       -4.15,
      994.61,       -4.16,
      995.13,       -4.15,
      995.65,       -4.20,
      996.17,       -4.25,
      996.73,       -4.22,
      997.25,       -4.23,
      997.77,       -4.30,
      998.28,       -4.28,
      998.80,       -4.31,
      999.32,       -4.38,
      999.84,       -4.31,
     1000.32,       -4.34,
     1000.84,       -4.38,
     1001.36,       -4.36,
     1001.88,       -4.37,
     1002.36,       -4.35,
     1002.87,       -4.35,
     1003.39,       -4.31,
     1003.91,       -4.30,
     1004.43,       -4.31,
     1004.99,       -4.30,
     1005.47,       -4.30,
     1006.03,       -4.30,
     1006.55,       -4.29,
     1007.07,       -4.29,
     1007.59,       -4.26,
     1008.06,       -4.25,
     1008.58,       -4.25,
     1009.10,       -4.23,
     1009.62,       -4.25,
     1010.10,       -4.22,
     1010.62,       -4.22,
     1011.14,       -4.25,
     1011.66,       -4.21,
     1012.18,       -4.30,
     1012.70,       -4.31,
     1013.21,       -4.27,
     1013.77,       -4.33,
     1014.29,       -4.31,
     1014.81,       -4.26,
     1015.33,       -4.31,
     1015.81,       -4.27,
     1016.33,       -4.27,
     1016.85,       -4.39,
     1017.37,       -4.36,
     1017.84,       -4.38,
     1018.36,       -4.48,
     1018.84,       -4.44,
     1019.40,       -4.46,
     1019.92,       -4.52,
     1020.44,       -4.44,
     1020.96,       -4.48,
     1021.48,       -4.48,
     1022.04,       -4.43,
     1022.56,       -4.47,
     1023.07,       -4.48,
     1023.55,       -4.43,
     1024.07,       -4.48,
     1024.59,       -4.47,
     1025.11,       -4.41,
     1025.63,       -4.43,
     1026.11,       -4.42,
     1026.63,       -4.39,
     1027.15,       -4.34,
     1027.67,       -4.31,
     1028.18,       -4.25,
     1028.70,       -4.17,
     1029.22,       -4.12,
     1029.78,       -4.04,
     1030.30,       -3.95,
     1030.82,       -3.91,
     1031.34,       -3.90,
     1031.86,       -3.85,
     1032.34,       -3.79,
     1032.85,       -3.75,
     1033.37,       -3.74,
     1033.89,       -3.72,
     1034.37,       -3.69,
     1034.89,       -3.65,
     1035.41,       -3.65,
     1035.93,       -3.57,
     1036.45,       -3.54,
     1036.97,       -3.54,
     1037.49,       -3.48,
     1038.04,       -3.43,
     1038.56,       -3.44,
     1039.08,       -3.43,
     1039.60,       -3.42,
     1040.08,       -3.35,
     1040.60,       -3.32,
     1041.12,       -3.30,
     1041.64,       -3.21,
     1042.12,       -3.15,
     1042.64,       -3.17,
     1043.15,       -3.13,
     1043.67,       -3.04,
     1044.19,       -3.03,
     1044.71,       -2.99,
     1045.27,       -2.94,
     1045.79,       -2.88,
     1046.31,       -2.85,
     1046.83,       -2.84,
     1047.35,       -2.81,
     1047.86,       -2.77,
     1048.38,       -2.74,
     1048.90,       -2.71,
     1049.38,       -2.67,
     1049.90,       -2.65,
     1050.38,       -2.64,
     1050.90,       -2.64,
     1051.42,       -2.59,
     1051.94,       -2.56,
     1052.46,       -2.53,
     1053.01,       -2.51,
     1053.53,       -2.47,
     1054.05,       -2.44,
     1054.57,       -2.40,
     1055.09,       -2.39,
     1055.61,       -2.38,
     1056.13,       -2.33,
     1056.65,       -2.29,
     1057.13,       -2.33,
     1057.65,       -2.37,
     1058.16,       -2.36,
     1058.64,       -2.45,
     1059.16,       -2.61,
     1059.68,       -2.91,
     1060.20,       -3.26,
     1060.72,       -3.58,
     1061.28,       -3.93,
     1061.80,       -4.24,
     1062.32,       -4.61,
     1062.83,       -4.99,
     1063.35,       -5.31,
     1063.87,       -5.53,
     1064.39,       -5.66,
     1064.91,       -5.71,
     1065.39,       -5.82,
     1065.91,       -5.92,
     1066.43,       -5.92,
     1066.91,       -5.97,
     1067.43,       -6.05,
     1067.94,       -6.03,
     1068.50,       -6.06,
     1069.02,       -6.08,
     1069.54,       -6.07,
     1070.10,       -6.05,
     1070.58,       -6.05,
     1071.10,       -6.05,
     1071.62,       -6.01,
     1072.14,       -5.97,
     1072.66,       -5.96,
     1073.17,       -5.96,
     1073.65,       -5.99,
     1074.17,       -5.89,
     1074.69,       -5.75,
     1075.17,       -5.66,
     1075.69,       -5.55,
     1076.25,       -5.50,
     1076.77,       -5.50,
     1077.29,       -5.47,
     1077.81,       -5.39,
     1078.36,       -5.29,
     1078.84,       -5.22,
     1079.36,       -5.18,
     1079.88,       -5.22,
     1080.40,       -5.17,
     1080.92,       -5.11,
     1081.40,       -5.06,
     1081.92,       -4.94,
     1082.40,       -4.90,
     1082.87,       -4.90,
     1083.39,       -4.83,
     1083.91,       -4.73,
     1084.47,       -4.78,
     1084.99,       -4.74,
     1085.55,       -4.64,
     1086.07,       -4.61,
     1086.59,       -4.59,
     1087.11,       -4.55,
     1087.63,       -4.52,
     1088.14,       -4.46,
     1088.66,       -4.40,
     1089.18,       -4.48,
     1089.66,       -4.48,
     1090.14,       -4.44,
     1090.66,       -4.44,
     1091.18,       -4.43,
     1091.70,       -4.37,
     1092.22,       -4.36,
     1092.78,       -4.38,
     1093.29,       -4.37,
     1093.81,       -4.40,
     1094.33,       -4.39,
     1094.85,       -4.39,
     1095.33,       -4.40,
     1095.85,       -4.44,
     1096.37,       -4.44,
     1096.89,       -4.44,
     1097.41,       -4.44,
     1097.88,       -4.44,
     1098.40,       -4.46,
     1098.88,       -4.49,
     1099.40,       -4.49,
     1099.96,       -4.44,
     1100.48,       -4.38,
     1101.00,       -4.36,
     1101.56,       -4.39,
     1102.08,       -4.39,
     1102.60,       -4.37,
     1103.11,       -4.35,
     1103.63,       -4.35,
     1104.15,       -4.37,
     1104.63,       -4.33,
     1105.15,       -4.30,
     1105.63,       -4.31,
     1106.15,       -4.33,
     1106.63,       -4.33,
     1107.15,       -4.35,
     1107.71,       -4.34,
     1108.22,       -4.35,
     1108.74,       -4.35,
     1109.30,       -4.35,
     1109.82,       -4.35,
     1110.34,       -4.33,
     1110.86,       -4.30,
     1111.34,       -4.24,
     1111.86,       -4.22,
     1112.38,       -4.12,
     1112.89,       -4.16,
     1113.37,       -4.16,
     1113.85,       -4.16,
     1114.37,       -4.15,
     1114.85,       -4.15,
     1115.41,       -4.13,
     1115.93,       -4.10,
     1116.45,       -4.12,
     1117.01,       -4.05,
     1117.53,       -4.02,
     1118.04,       -3.96,
     1118.56,       -3.87,
     1119.08,       -3.82,
     1119.60,       -3.82,
     1120.12,       -3.84,
     1120.60,       -3.83,
     1121.08,       -3.82,
     1121.60,       -3.83,
     1122.08,       -3.82,
     1122.60,       -3.77,
     1123.11,       -3.74,
     1123.63,       -3.79,
     1124.19,       -3.79,
     1124.71,       -3.75,
     1125.23,       -3.70,
     1125.75,       -3.66,
     1126.27,       -3.64,
     1126.79,       -3.57,
     1127.31,       -3.50,
     1127.83,       -3.49,
     1128.34,       -3.44,
     1128.82,       -3.39,
     1129.30,       -3.35,
     1129.82,       -3.30,
     1130.30,       -3.29,
     1130.82,       -3.24,
     1131.34,       -3.19,
     1131.86,       -3.17,
     1132.42,       -3.14,
     1132.93,       -3.08,
     1133.49,       -3.04,
     1134.01,       -2.99,
     1134.53,       -2.95,
     1135.01,       -2.93,
     1135.53,       -2.94,
     1136.05,       -2.93,
     1136.53,       -2.93,
     1137.05,       -2.91,
     1137.53,       -2.84,
     1138.04,       -2.83,
     1138.52,       -2.82,
     1139.04,       -2.78,
     1139.56,       -2.78,
     1140.12,       -2.78,
     1140.64,       -2.71,
     1141.20,       -2.73,
     1141.72,       -2.71,
     1142.24,       -2.67,
     1142.76,       -2.67,
     1143.23,       -2.62,
     1143.75,       -2.58,
     1144.23,       -2.57,
     1144.75,       -2.54,
     1145.27,       -2.48,
     1145.75,       -2.47,
     1146.27,       -2.45,
     1146.75,       -2.39,
     1147.31,       -2.36,
     1147.83,       -2.33,
     1148.34,       -2.25,
     1148.90,       -2.21,
     1149.42,       -2.17,
     1149.94,       -2.15,
     1150.46,       -2.14,
     1150.98,       -2.08,
     1151.50,       -2.05,
     1151.98,       -2.10,
     1152.50,       -2.11,
     1152.97,       -2.15,
     1153.49,       -2.13,
     1153.97,       -2.08,
     1154.49,       -2.03,
     1155.01,       -2.04,
     1155.53,       -2.03,
     1156.09,       -2.13,
     1156.61,       -2.18,
     1157.13,       -2.31,
     1157.69,       -2.43,
     1158.20,       -2.55,
     1158.72,       -2.60,
     1159.20,       -2.64,
     1159.72,       -2.67,
     1160.20,       -2.64,
     1160.72,       -2.66,
     1161.24,       -2.65,
     1161.72,       -2.65,
     1162.24,       -2.68,
     1162.72,       -2.69,
     1163.27,       -2.69,
     1163.79,       -2.67,
     1164.31,       -2.69,
     1164.87,       -2.72,
     1165.39,       -2.69,
     1165.91,       -2.70,
     1166.43,       -2.69,
     1166.95,       -2.64,
     1167.43,       -2.57,
     1167.94,       -2.52,
     1168.46,       -2.56,
     1168.94,       -2.57,
     1169.46,       -2.59,
     1169.94,       -2.60,
     1170.46,       -2.56,
     1170.98,       -2.52,
     1171.50,       -2.45,
     1172.02,       -2.42,
     1172.58,       -2.38,
     1173.09,       -2.38,
     1173.61,       -2.34,
     1174.17,       -2.30,
     1174.65,       -2.38,
     1175.13,       -2.43,
     1175.65,       -2.44,
     1176.17,       -2.39,
     1176.69,       -2.38,
     1177.17,       -2.38,
     1177.69,       -2.42,
     1178.16,       -2.44,
     1178.68,       -2.46,
     1179.20,       -2.54,
     1179.72,       -2.67,
     1180.28,       -2.72,
     1180.80,       -2.75,
     1181.36,       -2.75,
     1181.88,       -2.78,
     1182.40,       -2.77,
     1182.88,       -2.77,
     1183.39,       -2.82,
     1183.91,       -2.88,
     1184.39,       -2.90,
     1184.91,       -2.93,
     1185.39,       -2.93,
     1185.91,       -2.91,
     1186.39,       -2.91,
     1186.91,       -2.90,
     1187.47,       -2.90,
     1187.98,       -2.89,
     1188.50,       -2.86,
     1189.06,       -2.92,
     1189.58,       -2.92,
     1190.10,       -2.86,
     1190.58,       -2.82,
     1191.10,       -2.76,
     1191.58,       -2.73,
     1192.10,       -2.73,
     1192.62,       -2.70,
     1193.09,       -2.67,
     1193.61,       -2.63,
     1194.09,       -2.60,
     1194.61,       -2.56,
     1195.13,       -2.52,
     1195.65,       -2.49,
     1196.17,       -2.44,
     1196.73,       -2.42,
     1197.25,       -2.38,
     1197.77,       -2.32,
     1198.24,       -2.25,
     1198.76,       -2.22,
     1199.28,       -2.17,
     1199.76,       -2.12,
     1200.28,       -2.04,
     1200.80,       -1.99,
     1201.28,       -1.95,
     1201.80,       -1.92,
     1202.28,       -1.86,
     1202.80,       -1.81,
     1203.31,       -1.75,
     1203.83,       -1.74,
     1204.39,       -1.68,
     1204.91,       -1.60,
     1205.43,       -1.55,
     1205.95,       -1.50,
     1206.43,       -1.47,
     1206.91,       -1.42,
     1207.43,       -1.40,
     1207.94,       -1.38,
     1208.46,       -1.31,
     1208.94,       -1.29,
     1209.42,       -1.26,
     1209.90,       -1.23,
     1210.38,       -1.20,
     1210.86,       -1.16,
     1211.38,       -1.17,
     1211.86,       -1.16,
     1212.34,       -1.07,
     1212.82,       -1.03,
     1213.29,       -1.01,
     1213.77,       -0.98,
     1214.21,       -0.98,
     1214.65,       -0.95,
     1215.09,       -0.91,
     1215.53,       -0.90,
     1215.93,       -0.85,
     1216.37,       -0.83,
     1216.77,       -0.80,
     1217.17,       -0.77,
     1217.57,       -0.77,
     1217.96,       -0.78,
     1218.36,       -0.75,
     1218.76,       -0.72,
     1219.16,       -0.70,
     1219.56,       -0.72,
     1219.96,       -0.73,
     1220.40,       -0.70,
     1220.76,       -0.72,
     1221.16,       -0.76,
     1221.52,       -0.77,
     1221.84,       -0.77,
     1222.20,       -0.80,
     1222.56,       -0.84,
     1222.91,       -0.84,
     1223.27,       -0.84,
     1223.63,       -0.89,
     1223.91,       -0.91,
     1224.19,       -0.95,
     1224.43,       -1.03,
     1224.67,       -1.06,
     1224.91,       -1.10,
     1225.11,       -1.12,
     1225.27,       -1.12,
     1225.43,       -1.13,
     1225.59,       -1.13,
     1225.71,       -1.12,
     1225.79,       -1.16,
     1225.91,       -1.20,
     1225.95,       -1.20,
     1226.03,       -1.21,
     1226.07,       -1.25,
     1226.11,       -1.25,