       -0.00,       -2.95,
        0.04,       -2.95,
        0.12,       -2.94,
        0.16,       -2.93,
        0.24,       -2.92,
        0.32,       -2.92,
        0.36,       -2.86,
        0.44,       -2.86,
        0.52,       -2.84,
        0.60,       -2.82,
        0.68,       -2.82,
        0.76,       -2.78,
        0.84,       -2.75,
        0.96,       -2.75,
        1.04,       -2.73,
        1.12,       -2.73,
        1.24,       -2.68,
        1.36,       -2.64,
        1.44,       -2.70,
        1.56,       -2.61,
        1.68,       -2.57,
        1.80,       -2.59,
        1.96,       -2.51,
        2.08,       -2.50,
        2.24,       -2.47,
        2.35,       -2.43,
        2.51,       -2.46,
        2.67,       -1.93,
        2.83,       -2.40,
        2.99,       -2.42,
        3.19,       -2.41,
        3.35,       -2.40,
        3.55,       -2.39,
        3.75,       -2.35,
        3.95,       -2.35,
        4.15,       -2.37,
        4.35,       -2.33,
        4.55,       -2.35,
        4.79,       -2.34,
        4.99,       -2.31,
        5.23,       -2.29,
        5.47,       -2.25,
        5.71,       -2.25,
        5.95,       -2.27,
        6.19,       -2.25,
        6.43,       -2.26,
        6.67,       -2.27,
        6.91,       -2.27,
        7.15,       -2.26,
        7.38,       -2.23,
        7.62,       -2.25,
        7.86,       -2.25,
        8.10,       -2.25,
        8.34,       -2.29,
        8.62,       -2.27,
        8.86,       -2.26,
        9.10,       -2.25,
        9.38,       -2.22,
        9.62,       -2.25,
        9.90,       -2.23,
       10.14,       -2.23,
       10.42,       -2.25,
       10.66,       -2.27,
       10.94,       -2.28,
       11.18,       -2.26,
       11.46,       -2.21,
       11.74,       -2.24,
       12.02,       -2.22,
       12.29,       -2.20,
       12.57,       -2.22,
       12.89,       -2.16,
       13.17,       -2.14,
       13.49,       -2.14,
       13.81,       -2.08,
       14.09,       -2.08,
       14.41,       -2.04,
       14.69,       -2.02,
       15.01,       -2.03,
       15.29,       -1.99,
       15.61,       -1.97,
       15.93,       -1.94,
       16.25,       -1.92,
       16.53,       -1.96,
       16.85,       -1.99,
       17.17,       -1.99,
       17.48,       -1.99,
       17.76,       -2.01,
       18.08,       -2.00,
       18.40,       -2.02,
       18.72,       -1.95,
       19.04,       -1.90,
       19.36,       -1.89,
       19.68,       -2.21,
       20.00,       -1.85,
       20.32,       -1.88,
       20.64,       -1.86,
       21.00,       -1.87,
       21.36,       -1.86,
       21.72,       -1.82,
       22.08,       -1.82,
       22.39,       -1.81,
       22.75,       -1.80,
       23.07,       -1.82,
       23.43,       -1.81,
       23.75,       -1.85,
       24.11,       -1.78,
       24.47,       -1.72,
       24.79,       -1.72,
       25.15,       -1.73,
       25.51,       -1.69,
       25.87,       -1.65,
       26.23,       -1.61,
       26.59,       -1.62,
       26.95,       -1.61,
       27.27,       -1.62,
       27.62,       -1.61,
       27.98,       -1.61,
       28.30,       -1.59,
       28.70,       -1.56,
       29.06,       -1.55,
       29.46,       -1.52,
       29.86,       -1.52,
       30.26,       -1.51,
       30.62,       -1.45,
       30.98,       -1.44,
       31.38,       -1.38,
       31.74,       -1.33,
       32.10,       -1.28,
       32.45,       -1.21,
       32.85,       -1.15,
       33.21,       -1.11,
       33.61,       -1.12,
       33.97,       -1.11,
       34.33,       -1.07,
       34.69,       -1.01,
       35.09,       -0.98,
       35.45,       -0.95,
       35.81,       -0.92,
       36.21,       -0.87,
       36.57,       -0.86,
       36.97,       -0.83,
       37.40,       -0.81,
       37.80,       -0.79,
       38.20,       -0.79,
       38.60,       -0.76,
       38.96,       -0.72,
       39.36,       -0.67,
       39.76,       -0.63,
       40.16,       -0.64,
       40.52,       -0.59,
       40.92,       -0.55,
       41.36,       -0.55,
       41.76,       -0.54,
       42.12,       -0.50,
       42.51,       -0.49,
       42.91,       -0.46,
       43.31,       -0.43,
       43.71,       -0.43,
       44.07,       -0.42,
       44.47,       -0.42,
       44.91,       -0.39,
       45.31,       -0.34,
       45.75,       -0.34,
       46.19,       -0.34,
       46.63,       -0.32,
       47.03,       -0.32,
       47.42,       -0.37,
       47.82,       -0.40,
       48.26,       -0.40,
       48.66,       -0.42,
       49.10,       -0.46,
       49.54,       -0.52,
       49.94,       -0.55,
       50.34,       -0.51,
       50.78,       -0.57,
       51.18,       -0.59,
       51.58,       -0.63,
       51.98,       -0.63,
       52.41,       -0.63,
       52.85,       -0.63,
       53.29,       -0.61,
       53.77,       -0.63,
       54.21,       -0.63,
       54.65,       -0.62,
       55.09,       -0.65,
       55.49,       -0.62,
       55.93,       -0.63,
       56.37,       -0.63,
       56.81,       -0.59,
       57.25,       -0.60,
       57.68,       -0.62,
       58.08,       -0.58,
       58.52,       -0.61,
       58.96,       -0.59,
       59.40,       -0.57,
       59.80,       -0.56,
       60.24,       -0.49,
       60.72,       -0.47,
       61.16,       -0.45,
       61.64,       -0.40,
       62.08,       -0.36,
       62.55,       -0.29,
       62.99,       -0.26,
       63.43,       -0.29,
       63.83,       -0.25,
       64.27,       -0.23,
       64.75,       -0.21,
       65.19,       -0.21,
       65.67,       -0.21,
       66.11,       -0.20,
       66.55,       -0.16,
       66.95,       -0.15,
       67.38,       -0.13,
       67.82,       -0.11,
       68.26,       -0.05,
       68.74,        0.00,
       69.22,       -0.02,
       69.70,       -0.00,
       70.14,        0.04,
       70.62,        0.07,
       71.06,        0.07,
       71.50,        0.07,
       71.94,        0.11,
       72.37,        0.17,
       72.85,        0.17,
       73.29,        0.19,
       73.77,        0.25,
       74.21,        0.29,
       74.65,        0.35,
       75.09,        0.35,
       75.57,        0.36,
       76.01,        0.38,
       76.45,        0.43,
       76.93,        0.46,
       77.40,        0.51,
       77.88,        0.49,
       78.36,        0.55,
       78.80,        0.57,
       79.28,        0.60,
       79.72,        0.66,
       80.20,        0.67,
       80.64,        0.68,
       81.12,        0.72,
       81.60,        0.68,
       82.04,        0.73,
       82.51,        0.75,
       82.95,        0.78,
       83.39,        0.81,
       83.83,        0.82,
       84.27,        0.84,
       84.75,        0.83,
       85.27,        0.88,
       85.75,        0.91,
       86.23,        0.89,
       86.71,        0.88,
       87.19,        0.89,
       87.62,        0.94,
       88.06,        0.96,
       88.54,        0.94,
       89.02,        0.94,
       89.50,        0.96,
       89.98,        0.94,
       90.42,        0.96,
       90.86,        0.98,
       91.30,        1.00,
       91.78,        1.00,
       92.22,        0.85,
       92.73,        0.61,
       93.21,        0.26,
       93.69,       -0.11,
       94.21,       -0.56,
       94.69,       -0.90,
       95.13,       -1.27,
       95.61,       -1.69,
       96.09,       -2.09,
       96.53,       -2.50,
       97.05,       -2.78,
       97.52,       -2.78,
       97.96,       -2.82,
       98.44,       -2.86,
       98.88,       -2.83,
       99.36,       -2.86,
       99.80,       -2.89,
      100.28,       -2.85,
      100.76,       -2.83,
      101.28,       -2.83,
      101.76,       -2.81,
      102.28,       -2.80,
      102.75,       -2.81,
      103.23,       -2.79,
      103.67,       -2.80,
      104.15,       -2.82,
      104.63,       -2.81,
      105.15,       -2.76,
      105.59,       -2.72,
      106.07,       -2.72,
      106.55,       -2.72,
      106.99,       -2.64,
      107.46,       -2.56,
      107.94,       -2.55,
      108.42,       -2.58,
      108.90,       -2.62,
      109.42,       -2.62,
      109.94,       -2.56,
      110.46,       -2.48,
      110.94,       -2.43,
      111.42,       -2.41,
      111.90,       -2.42,
      112.37,       -2.43,
      112.81,       -2.45,
      113.33,       -2.43,
      113.81,       -2.45,
      114.29,       -2.44,
      114.77,       -2.41,
      115.25,       -2.41,
      115.73,       -2.41,
      116.21,       -2.44,
      116.69,       -2.40,
      117.21,       -2.34,
      117.72,       -2.31,
      118.20,       -2.34,
      118.72,       -2.32,
      119.20,       -2.33,
      119.68,       -2.33,
      120.12,       -2.35,
      120.64,       -2.31,
      121.12,       -2.34,
      121.64,       -2.29,
      122.12,       -2.23,
      122.59,       -2.25,
      123.07,       -2.33,
      123.55,       -2.32,
      124.03,       -2.29,
      124.55,       -2.27,
      125.07,       -2.29,
      125.59,       -2.31,
      126.11,       -2.38,
      126.59,       -2.43,
      127.11,       -2.43,
      127.54,       -2.44,
      128.02,       -2.43,
      128.54,       -2.43,
      129.02,       -2.35,
      129.54,       -2.34,
      130.02,       -2.34,
      130.54,       -2.33,
      131.02,       -2.33,
      131.50,       -2.33,
      131.98,       -2.37,
      132.49,       -2.36,
      132.97,       -2.35,
      133.49,       -2.36,
      134.01,       -2.34,
      134.53,       -2.36,
      135.01,       -2.36,
      135.49,       -2.38,
      136.01,       -2.38,
      136.49,       -2.37,
      136.97,       -2.35,
      137.48,       -2.31,
      138.00,       -2.27,
      138.48,       -2.24,
      138.96,       -2.21,
      139.44,       -2.20,
      139.92,       -2.16,
      140.44,       -2.12,
      140.96,       -2.12,
      141.48,       -2.10,
      142.00,       -2.08,
      142.51,       -2.06,
      142.99,       -2.01,
      143.51,       -1.98,
      143.99,       -1.94,
      144.47,       -1.90,
      144.99,       -1.86,
      145.47,       -1.86,
      145.99,       -1.86,
      146.47,       -1.83,
      146.95,       -1.80,
      147.46,       -1.76,
      147.94,       -1.73,
      148.46,       -1.67,
      148.94,       -1.64,
      149.50,       -1.63,
      149.98,       -1.61,
      150.50,       -1.60,
      151.02,       -1.58,
      151.50,       -1.56,
      151.98,       -1.51,
      152.49,       -1.46,
      153.01,       -1.43,
      153.49,       -1.42,
      154.01,       -1.39,
      154.49,       -1.35,
      154.97,       -1.34,
      155.49,       -1.28,
      155.97,       -1.21,
      156.49,       -1.18,
      157.01,       -1.25,
      157.48,       -1.29,
      158.04,       -1.30,
      158.56,       -1.29,
      159.04,       -1.32,
      159.52,       -1.28,
      160.04,       -1.27,
      160.52,       -1.26,
      161.04,       -1.26,
      161.56,       -1.27,
      162.08,       -1.27,
      162.55,       -1.27,
      163.03,       -1.25,
      163.55,       -1.25,
      164.03,       -1.22,
      164.55,       -1.17,
      165.07,       -1.13,
      165.59,       -1.07,
      166.11,       -1.05,
      166.63,       -1.03,
      167.15,       -1.00,
      167.62,       -1.01,
      168.10,       -0.98,
      168.62,       -1.28,
      169.14,       -0.92,
      169.66,       -0.88,
      170.14,       -0.89,
      170.66,       -0.87,
      171.14,       -0.85,
      171.62,       -0.85,
      172.10,       -0.81,
      172.65,       -0.79,
      173.17,       -0.74,
      173.69,       -0.69,
      174.21,       -0.67,
      174.73,       -0.68,
      175.25,       -0.66,
      175.73,       -0.68,
      176.21,       -0.65,
      176.73,       -0.62,
      177.25,       -0.61,
      177.76,       -0.59,
      178.28,       -0.59,
      178.76,       -0.55,
      179.24,       -0.53,
      179.72,       -0.49,
      180.24,       -0.46,
      180.76,       -0.45,
      181.32,       -0.44,
      181.84,       -0.40,
      182.36,       -0.38,
      182.87,       -0.38,
      183.39,       -0.34,
      183.87,       -0.32,
      184.39,       -0.32,
      184.91,       -0.29,
      185.43,       -0.17,
      185.91,       -0.24,
      186.43,       -0.24,
      186.91,       -0.24,
      187.38,       -0.27,
      187.86,       -0.30,
      188.42,       -0.32,
      188.94,       -0.38,
      189.46,       -0.50,
      189.98,       -0.59,
      190.54,       -0.63,
      191.06,       -0.64,
      191.54,       -0.66,
      192.02,       -0.66,
      192.53,       -0.66,
      193.05,       -0.65,
      193.57,       -0.64,
      194.09,       -0.63,
      194.57,       -0.63,
      195.05,       -0.59,
      195.57,       -0.55,
      196.05,       -0.47,
      196.61,       -0.46,
      197.13,       -0.43,
      197.64,       -0.41,
      198.20,       -0.36,
      198.72,       -0.34,
      199.20,       -0.33,
      199.72,       -0.33,
      200.20,       -0.31,
      200.72,       -0.28,
      201.24,       -0.22,
      201.76,       -0.20,
      202.28,       -0.16,
      202.75,       -0.14,
      203.23,       -0.08,
      203.75,       -0.02,
      204.27,       -0.02,
      204.83,       -0.02,
      205.35,       -0.02,
      205.87,        0.00,
      206.39,       -0.02,
      206.91,        0.01,
      207.42,        0.03,
      207.90,       -0.03,
      208.42,       -0.04,
      208.94,       -0.06,
      209.46,       -0.10,
      209.98,       -0.09,
      210.46,       -0.11,
      210.94,       -0.14,
      211.46,       -0.15,
      211.98,       -0.17,
      212.49,       -0.19,
      213.01,       -0.18,
      213.53,       -0.11,
      214.09,       -0.11,
      214.61,       -0.08,
      215.09,       -0.07,
      215.61,       -0.02,
      216.13,        0.00,
      216.65,        0.01,
      217.17,        0.07,
      217.68,        0.11,
      218.16,        0.16,
      218.64,        0.22,
      219.16,        0.22,
      219.68,        0.20,
      220.16,        0.24,
      220.72,        0.24,
      221.24,        0.26,
      221.76,        0.33,
      222.32,        0.39,
      222.83,        0.42,
      223.31,        0.43,
      223.83,        0.47,
      224.35,        0.46,
      224.87,        0.50,
      225.39,        0.54,
      225.87,        0.54,
      226.39,        0.53,
      226.87,        0.52,
      227.38,        0.51,
      227.90,        0.49,
      228.42,        0.50,
      228.98,        0.49,
      229.50,        0.52,
      230.06,        0.50,
      230.58,        0.48,
      231.10,        0.41,
      231.58,        0.33,
      232.10,        0.17,
      232.61,       -0.04,
      233.13,       -0.33,
      233.65,       -0.48,
      234.13,       -0.49,
      234.65,       -0.52,
      235.13,       -0.48,
      235.65,       -0.50,
      236.17,       -0.49,
      236.69,       -0.50,
      237.25,       -0.48,
      237.80,       -0.43,
      238.32,       -0.42,
      238.84,       -0.42,
      239.36,       -0.42,
      239.84,       -0.39,
      240.36,       -0.34,
      240.88,       -0.33,
      241.40,       -0.32,
      241.92,       -0.27,
      242.39,       -0.20,
      242.91,       -0.14,
      243.39,       -0.08,
      243.91,       -0.03,
      244.47,       -0.04,
      244.99,       -0.04,
      245.55,       -0.01,
      246.07,        0.01,
      246.59,        0.02,
      247.11,        0.04,
      247.62,        0.07,
      248.14,        0.04,
      248.66,        0.07,
      249.18,        0.03,
      249.70,        0.09,
      250.18,        0.12,
      250.70,        0.15,
      251.18,        0.18,
      251.70,        0.19,
      252.22,        0.16,
      252.77,        0.20,
      253.29,        0.24,
      253.85,        0.26,
      254.37,        0.28,
      254.89,        0.29,
      255.41,        0.27,
      255.93,        0.28,
      256.45,        0.27,
      256.93,        0.27,
      257.48,        0.26,
      258.00,        0.28,
      258.48,        0.32,
      259.00,        0.29,
      259.48,        0.33,
      260.00,        0.34,
      260.56,        0.35,
      261.08,        0.38,
      261.64,        0.38,
      262.16,        0.43,
      262.67,        0.42,
      263.19,        0.43,
      263.71,        0.40,
      264.19,        0.36,
      264.71,        0.33,
      265.23,        0.31,
      265.75,        0.28,
      266.27,        0.23,
      266.79,        0.21,
      267.27,        0.15,
      267.78,        0.11,
      268.30,        0.04,
      268.86,       -0.03,
      269.38,       -0.20,
      269.94,       -0.38,
      270.46,       -0.73,
      270.98,       -1.16,
      271.50,       -1.56,
      271.98,       -1.93,
      272.49,       -2.16,
      273.01,       -2.14,
      273.57,       -2.12,
      274.09,       -2.12,
      274.57,       -2.08,
      275.09,       -2.05,
      275.57,       -2.11,
      276.09,       -2.11,
      276.65,       -2.10,
      277.21,       -2.09,
      277.72,       -2.08,
      278.28,       -2.12,
      278.80,       -2.12,
      279.32,       -2.12,
      279.80,       -2.13,
      280.32,       -2.07,
      280.84,       -2.04,
      281.36,       -2.05,
      281.88,       -2.03,
      282.40,       -1.97,
      282.91,       -1.96,
      283.39,       -1.99,
      283.91,       -2.00,
      284.47,       -1.95,
      284.99,       -1.88,
      285.55,       -1.85,
      286.07,       -1.84,
      286.63,       -2.48,
      287.15,       -1.89,
      287.62,       -1.94,
      288.10,       -1.92,
      288.66,       -1.86,
      289.18,       -1.87,
      289.70,       -1.86,
      290.22,       -1.86,
      290.74,       -1.86,
      291.22,       -1.86,
      291.74,       -1.87,
      292.30,       -1.88,
      292.81,       -1.88,
      293.37,       -1.86,
      293.89,       -1.82,
      294.45,       -1.77,
      294.97,       -1.76,
      295.45,       -1.74,
      295.97,       -1.75,
      296.49,       -1.71,
      297.01,       -1.68,
      297.56,       -1.66,
      298.08,       -1.60,
      298.56,       -1.56,
      299.08,       -1.55,
      299.56,       -1.52,
      300.12,       -1.51,
      300.64,       -1.46,
      301.20,       -1.44,
      301.76,       -1.38,
      302.28,       -1.35,
      302.83,       -1.33,
      303.31,       -1.30,
      303.79,       -1.22,
      304.31,       -1.16,
      304.87,       -1.12,
      305.39,       -1.07,
      305.91,       -1.05,
      306.43,       -1.06,
      306.91,       -1.03,
      307.42,       -0.98,
      307.94,       -0.91,
      308.50,       -0.88,
      309.06,       -0.81,
      309.58,       -0.74,
      310.14,       -0.73,
      310.66,       -0.70,
      311.18,       -0.66,
      311.66,       -0.61,
      312.18,       -0.59,
      312.69,       -0.55,
      313.25,       -0.48,
      313.77,       -0.45,
      314.29,       -0.40,
      314.77,       -0.34,
      315.29,       -0.31,
      315.81,       -0.29,
      316.33,       -0.23,
      316.89,       -0.20,
      317.44,       -0.19,
      317.96,       -0.12,
      318.52,       -0.09,
      319.04,       -0.07,
      319.56,       -0.02,
      320.04,       -0.00,
      320.56,        0.04,
      321.12,        0.11,
      321.64,        0.12,
      322.16,        0.08,
      322.67,        0.13,
      323.15,        0.16,
      323.67,        0.16,
      324.23,        0.17,
      324.75,        0.16,
      325.31,        0.19,
      325.83,        0.14,
      326.39,        0.15,
      326.91,        0.17,
      327.43,        0.23,
      327.94,        0.28,
      328.46,        0.31,
      328.98,        0.32,
      329.54,        0.34,
      330.06,        0.40,
      330.58,        0.46,
      331.10,        0.46,
      331.58,        0.54,
      332.10,        0.55,
      332.65,        0.59,
      333.17,        0.67,
      333.73,        0.68,
      334.29,        0.65,
      334.81,        0.67,
      335.33,        0.67,
      335.85,        0.68,
      336.37,        0.72,
      336.93,        0.68,
      337.44,        0.71,
      337.96,        0.70,
      338.48,        0.62,
      338.96,        0.63,
      339.48,        0.59,
      340.00,        0.63,
      340.52,        0.68,
      341.08,        0.68,
      341.60,        0.68,
      342.16,        0.67,
      342.67,        0.68,
      343.23,        0.68,
      343.75,        0.70,
      344.27,        0.76,
      344.83,        0.80,
      345.35,        0.83,
      345.87,        0.90,
      346.39,        0.95,
      346.91,        0.98,
      347.39,        0.94,
      347.90,        0.94,
      348.46,        1.03,
      348.98,        1.05,
      349.54,        1.10,
      350.06,        1.11,
      350.58,        1.11,
      351.14,        1.01,
      351.66,        0.85,
      352.22,        0.63,
      352.73,        0.33,
      353.25,        0.03,
      353.77,       -0.33,
      354.29,       -0.66,
      354.81,       -0.95,
      355.33,       -1.33,
      355.81,       -1.68,
      356.37,       -2.03,
      356.89,       -2.32,
      357.45,       -2.40,
      358.00,       -2.48,
      358.52,       -2.54,
      359.04,       -2.56,
      359.60,       -2.56,
      360.12,       -2.53,
      360.64,       -2.53,
      361.16,       -2.52,
      361.68,       -2.49,
      362.20,       -2.51,
      362.71,       -2.53,
      363.23,       -2.52,
      363.71,       -2.52,
      364.27,       -2.51,
      364.79,       -2.51,
      365.35,       -2.50,
      365.91,       -2.55,
      366.39,       -2.58,
      366.95,       -2.58,
      367.50,       -2.60,
      368.02,       -2.60,
      368.54,       -2.60,
      369.06,       -2.61,
      369.58,       -2.61,
      370.10,       -2.61,
      370.62,       -2.60,
      371.14,       -2.54,
      371.62,       -2.47,
      372.18,       -2.44,
      372.69,       -2.42,
      373.25,       -2.42,
      373.81,       -2.30,
      374.33,       -2.34,
      374.85,       -2.33,
      375.41,       -2.34,
      375.93,       -2.32,
      376.45,       -2.26,
      376.97,       -2.25,
      377.48,       -2.22,
      378.00,       -2.18,
      378.52,       -2.16,
      379.04,       -2.16,
      379.52,       -2.11,
      380.08,       -2.05,
      380.60,       -2.03,
      381.16,       -2.00,
      381.68,       -1.99,
      382.20,       -1.95,
      382.75,       -1.95,
      383.27,       -1.95,
      383.79,       -1.90,
      384.31,       -1.86,
      384.83,       -1.84,
      385.35,       -1.83,
      385.91,       -1.84,
      386.39,       -1.82,
      386.91,       -1.80,
      387.43,       -1.81,
      387.94,       -1.78,
      388.46,       -1.75,
      389.02,       -1.74,
      389.58,       -1.72,
      390.10,       -1.73,
      390.62,       -1.70,
      391.14,       -1.66,
      391.66,       -1.66,
      392.18,       -1.64,
      392.69,       -1.63,
      393.21,       -1.61,
      393.77,       -1.59,
      394.29,       -1.57,
      394.77,       -1.58,
      395.29,       -1.56,
      395.81,       -1.51,
      396.33,       -1.48,
      396.89,       -1.46,
      397.45,       -1.46,
      397.96,       -1.42,
      398.48,       -1.40,
      399.04,       -1.38,
      399.52,       -1.30,
      400.04,       -1.20,
      400.56,       -1.21,
      401.08,       -1.25,
      401.64,       -1.27,
      402.16,       -1.26,
      402.63,       -1.22,
      403.15,       -1.20,
      403.63,       -1.19,
      404.19,       -1.15,
      404.75,       -1.09,
      405.31,       -1.07,
      405.87,       -1.07,
      406.39,       -1.08,
      406.95,       -1.05,
      407.43,       -1.03,
      407.94,       -1.03,
      408.46,       -1.04,
      408.98,       -1.03,
      409.54,       -0.98,
      410.06,       -1.01,
      410.58,       -0.97,
      411.06,       -0.95,
      411.54,       -0.95,
      412.10,       -0.95,
      412.65,       -0.94,
      413.17,       -0.95,
      413.73,       -0.91,
      414.25,       -0.93,
      414.81,       -0.89,
      415.33,       -0.91,
      415.85,       -0.98,
      416.37,       -0.98,
      416.89,       -1.02,
      417.41,       -1.01,
      417.92,       -0.99,
      418.44,       -0.99,
      418.96,       -0.97,
      419.44,       -0.94,
      420.00,       -0.90,
      420.56,       -0.91,
      421.08,       -0.94,
      421.60,       -0.90,
      422.16,       -0.88,
      422.71,       -0.86,
      423.23,       -0.86,
      423.79,       -0.87,
      424.27,       -0.87,
      424.83,       -0.86,
      425.35,       -0.87,
      425.87,       -0.82,
      426.39,       -0.78,
      426.91,       -0.79,
      427.43,       -0.79,
      427.94,       -0.77,
      428.50,       -0.75,
      429.02,       -0.76,
      429.58,       -0.72,
      430.10,       -0.67,
      430.66,       -0.66,
      431.22,       -0.63,
      431.74,       -0.61,
      432.26,       -0.58,
      432.77,       -0.58,
      433.33,       -0.57,
      433.85,       -0.57,
      434.37,       -0.56,
      434.85,       -0.55,
      435.37,       -0.53,
      435.89,       -0.47,
      436.45,       -0.46,
      436.97,       -0.46,
      437.48,       -0.46,
      438.04,       -0.46,
      438.60,       -0.46,
      439.12,       -0.46,
      439.64,       -0.46,
      440.16,       -0.42,
      440.68,       -0.42,
      441.20,       -0.41,
      441.76,       -0.43,
      442.28,       -0.41,
      442.75,       -0.40,
      443.27,       -0.38,
      443.79,       -0.38,
      444.31,       -0.36,
      444.87,       -0.36,
      445.39,       -0.29,
      445.99,       -0.26,
      446.59,       -0.21,
      447.15,       -0.19,
      447.70,       -0.16,
      448.22,       -0.13,
      448.78,       -0.08,
      449.30,       -0.04,
      449.82,        0.03,
      450.34,        0.10,
      450.86,        0.15,
      451.34,        0.15,
      451.86,        0.15,
      452.42,        0.16,
      452.93,        0.17,
      453.45,        0.19,
      454.01,        0.24,
      454.53,        0.27,
      455.05,        0.33,
      455.57,        0.33,
      456.09,        0.35,
      456.61,        0.39,
      457.13,        0.42,
      457.64,        0.44,
      458.16,        0.44,
      458.68,        0.51,
      459.16,        0.55,
      459.68,        0.51,
      460.24,        0.51,
      460.76,        0.52,
      461.32,        0.51,
      461.84,        0.50,
      462.40,        0.49,
      462.91,        0.43,
      463.43,        0.39,
      463.91,        0.37,
      464.47,        0.29,
      464.99,        0.25,
      465.51,        0.13,
      466.07,       -0.02,
      466.55,       -0.22,
      467.07,       -0.60,
      467.54,       -0.90,
      468.14,       -1.08,
      468.66,       -1.19,
      469.22,       -1.20,
      469.74,       -1.22,
      470.30,       -1.27,
      470.86,       -1.32,
      471.34,       -1.37,
      471.86,       -1.45,
      472.38,       -1.53,
      472.89,       -1.60,
      473.45,       -1.69,
      473.97,       -1.86,
      474.49,       -2.08,
      474.97,       -2.32,
      475.49,       -2.46,
      476.05,       -2.51,
      476.53,       -2.53,
      477.09,       -2.56,
      477.64,       -2.57,
      478.16,       -2.55,
      478.72,       -2.52,
      479.24,       -2.49,
      479.72,       -2.50,
      480.28,       -2.56,
      480.80,       -2.56,
      481.32,       -2.54,
      481.88,       -2.56,
      482.36,       -2.56,
      482.87,       -2.56,
      483.39,       -2.53,
      483.91,       -2.48,
      484.43,       -2.47,
      484.99,       -2.43,
      485.55,       -2.36,
      486.07,       -2.34,
      486.63,       -2.33,
      487.15,       -2.35,
      487.62,       -2.36,
      488.14,       -2.29,
      488.70,       -2.23,
      489.22,       -2.21,
      489.74,       -2.21,
      490.26,       -2.19,
      490.78,       -2.14,
      491.26,       -2.14,
      491.78,       -2.15,
      492.34,       -2.11,
      492.85,       -2.11,
      493.41,       -2.06,
      493.97,       -2.01,
      494.49,       -2.00,
      495.05,       -1.99,
      495.53,       -1.97,
      496.05,       -1.92,
      496.57,       -1.89,
      497.13,       -1.85,
      497.64,       -1.82,
      498.16,       -1.77,
      498.68,       -1.76,
      499.16,       -1.77,
      499.68,       -1.73,
      500.20,       -1.68,
      500.76,       -1.63,
      501.32,       -1.60,
      501.84,       -1.55,
      502.40,       -1.47,
      502.95,       -1.44,
      503.43,       -1.51,
      503.95,       -1.47,
      504.47,       -1.41,
      505.03,       -1.34,
      505.55,       -1.29,
      506.07,       -1.28,
      506.59,       -1.22,
      507.07,       -1.15,
      507.58,       -1.08,
      508.10,       -1.08,
      508.66,       -1.08,
      509.22,       -1.03,
      509.74,       -0.99,
      510.30,       -0.94,
      510.86,       -0.92,
      511.34,       -0.85,
      511.86,       -0.82,
      512.38,       -0.79,
      512.93,       -0.76,
      513.45,       -0.71,
      513.97,       -0.71,
      514.49,       -0.66,
      515.01,       -0.59,
      515.49,       -0.57,
      516.01,       -0.56,
      516.57,       -0.61,
      517.13,       -0.55,
      517.64,       -0.55,
      518.20,       -0.52,
      518.76,       -0.49,
      519.28,       -0.46,
      519.80,       -0.44,
      520.32,       -0.38,
      520.84,       -0.38,
      521.36,       -0.38,
      521.88,       -0.33,
      522.40,       -0.33,
      522.91,       -0.33,
      523.39,       -0.35,
      523.95,       -0.33,
      524.47,       -0.33,
      525.03,       -0.32,
      525.55,       -0.32,
      526.11,       -0.29,
      526.63,       -0.26,
      527.15,       -0.24,
      527.62,       -0.22,
      528.18,       -0.22,
      528.70,       -0.22,
      529.26,       -0.22,
      529.78,       -0.18,
      530.30,       -0.17,
      530.78,       -0.14,
      531.26,       -0.10,
      531.82,       -0.05,
      532.34,       -0.05,
      532.89,       -0.03,
      533.45,       -0.02,
      534.01,       -0.02,
      534.53,        0.00,
      535.09,        0.01,
      535.61,        0.01,
      536.13,        0.05,
      536.65,        0.05,
      537.21,        0.08,
      537.72,        0.13,
      538.24,        0.11,
      538.76,        0.07,
      539.24,        0.10,
      539.76,        0.15,
      540.28,        0.14,
      540.84,        0.20,
      541.36,        0.21,
      541.92,        0.16,
      542.48,        0.15,
      543.03,        0.15,
      543.55,        0.15,
      544.07,        0.16,
      544.59,        0.22,
      545.15,        0.24,
      545.67,        0.24,
      546.19,        0.23,
      546.67,        0.28,
      547.19,        0.44,
      547.66,        0.28,
      548.22,        0.32,
      548.78,        0.34,
      549.30,        0.37,
      549.86,        0.40,
      550.42,        0.40,
      550.94,        0.41,
      551.50,        0.40,
      552.02,        0.41,
      552.54,        0.40,
      553.05,        0.42,
      553.57,        0.46,
      554.09,        0.46,
      554.61,        0.52,
      555.09,        0.59,
      555.61,        0.64,
      556.13,        0.68,
      556.69,        0.70,
      557.25,        0.72,
      557.76,        0.75,
      558.32,        0.75,
      558.88,        0.81,
      559.36,        0.83,
      559.88,        0.85,
      560.40,        0.90,
      560.96,        0.92,
      561.48,        0.99,
      562.00,        0.99,
      562.52,        1.04,
      562.99,        1.08,
      563.55,        1.05,
      564.07,        1.16,
      564.63,        1.16,
      565.19,        1.17,
      565.71,        1.18,
      566.27,        1.16,
      566.79,        1.16,
      567.31,        1.18,
      567.78,        1.20,
      568.34,        1.16,
      568.86,        1.15,
      569.38,        1.11,
      569.90,        1.07,
      570.42,        1.07,
      570.90,        1.04,
      571.42,        1.03,
      571.94,        1.00,
      572.50,        1.00,
      573.05,        1.03,
      573.57,        1.10,
      574.13,        1.08,
      574.65,        1.08,
      575.17,        1.11,
      575.65,        1.09,
      576.21,        1.11,
      576.73,        1.01,
      577.25,        1.07,
      577.76,        1.05,
      578.28,        1.00,
      578.76,        1.05,
      579.28,        0.96,
      579.80,        1.02,
      580.32,        0.98,
      580.88,        0.90,
      581.44,        0.94,
      582.00,        0.87,
      582.52,        0.87,
      583.03,        0.82,
      583.51,        0.61,
      584.07,        0.46,
      584.59,        0.11,
      585.11,       -0.27,
      585.67,       -0.65,
      586.15,       -1.07,
      586.67,       -1.46,
      587.15,       -1.89,
      587.66,       -2.25,
      588.22,       -2.43,
      588.78,       -2.40,
      589.30,       -2.39,
      589.86,       -2.40,
      590.38,       -2.40,
      590.90,       -2.51,
      591.38,       -2.60,
      591.90,       -2.62,
      592.46,       -2.62,
      592.97,       -2.73,
      593.49,       -2.80,
      594.01,       -2.79,
      594.49,       -2.91,
      595.01,       -2.95,
      595.53,       -2.94,
      596.05,       -2.94,
      596.61,       -2.97,
      597.17,       -2.96,
      597.72,       -2.99,
      598.24,       -2.99,
      598.76,       -2.98,
      599.28,       -2.96,
      599.80,       -2.91,
      600.32,       -2.91,
      600.84,       -2.94,
      601.40,       -2.96,
      601.88,       -2.95,
      602.40,       -2.93,
      602.87,       -2.92,
      603.39,       -2.94,
      603.95,       -2.91,
      604.47,       -2.87,
      605.03,       -2.86,
      605.59,       -2.85,
      606.11,       -2.79,
      606.67,       -2.76,
      607.15,       -2.78,
      607.66,       -2.72,
      608.18,       -2.66,
      608.70,       -2.70,
      609.26,       -2.69,
      609.74,       -2.63,
      610.26,       -2.63,
      610.78,       -2.56,
      611.26,       -2.51,
      611.82,       -2.48,
      612.34,       -2.47,
      612.89,       -2.44,
      613.45,       -2.43,
      614.01,       -2.43,
      614.53,       -2.38,
      615.05,       -2.32,
      615.53,       -2.29,
      616.05,       -2.25,
      616.57,       -2.25,
      617.13,       -2.23,
      617.64,       -2.25,
      618.12,       -2.27,
      618.64,       -2.25,
      619.12,       -2.24,
      619.68,       -2.21,
      620.20,       -2.19,
      620.76,       -2.12,
      621.32,       -2.08,
      621.88,       -2.06,
      622.40,       -2.07,
      622.91,       -2.05,
      623.39,       -2.03,
      623.91,       -2.05,
      624.43,       -2.05,
      624.99,       -2.03,
      625.47,       -2.06,
      625.99,       -1.99,
      626.51,       -1.97,
      627.03,       -1.95,
      627.51,       -1.94,
      628.06,       -1.90,
      628.62,       -1.89,
      629.18,       -1.87,
      629.70,       -1.83,
      630.26,       -1.81,
      630.78,       -1.74,
      631.30,       -1.70,
      631.82,       -1.72,
      632.34,       -1.71,
      632.85,       -1.73,
      633.37,       -1.68,
      633.89,       -1.65,
      634.41,       -1.68,
      634.89,       -1.68,
      635.41,       -1.66,
      635.97,       -1.64,
      636.49,       -1.64,
      637.09,       -1.64,
      637.64,       -1.63,
      638.16,       -1.63,
      638.72,       -1.60,
      639.24,       -1.58,
      639.76,       -1.58,
      640.28,       -1.57,
      640.80,       -1.60,
      641.32,       -1.62,
      641.84,       -1.61,
      642.36,       -1.63,
      642.83,       -1.73,
      643.35,       -1.79,
      643.87,       -1.77,
      644.43,       -1.83,
      644.99,       -1.88,
      645.51,       -1.92,
      646.07,       -1.99,
      646.59,       -2.08,
      647.11,       -2.16,
      647.62,       -2.26,
      648.14,       -2.27,
      648.66,       -2.29,
      649.18,       -2.33,
      649.70,       -2.27,
      650.22,       -2.43,
      650.74,       -2.26,
      651.26,       -2.24,
      651.78,       -2.26,
      652.34,       -2.23,
      652.89,       -2.22,
      653.41,       -2.21,
      653.97,       -2.21,
      654.53,       -2.16,
      655.05,       -2.16,
      655.57,       -2.16,
      656.09,       -2.15,
      656.61,       -2.13,
      657.09,       -2.08,
      657.64,       -2.08,
      658.16,       -2.07,
      658.64,       -2.03,
      659.16,       -1.95,
      659.68,       -1.93,
      660.24,       -1.89,
      660.80,       -1.86,
      661.32,       -1.84,
      661.88,       -1.83,
      662.44,       -1.85,
      662.95,       -1.86,
      663.51,       -1.85,
      663.99,       -1.85,
      664.51,       -1.82,
      665.03,       -1.76,
      665.55,       -1.76,
      666.07,       -1.71,
      666.59,       -1.68,
      667.11,       -1.68,
      667.62,       -1.64,
      668.14,       -1.60,
      668.70,       -1.56,
      669.26,       -1.52,
      669.78,       -1.50,
      670.34,       -1.49,
      670.90,       -1.48,
      671.42,       -1.45,
      671.94,       -1.48,
      672.46,       -1.48,
      672.97,       -1.45,
      673.49,       -1.43,
      674.01,       -1.41,
      674.53,       -1.41,
      675.05,       -1.38,
      675.53,       -1.40,
      676.09,       -1.33,
      676.65,       -1.27,
      677.17,       -1.24,
      677.72,       -1.22,
      678.28,       -1.25,
      678.84,       -1.25,
      679.36,       -1.28,
      679.88,       -1.27,
      680.40,       -1.24,
      680.88,       -1.20,
      681.44,       -1.16,
      681.96,       -1.15,
      682.48,       -1.16,
      682.95,       -1.13,
      683.47,       -1.11,
      684.03,       -1.05,
      684.55,       -0.98,
      685.11,       -0.94,
      685.67,       -0.90,
      686.19,       -0.95,
      686.75,       -0.96,
      687.31,       -0.91,
      687.82,       -0.93,
      688.34,       -0.93,
      688.82,       -0.97,
      689.38,       -0.98,
      689.90,       -1.05,
      690.42,       -1.06,
      690.90,       -0.99,
      691.42,       -0.95,
      691.98,       -0.98,
      692.50,       -0.98,
      693.05,       -0.98,
      693.57,       -0.89,
      694.13,       -0.98,
      694.69,       -0.98,
      695.25,       -0.98,
      695.77,       -0.95,
      696.29,       -0.94,
      696.81,       -0.92,
      697.33,       -0.94,
      697.84,       -0.93,
      698.36,       -0.92,
      698.88,       -0.94,
      699.36,       -1.02,
      699.92,       -1.15,
      700.44,       -1.31,
      701.00,       -1.42,
      701.56,       -1.45,
      702.12,       -1.50,
      702.63,       -1.51,
      703.19,       -1.55,
      703.71,       -1.55,
      704.23,       -1.59,
      704.75,       -1.62,
      705.27,       -1.65,
      705.79,       -1.66,
      706.31,       -1.65,
      706.83,       -1.64,
      707.35,       -1.64,
      707.86,       -1.67,
      708.42,       -1.67,
      708.98,       -1.65,
      709.50,       -1.68,
      710.06,       -1.69,
      710.62,       -1.67,
      711.14,       -1.74,
      711.66,       -1.76,
      712.14,       -1.77,
      712.65,       -1.73,
      713.17,       -1.68,
      713.73,       -1.72,
      714.25,       -1.65,
      714.73,       -1.60,
      715.25,       -1.55,
      715.77,       -1.55,
      716.33,       -1.60,
      716.85,       -1.54,
      717.41,       -1.43,
      717.96,       -1.39,
      718.52,       -1.36,
      719.04,       -1.41,
      719.60,       -1.39,
      720.08,       -1.32,
      720.60,       -1.23,
      721.12,       -1.12,
      721.64,       -1.15,
      722.16,       -1.16,
      722.67,       -1.10,
      723.19,       -1.07,
      723.71,       -1.05,
      724.27,       -1.03,
      724.79,       -1.07,
      725.35,       -1.02,
      725.91,       -1.01,
      726.43,       -0.99,
      726.99,       -0.96,
      727.51,       -0.95,
      727.98,       -0.92,
      728.50,       -0.89,
      729.06,       -0.86,
      729.58,       -0.81,
      730.10,       -0.79,
      730.58,       -0.78,
      731.10,       -0.76,
      731.62,       -0.76,
      732.18,       -0.80,
      732.69,       -0.80,
      733.25,       -0.86,
      733.81,       -0.87,
      734.37,       -0.97,
      734.89,       -1.10,
      735.37,       -1.15,
      735.89,       -1.25,
      736.41,       -1.32,
      736.93,       -1.41,
      737.45,       -1.47,
      737.96,       -1.51,
      738.48,       -1.53,
      738.96,       -1.61,
      739.52,       -1.58,
      740.04,       -1.57,
      740.60,       -1.61,
      741.16,       -1.74,
      741.68,       -1.87,
      742.24,       -1.90,
      742.75,       -1.93,
      743.23,       -1.95,
      743.75,       -2.04,
      744.27,       -2.13,
      744.79,       -2.18,
      745.35,       -2.23,
      745.87,       -2.32,
      746.35,       -2.33,
      746.87,       -2.29,
      747.39,       -2.27,
      747.94,       -2.25,
      748.46,       -2.25,
      749.02,       -2.24,
      749.58,       -2.21,
      750.10,       -2.20,
      750.62,       -2.18,
      751.14,       -2.13,
      751.62,       -2.07,
      752.14,       -2.06,
      752.69,       -2.04,
      753.21,       -2.03,
      753.73,       -2.03,
      754.25,       -1.98,
      754.73,       -1.93,
      755.25,       -1.92,
      755.81,       -1.83,
      756.37,       -1.80,
      756.89,       -1.74,
      757.45,       -1.67,
      758.00,       -1.72,
      758.52,       -1.67,
      759.00,       -1.63,
      759.52,       -1.59,
      760.04,       -1.51,
      760.56,       -1.47,
      761.12,       -1.40,
      761.64,       -1.33,
      762.12,       -1.33,
      762.64,       -1.27,
      763.15,       -1.29,
      763.67,       -1.25,
      764.23,       -1.21,
      764.75,       -1.16,
      765.31,       -1.10,
      765.87,       -1.03,
      766.39,       -1.00,
      766.91,       -0.96,
      767.39,       -0.89,
      767.90,       -0.88,
      768.46,       -0.81,
      768.98,       -0.85,
      769.50,       -0.80,
      770.02,       -0.76,
      770.50,       -0.80,
      771.02,       -0.70,
      771.54,       -0.68,
      772.10,       -0.63,
      772.65,       -0.60,
      773.17,       -0.72,
      773.73,       -0.64,
      774.29,       -0.66,
      774.77,       -0.68,
      775.25,       -0.59,
      775.81,       -0.67,
      776.33,       -0.62,
      776.85,       -0.57,
      777.37,       -0.58,
      777.88,       -0.48,
      778.40,       -0.47,
      778.88,       -0.49,
      779.44,       -0.43,
      779.96,       -0.41,
      780.52,       -0.38,
      781.08,       -0.32,
      781.64,       -0.29,
      782.16,       -0.24,
      782.67,       -0.21,
      783.15,       -0.17,
      783.67,       -0.16,
      784.19,       -0.11,
      784.75,       -0.09,
      785.27,        0.01,
      785.79,        0.07,
      786.27,        0.08,
      786.79,        0.12,
      787.31,        0.17,
      787.86,        0.24,
      788.42,        0.26,
      788.94,        0.26,
      789.50,        0.25,
      790.06,        0.34,
      790.58,        0.42,
      791.06,        0.42,
      791.58,        0.42,
      792.10,        0.41,
      792.62,        0.38,
      793.17,        0.44,
      793.69,        0.47,
      794.17,        0.50,
      794.69,        0.51,
      795.21,        0.52,
      795.77,        0.51,
      796.29,        0.51,
      796.85,        0.54,
      797.41,        0.55,
      797.96,        0.51,
      798.48,        0.53,
      798.96,        0.55,
      799.48,        0.54,
      800.00,        0.55,
      800.52,        0.50,
      801.08,        0.43,
      801.60,        0.31,
      802.08,       -0.02,
      802.60,       -0.41,
      803.11,       -0.84,
      803.63,       -1.30,
      804.19,       -1.72,
      804.75,       -2.12,
      805.31,       -2.56,
      805.83,       -2.93,
      806.39,       -3.32,
      806.87,       -3.59,
      807.39,       -3.74,
      807.90,       -3.75,
      808.42,       -3.77,
      808.94,       -3.79,
      809.46,       -3.78,
      809.98,       -3.78,
      810.50,       -3.78,
      810.98,       -3.76,
      811.54,       -3.75,
      812.06,       -3.73,
      812.62,       -3.94,
      813.17,       -3.96,
      813.73,       -4.04,
      814.25,       -4.17,
      814.73,       -4.28,
      815.21,       -4.46,
      815.73,       -4.56,
      816.29,       -4.57,
      816.81,       -4.78,
      817.33,       -4.82,
      817.84,       -4.91,
      818.32,       -5.05,
      818.84,       -5.10,
      819.40,       -5.19,
      819.92,       -5.23,
      820.48,       -5.20,
      821.04,       -5.18,
      821.56,       -5.18,
      822.08,       -5.19,
      822.60,       -5.20,
      823.07,       -5.27,
      823.59,       -5.20,
      824.11,       -5.16,
      824.63,       -5.18,
      825.15,       -5.14,
      825.67,       -5.14,
      826.19,       -5.21,
      826.71,       -5.18,
      827.23,       -5.14,
      827.74,       -5.11,
      828.30,       -5.07,
      828.86,       -5.09,
      829.42,       -5.11,
      829.90,       -5.07,
      830.42,       -5.09,
      830.90,       -5.06,
      831.42,       -4.96,
      831.94,       -4.97,
      832.46,       -4.97,
      833.01,       -4.92,
      833.53,       -4.92,
      834.01,       -4.88,
      834.53,       -4.83,
      835.05,       -4.83,
      835.61,       -4.74,
      836.13,       -4.70,
      836.69,       -4.69,
      837.25,       -4.65,
      837.76,       -4.65,
      838.24,       -4.61,
      838.76,       -4.53,
      839.28,       -4.49,
      839.80,       -4.44,
      840.32,       -4.38,
      840.84,       -4.37,
      841.36,       -4.32,
      841.88,       -4.27,
      842.40,       -4.30,
      842.91,       -4.29,
      843.43,       -4.21,
      843.99,       -4.16,
      844.55,       -4.09,
      845.07,       -4.08,
      845.59,       -4.06,
      846.11,       -3.98,
      846.63,       -3.91,
      847.11,       -3.94,
      847.67,       -3.88,
      848.18,       -3.78,
      848.70,       -3.74,
      849.22,       -3.73,
      849.74,       -3.69,
      850.26,       -3.67,
      850.74,       -3.64,
      851.30,       -3.57,
      851.86,       -3.53,
      852.38,       -3.48,
      852.93,       -3.47,
      853.45,       -3.43,
      853.97,       -3.43,
      854.49,       -3.39,
      854.97,       -3.32,
      855.49,       -3.26,
      856.01,       -3.21,
      856.57,       -3.16,
      857.09,       -3.16,
      857.61,       -3.10,
      858.12,       -3.01,
      858.64,       -2.97,
      859.16,       -2.94,
      859.68,       -2.91,
      860.24,       -2.84,
      860.80,       -2.79,
      861.32,       -2.75,
      861.84,       -2.71,
      862.36,       -2.66,
      862.87,       -2.64,
      863.35,       -2.56,
      863.91,       -2.51,
      864.43,       -2.50,
      864.95,       -2.45,
      865.47,       -2.40,
      865.99,       -2.31,
      866.51,       -2.32,
      866.99,       -2.32,
      867.55,       -2.21,
      868.10,       -2.23,
      868.66,       -2.22,
      869.18,       -2.20,
      869.70,       -2.23,
      870.22,       -2.19,
      870.74,       -2.12,
      871.26,       -2.12,
      871.78,       -2.08,
      872.30,       -2.08,
      872.81,       -2.06,
      873.33,       -2.02,
      873.85,       -1.97,
      874.37,       -1.90,
      874.89,       -1.82,
      875.41,       -1.87,
      875.97,       -1.85,
      876.53,       -1.81,
      877.05,       -1.77,
      877.57,       -1.72,
      878.12,       -1.67,
      878.60,       -1.60,
      879.12,       -1.57,
      879.64,       -1.55,
      880.20,       -1.51,
      880.72,       -1.46,
      881.24,       -1.48,
      881.76,       -1.46,
      882.28,       -1.42,
      882.75,       -1.46,
      883.31,       -1.48,
      883.83,       -1.50,
      884.39,       -1.46,
      884.91,       -1.45,
      885.47,       -1.52,
      885.99,       -1.52,
      886.51,       -1.43,
      887.03,       -1.41,
      887.55,       -1.34,
      888.06,       -1.40,
      888.58,       -1.43,
      889.14,       -1.35,
      889.62,       -1.33,
      890.14,       -1.27,
      890.66,       -1.29,
      891.18,       -1.32,
      891.70,       -1.25,
      892.26,       -1.17,
      892.77,       -1.07,
      893.29,       -1.06,
      893.85,       -1.10,
      894.37,       -1.08,
      894.89,       -1.04,
      895.41,       -0.97,
      895.93,       -0.91,
      896.49,       -0.90,
      897.01,       -0.90,
      897.53,       -0.85,
      898.00,       -0.83,
      898.52,       -0.81,
      899.04,       -0.78,
      899.60,       -0.78,
      900.16,       -0.76,
      900.68,       -0.72,
      901.20,       -0.69,
      901.76,       -0.66,
      902.28,       -0.61,
      902.79,       -0.57,
      903.27,       -0.48,
      903.83,       -0.47,
      904.35,       -0.46,
      904.87,       -0.42,
      905.39,       -0.37,
      905.91,       -0.33,
      906.43,       -0.34,
      906.95,       -0.37,
      907.47,       -0.36,
      908.02,       -0.34,
      908.54,       -0.42,
      909.10,       -0.55,
      909.66,       -0.79,
      910.18,       -0.97,
      910.70,       -1.01,
      911.18,       -1.03,
      911.70,       -0.98,
      912.26,       -0.97,
      912.77,       -0.95,
      913.29,       -0.95,
      913.81,       -0.95,
      914.33,       -0.90,
      914.85,       -0.94,
      915.37,       -0.92,
      915.93,       -0.90,
      916.45,       -0.87,
      916.97,       -0.85,
      917.53,       -0.85,
      918.08,       -0.76,
      918.60,       -0.69,
      919.08,       -0.68,
      919.60,       -0.65,
      920.12,       -0.66,
      920.64,       -0.66,
      921.20,       -0.64,
      921.68,       -0.60,
      922.20,       -0.48,
      922.72,       -0.42,
      923.23,       -0.36,
      923.79,       -0.33,
      924.31,       -0.34,
      924.87,       -0.29,
      925.39,       -0.23,
      925.95,       -0.20,
      926.43,       -0.13,
      926.95,       -0.15,
      927.43,       -0.13,
      927.98,       -0.10,
      928.50,       -0.06,
      929.02,        0.02,
      929.54,        0.07,
      930.06,        0.08,
      930.58,        0.13,
      931.14,        0.13,
      931.62,        0.20,
      932.18,        0.27,
      932.73,        0.28,
      933.29,        0.33,
      933.81,        0.32,
      934.33,        0.33,
      934.81,        0.33,
      935.33,        0.27,
      935.89,        0.24,
      936.41,        0.15,
      936.93,        0.07,
      937.45,       -0.11,
      937.96,       -0.40,
      938.44,       -0.71,
      938.96,       -0.79,
      939.52,       -0.81,
      940.08,       -0.81,
      940.60,       -0.84,
      941.16,       -0.82,
      941.68,       -0.84,
      942.20,       -0.83,
      942.72,       -0.81,
      943.23,       -0.87,
      943.75,       -0.85,
      944.27,       -0.84,
      944.83,       -0.81,
      945.35,       -0.78,
      945.83,       -0.77,
      946.35,       -0.76,
      946.87,       -0.75,
      947.39,       -0.79,
      947.94,       -0.78,
      948.50,       -0.80,
      949.06,       -0.80,
      949.58,       -0.81,
      950.10,       -0.90,
      950.62,       -1.11,
      951.14,       -1.35,
      951.66,       -1.63,
      952.22,       -1.87,
      952.74,       -2.26,
      953.25,       -2.60,
      953.77,       -2.92,
      954.25,       -3.31,
      954.77,       -3.67,
      955.29,       -3.99,
      955.85,       -4.19,
      956.41,       -4.31,
      956.93,       -4.31,
      957.49,       -4.28,
      958.04,       -4.32,
      958.52,       -4.29,
      959.04,       -4.31,
      959.56,       -4.40,
      960.12,       -4.40,
      960.64,       -4.44,
      961.16,       -4.44,
      961.68,       -4.44,
      962.20,       -4.51,
      962.68,       -4.54,
      963.23,       -4.59,
      963.75,       -4.64,
      964.31,       -4.66,
      964.87,       -4.61,
      965.39,       -4.56,
      965.95,       -4.65,
      966.51,       -4.66,
      966.99,       -4.69,
      967.51,       -4.67,
      968.06,       -4.65,
      968.58,       -4.61,
      969.10,       -4.63,
      969.62,       -4.65,
      970.14,       -4.68,
      970.66,       -4.69,
      971.18,       -4.70,
      971.74,       -4.69,
      972.26,       -4.64,
      972.81,       -4.72,
      973.33,       -4.80,
      973.93,       -4.76,
      974.45,       -4.76,
      974.97,       -4.71,
      975.53,       -4.69,
      976.05,       -4.68,
      976.61,       -4.65,
      977.09,       -4.64,
      977.61,       -4.66,
      978.12,       -4.65,
      978.64,       -4.61,
      979.16,       -4.61,
      979.68,       -4.61,
      980.24,       -4.64,
      980.80,       -4.66,
      981.32,       -4.68,
      981.88,       -4.62,
      982.44,       -4.62,
      982.95,       -4.59,
      983.51,       -4.57,
      984.03,       -4.53,
      984.55,       -4.55,
      985.07,       -4.56,
      985.59,       -4.55,
      986.11,       -4.53,
      986.63,       -4.48,
      987.15,       -4.47,
      987.67,       -4.38,
      988.22,       -4.37,
      988.78,       -4.35,
      989.34,       -4.33,
      989.86,       -4.27,
      990.42,       -4.24,
      990.94,       -4.19,
      991.50,       -4.18,
      992.02,       -4.18,
      992.54,       -4.17,
      993.05,       -4.13,
      993.57,       -4.09,
      994.09,       -4.08,
      994.61,       -4.00,
      995.13,       -3.95,
      995.65,       -3.96,
      996.21,       -4.00,
      996.77,       -3.99,
      997.29,       -3.94,
      997.84,       -3.91,
      998.40,       -3.86,
      998.92,       -3.81,
      999.44,       -3.76,
     1000.00,       -3.73,
     1000.52,       -3.67,
     1001.04,       -3.61,
     1001.56,       -3.58,
     1002.08,       -3.61,
     1002.60,       -3.63,
     1003.11,       -3.55,
     1003.63,       -3.52,
     1004.19,       -3.47,
     1004.71,       -3.43,
     1005.27,       -3.48,
     1005.83,       -3.52,
     1006.35,       -3.53,
     1006.91,       -3.53,
     1007.43,       -3.52,
     1007.98,       -3.50,
     1008.50,       -3.48,
     1009.02,       -3.43,
     1009.54,       -3.44,
     1010.06,       -3.34,
     1010.54,       -3.30,
     1011.06,       -3.27,
     1011.58,       -3.19,
     1012.14,       -3.12,
     1012.70,       -3.08,
     1013.25,       -3.04,
     1013.77,       -3.01,
     1014.33,       -3.02,
     1014.85,       -2.94,
     1015.41,       -2.92,
     1015.93,       -2.88,
     1016.45,       -2.86,
     1016.97,       -2.87,
     1017.49,       -2.82,
     1018.00,       -2.78,
     1018.52,       -2.76,
     1019.04,       -2.73,
     1019.56,       -2.68,
     1020.12,       -2.64,
     1020.68,       -2.61,
     1021.20,       -2.58,
     1021.76,       -2.56,
     1022.32,       -2.53,
     1022.83,       -2.48,
     1023.39,       -2.47,
     1023.91,       -2.43,
     1024.43,       -2.41,
     1024.95,       -2.38,
     1025.47,       -2.34,
     1025.99,       -2.34,
     1026.51,       -2.32,
     1027.03,       -2.29,
     1027.55,       -2.25,
     1028.10,       -2.21,
     1028.62,       -2.16,
     1029.18,       -2.13,
     1029.74,       -2.10,
     1030.26,       -2.08,
     1030.82,       -2.00,
     1031.34,       -1.99,
     1031.86,       -1.99,
     1032.42,       -1.87,
     1032.93,       -1.83,
     1033.45,       -1.78,
     1033.97,       -1.73,
     1034.49,       -1.73,
     1034.97,       -1.69,
     1035.49,       -1.64,
     1036.05,       -1.61,
     1036.61,       -1.55,
     1037.17,       -1.55,
     1037.69,       -1.55,
     1038.24,       -1.53,
     1038.76,       -1.52,
     1039.32,       -1.55,
     1039.84,       -1.56,
     1040.36,       -1.60,
     1040.88,       -1.73,
     1041.40,       -1.79,
     1041.92,       -1.82,
     1042.44,       -1.95,
     1042.95,       -1.95,
     1043.47,       -1.99,
     1044.03,       -2.01,
     1044.55,       -2.04,
     1045.11,       -2.08,
     1045.67,       -2.09,
     1046.23,       -2.34,
     1046.75,       -2.64,
     1047.31,       -2.98,
     1047.82,       -3.40,
     1048.34,       -3.78,
     1048.86,       -4.18,
     1049.38,       -4.59,
     1049.90,       -4.96,
     1050.38,       -5.18,
     1050.94,       -5.21,
     1051.46,       -5.24,
     1052.02,       -5.22,
     1052.58,       -5.20,
     1053.09,       -5.20,
     1053.65,       -5.18,
     1054.21,       -5.12,
     1054.73,       -5.08,
     1055.29,       -5.10,
     1055.81,       -5.09,
     1056.33,       -5.05,
     1056.85,       -5.10,
     1057.37,       -5.11,
     1057.88,       -5.13,
     1058.40,       -5.18,
     1058.92,       -5.24,
     1059.44,       -5.28,
     1060.00,       -5.32,
     1060.56,       -5.34,
     1061.08,       -5.38,
     1061.64,       -5.42,
     1062.20,       -5.40,
     1062.72,       -5.44,
     1063.23,       -5.49,
     1063.79,       -5.50,
     1064.31,       -5.49,
     1064.83,       -5.55,
     1065.35,       -5.53,
     1065.87,       -5.69,
     1066.39,       -5.71,
     1066.91,       -5.71,
     1067.43,       -5.73,
     1067.98,       -5.74,
     1068.54,       -5.79,
     1069.06,       -5.84,
     1069.62,       -5.86,
     1070.18,       -5.82,
     1070.70,       -5.86,
     1071.22,       -5.90,
     1071.74,       -5.92,
     1072.30,       -5.93,
     1072.81,       -5.97,
     1073.33,       -5.97,
     1073.85,       -6.00,
     1074.37,       -6.00,
     1074.89,       -6.01,
     1075.41,       -6.01,
     1075.97,       -5.96,
     1076.53,       -5.93,
     1077.05,       -5.95,
     1077.61,       -5.97,
     1078.16,       -5.94,
     1078.68,       -5.95,
     1079.20,       -5.95,
     1079.76,       -5.92,
     1080.28,       -5.90,
     1080.80,       -6.01,
     1081.32,       -5.86,
     1081.84,       -5.85,
     1082.32,       -5.84,
     1082.83,       -5.86,
     1083.35,       -5.81,
     1083.91,       -5.77,
     1084.47,       -5.78,
     1084.99,       -5.82,
     1085.55,       -5.76,
     1086.11,       -5.78,
     1086.67,       -5.74,
     1087.19,       -5.72,
     1087.75,       -5.68,
     1088.26,       -5.63,
     1088.78,       -5.57,
     1089.30,       -5.56,
     1089.82,       -5.52,
     1090.30,       -5.48,
     1090.82,       -5.45,
     1091.38,       -5.41,
     1091.90,       -5.36,
     1092.46,       -5.34,
     1093.01,       -5.28,
     1093.57,       -5.29,
     1094.09,       -5.31,
     1094.61,       -5.34,
     1095.17,       -5.33,
     1095.69,       -5.36,
     1096.21,       -5.39,
     1096.73,       -5.44,
     1097.25,       -5.46,
     1097.81,       -5.47,
     1098.28,       -5.47,
     1098.80,       -5.45,
     1099.32,       -5.46,
     1099.88,       -5.46,
     1100.44,       -5.47,
     1100.96,       -5.41,
     1101.52,       -5.40,
     1102.08,       -5.37,
     1102.60,       -5.32,
     1103.15,       -5.32,
     1103.67,       -5.33,
     1104.19,       -5.33,
     1104.71,       -5.34,
     1105.23,       -5.35,
     1105.75,       -5.38,
     1106.23,       -5.57,
     1106.75,       -5.79,
     1107.31,       -6.13,
     1107.86,       -6.54,
     1108.38,       -6.95,
     1108.94,       -7.24,
     1109.50,       -7.29,
     1110.02,       -7.31,
     1110.58,       -7.36,
     1111.10,       -7.40,
     1111.62,       -7.37,
     1112.18,       -7.36,
     1112.70,       -7.35,
     1113.21,       -7.30,
     1113.73,       -7.31,
     1114.21,       -7.25,
     1114.73,       -7.18,
     1115.25,       -7.09,
     1115.81,       -7.03,
     1116.37,       -6.96,
     1116.89,       -6.86,
     1117.45,       -6.79,
     1118.00,       -6.70,
     1118.52,       -6.59,
     1119.08,       -6.48,
     1119.60,       -6.36,
     1120.12,       -6.30,
     1120.64,       -6.23,
     1121.16,       -6.08,
     1121.68,       -5.98,
     1122.16,       -5.88,
     1122.68,       -5.78,
     1123.23,       -5.62,
     1123.75,       -5.49,
     1124.31,       -5.37,
     1124.87,       -5.29,
     1125.43,       -5.20,
     1125.95,       -5.07,
     1126.47,       -4.96,
     1127.03,       -4.85,
     1127.55,       -4.72,
     1128.06,       -4.62,
     1128.58,       -4.52,
     1129.10,       -4.38,
     1129.62,       -4.29,
     1130.10,       -4.22,
     1130.62,       -4.09,
     1131.18,       -4.00,
     1131.70,       -3.89,
     1132.26,       -3.82,
     1132.82,       -3.74,
     1133.37,       -3.62,
     1133.89,       -3.52,
     1134.45,       -3.43,
     1134.97,       -3.34,
     1135.49,       -3.26,
     1136.01,       -3.21,
     1136.53,       -3.14,
     1137.05,       -3.08,
     1137.57,       -3.00,
     1138.04,       -2.91,
     1138.56,       -2.82,
     1139.12,       -2.78,
     1139.64,       -2.67,
     1140.20,       -2.59,
     1140.76,       -2.55,
     1141.32,       -2.45,
     1141.84,       -2.43,
     1142.40,       -2.39,
     1142.91,       -2.30,
     1143.43,       -2.26,
     1143.95,       -2.25,
     1144.47,       -2.14,
     1144.99,       -2.13,
     1145.51,       -2.08,
     1145.99,       -2.03,
     1146.51,       -2.01,
     1147.07,       -1.94,
     1147.59,       -1.93,
     1148.14,       -1.92,
     1148.70,       -1.86,
     1149.26,       -1.86,
     1149.78,       -1.81,
     1150.34,       -1.76,
     1150.86,       -1.72,
     1151.38,       -1.69,
     1151.90,       -1.72,
     1152.42,       -1.77,
     1152.97,       -1.71,
     1153.45,       -1.68,
     1153.97,       -1.66,
     1154.45,       -1.67,
     1155.01,       -1.70,
     1155.53,       -1.73,
     1156.09,       -1.74,
     1156.65,       -1.80,
     1157.21,       -1.83,
     1157.73,       -1.86,
     1158.28,       -1.91,
     1158.80,       -1.93,
     1159.32,       -1.97,
     1159.84,       -1.99,
     1160.36,       -1.99,
     1160.88,       -2.03,
     1161.40,       -2.05,
     1161.92,       -2.04,
     1162.40,       -2.08,
     1162.95,       -2.12,
     1163.47,       -2.14,
     1164.03,       -2.20,
     1164.59,       -2.29,
     1165.11,       -2.43,
     1165.67,       -2.65,
     1166.23,       -2.80,
     1166.75,       -2.85,
     1167.27,       -2.91,
     1167.79,       -3.00,
     1168.30,       -3.09,
     1168.82,       -3.16,
     1169.34,       -3.19,
     1169.82,       -3.35,
     1170.34,       -3.51,
     1170.90,       -3.82,
     1171.42,       -4.22,
     1171.98,       -4.64,
     1172.50,       -5.08,
     1173.05,       -5.53,
     1173.61,       -5.96,
     1174.17,       -6.32,
     1174.69,       -6.44,
     1175.21,       -6.47,
     1175.73,       -6.55,
     1176.25,       -6.60,
     1176.77,       -6.62,
     1177.29,       -6.66,
     1177.81,       -6.69,
     1178.28,       -6.72,
     1178.84,       -6.73,
     1179.36,       -6.74,
     1179.92,       -6.72,
     1180.44,       -6.71,
     1181.00,       -6.71,
     1181.56,       -6.71,
     1182.12,       -6.72,
     1182.64,       -6.69,
     1183.15,       -6.64,
     1183.67,       -6.62,
     1184.19,       -6.64,
     1184.71,       -6.64,
     1185.23,       -6.62,
     1185.71,       -6.58,
     1186.23,       -6.53,
     1186.79,       -6.49,
     1187.31,       -6.48,
     1187.86,       -6.48,
     1188.38,       -6.43,
     1188.94,       -6.39,
     1189.50,       -6.37,
     1190.06,       -6.32,
     1190.58,       -6.32,
     1191.10,       -6.32,
     1191.62,       -6.32,
     1192.14,       -6.30,
     1192.66,       -6.26,
     1193.13,       -6.21,
     1193.61,       -6.15,
     1194.09,       -6.14,
     1194.61,       -6.09,
     1195.13,       -6.04,
     1195.61,       -6.00,
     1196.13,       -5.97,
     1196.65,       -5.97,
     1197.13,       -5.97,
     1197.61,       -5.94,
     1198.08,       -5.90,
     1198.52,       -5.88,
     1199.00,       -5.86,
     1199.44,       -5.85,
     1199.88,       -5.85,
     1200.32,       -5.82,
     1200.76,       -5.77,
     1201.16,       -5.73,
     1201.56,       -5.70,
     1201.96,       -5.65,
     1202.40,       -5.62,
     1202.80,       -5.58,
     1203.23,       -5.53,
     1203.67,       -5.50,
     1204.07,       -5.46,
     1204.51,       -5.44,
     1204.91,       -5.42,
     1205.31,       -5.36,
     1205.67,       -5.33,
     1206.07,       -5.31,
     1206.39,       -5.32,
     1206.79,       -5.28,
     1207.15,       -5.23,
     1207.55,       -5.19,
     1207.90,       -5.17,
     1208.22,       -5.15,
     1208.50,       -5.14,
     1208.78,       -5.10,
     1209.06,       -5.08,
     1209.30,       -5.04,
     1209.50,       -5.05,
     1209.70,       -5.05,
     1209.90,       -5.03,
     1210.06,       -5.04,
     1210.22,       -5.03,
     1210.34,       -5.00,
     1210.46,       -4.98,
     1210.58,       -4.98,
     1210.66,       -4.97,
     1210.74,       -4.96,
     1210.82,       -4.97,
     1210.86,       -4.96,
     1210.90,       -4.96,
     1210.94,       -4.95,
