       -0.00,        1.07,
        0.04,        1.09,
        0.12,        1.07,
        0.16,        1.07,
        0.20,        1.07,
        0.24,        1.08,
        0.28,        1.07,
        0.36,        1.08,
        0.40,        1.07,
        0.48,        1.07,
        0.52,        1.06,
        0.60,        1.07,
        0.64,        1.10,
        0.76,        1.11,
        0.84,        1.16,
        0.92,        1.18,
        1.04,        1.13,
        1.12,        1.20,
        1.20,        1.20,
        1.32,        1.18,
        1.40,        1.17,
        1.52,        1.21,
        1.64,        1.22,
        1.72,        1.24,
        1.84,        1.24,
        1.92,        1.24,
        2.00,        1.25,
        2.12,        1.28,
        2.24,        1.31,
        2.35,        1.70,
        2.47,        1.33,
        2.59,        1.36,
        2.71,        1.38,
        2.83,        1.38,
        2.95,        1.39,
        3.07,        1.39,
        3.23,        1.39,
        3.35,        1.37,
        3.51,        1.33,
        3.63,        1.29,
        3.79,        1.27,
        3.95,        1.20,
        4.11,        1.16,
        4.27,        1.07,
        4.47,        1.00,
        4.63,        0.86,
        4.83,        0.75,
        4.99,        0.64,
        5.19,        0.48,
        5.39,        0.32,
        5.59,        0.13,
        5.79,       -0.04,
        5.99,       -0.20,
        6.23,       -0.37,
        6.43,       -0.54,
        6.63,       -0.76,
        6.87,       -0.96,
        7.07,       -1.20,
        7.27,       -1.44,
        7.50,       -1.56,
        7.70,       -1.67,
        7.94,       -1.74,
        8.14,       -1.78,
        8.34,       -1.78,
        8.58,       -1.80,
        8.78,       -1.81,
        9.02,       -1.81,
        9.22,       -1.81,
        9.42,       -1.77,
        9.62,       -1.81,
        9.82,       -1.83,
       10.02,       -1.81,
       10.22,       -1.83,
       10.46,       -1.83,
       10.66,       -1.82,
       10.86,       -1.83,
       11.10,       -1.82,
       11.34,       -1.81,
       11.54,       -1.82,
       11.78,       -1.83,
       12.02,       -1.81,
       12.26,       -1.78,
       12.53,       -1.82,
       12.77,       -1.88,
       13.01,       -1.87,
       13.29,       -1.88,
       13.57,       -1.86,
       13.85,       -1.82,
       14.13,       -1.83,
       14.37,       -1.84,
       14.65,       -1.88,
       14.97,       -1.90,
       15.25,       -1.89,
       15.53,       -1.88,
       15.81,       -1.89,
       16.05,       -1.88,
       16.37,       -1.88,
       16.65,       -1.86,
       16.93,       -1.88,
       17.21,       -1.88,
       17.48,       -1.86,
       17.76,       -1.86,
       18.00,       -1.86,
       18.28,       -1.86,
       18.56,       -1.88,
       18.84,       -1.86,
       19.12,       -1.86,
       19.40,       -1.86,
       19.68,       -1.86,
       19.96,       -1.86,
       20.28,       -1.86,
       20.60,       -1.86,
       20.92,       -1.83,
       21.24,       -1.83,
       21.56,       -1.77,
       21.88,       -1.77,
       22.16,       -1.75,
       22.47,       -1.75,
       22.79,       -1.75,
       23.15,       -1.73,
       23.47,       -1.73,
       23.83,       -1.73,
       24.19,       -1.72,
       24.51,       -1.69,
       24.87,       -1.66,
       25.23,       -1.66,
       25.59,       -1.64,
       25.91,       -1.64,
       26.27,       -1.63,
       26.59,       -1.59,
       26.95,       -1.59,
       27.27,       -1.61,
       27.62,       -1.62,
       27.94,       -1.62,
       28.30,       -1.61,
       28.66,       -1.62,
       28.98,       -1.62,
       29.34,       -1.65,
       29.66,       -1.60,
       30.02,       -1.59,
       30.34,       -1.56,
       30.70,       -1.56,
       31.02,       -1.56,
       31.38,       -1.55,
       31.74,       -1.54,
       32.10,       -1.54,
       32.49,       -1.56,
       32.85,       -1.54,
       33.21,       -1.53,
       33.61,       -1.49,
       33.97,       -1.49,
       34.33,       -1.49,
       34.65,       -1.49,
       35.01,       -1.48,
       35.41,       -1.46,
       35.77,       -1.47,
       36.13,       -1.46,
       36.49,       -1.46,
       36.89,       -1.42,
       37.25,       -1.38,
       37.60,       -1.35,
       37.96,       -1.33,
       38.32,       -1.33,
       38.68,       -1.33,
       39.04,       -1.31,
       39.40,       -1.33,
       39.80,       -1.32,
       40.16,       -1.31,
       40.52,       -1.32,
       40.96,       -1.32,
       41.32,       -1.32,
       41.72,       -1.29,
       42.08,       -1.27,
       42.43,       -1.30,
       42.83,       -1.30,
       43.19,       -1.32,
       43.59,       -1.31,
       43.95,       -1.32,
       44.35,       -1.32,
       44.71,       -1.32,
       45.07,       -1.28,
       45.47,       -1.25,
       45.83,       -1.25,
       46.19,       -1.16,
       46.55,       -1.20,
       46.91,       -1.17,
       47.30,       -1.17,
       47.66,       -1.16,
       48.06,       -1.19,
       48.46,       -1.16,
       48.86,       -1.11,
       49.30,       -1.10,
       49.70,       -1.10,
       50.06,       -1.10,
       50.46,       -1.08,
       50.82,       -1.07,
       51.22,       -1.06,
       51.58,       -1.08,
       51.98,       -1.07,
       52.37,       -1.07,
       52.77,       -1.04,
       53.17,       -1.04,
       53.53,       -1.02,
       53.93,       -1.02,
       54.29,       -1.01,
       54.69,       -0.97,
       55.09,       -0.98,
       55.49,       -0.96,
       55.85,       -0.89,
       56.29,       -0.85,
       56.69,       -0.81,
       57.13,       -0.78,
       57.52,       -0.79,
       57.92,       -0.73,
       58.32,       -0.70,
       58.72,       -0.68,
       59.12,       -0.68,
       59.52,       -0.63,
       59.96,       -0.59,
       60.36,       -0.59,
       60.76,       -0.60,
       61.16,       -0.60,
       61.60,       -0.59,
       62.00,       -0.55,
       62.39,       -0.51,
       62.79,       -0.51,
       63.19,       -0.48,
       63.59,       -0.47,
       63.99,       -0.46,
       64.43,       -0.43,
       64.87,       -0.40,
       65.31,       -0.39,
       65.75,       -0.39,
       66.15,       -0.37,
       66.55,       -0.33,
       66.95,       -0.31,
       67.38,       -0.29,
       67.78,       -0.29,
       68.22,       -0.28,
       68.66,       -0.29,
       69.06,       -0.29,
       69.46,       -0.28,
       69.86,       -0.24,
       70.26,       -0.23,
       70.70,       -0.24,
       71.10,       -0.25,
       71.54,       -0.20,
       71.98,       -0.20,
       72.37,       -0.19,
       72.81,       -0.17,
       73.29,       -0.14,
       73.73,       -0.12,
       74.13,       -0.11,
       74.53,       -0.09,
       74.97,       -0.09,
       75.37,       -0.09,
       75.81,       -0.10,
       76.21,       -0.09,
       76.65,       -0.07,
       77.09,       -0.06,
       77.48,       -0.04,
       77.92,       -0.08,
       78.32,       -0.10,
       78.76,       -0.10,
       79.20,       -0.09,
       79.60,       -0.06,
       80.04,       -0.04,
       80.48,       -0.01,
       80.96,        0.03,
       81.40,        0.04,
       81.84,        0.08,
       82.28,        0.07,
       82.67,        0.06,
       83.07,        0.11,
       83.51,        0.13,
       83.95,        0.13,
       84.39,        0.15,
       84.83,        0.17,
       85.27,        0.21,
       85.67,        0.23,
       86.11,        0.24,
       86.51,        0.34,
       86.95,        0.28,
       87.38,        0.31,
       87.78,        0.33,
       88.26,        0.34,
       88.66,        0.35,
       89.10,        0.36,
       89.58,        0.34,
       90.02,        0.37,
       90.42,        0.37,
       90.86,        0.37,
       91.30,        0.38,
       91.70,        0.42,
       92.14,        0.44,
       92.57,        0.45,
       93.01,        0.46,
       93.45,        0.50,
       93.89,        0.52,
       94.29,        0.56,
       94.73,        0.58,
       95.17,        0.63,
       95.57,        0.64,
       96.01,        0.67,
       96.49,        0.68,
       96.93,        0.72,
       97.40,        0.74,
       97.84,        0.76,
       98.28,        0.79,
       98.72,        0.83,
       99.16,        0.85,
       99.60,        0.87,
      100.04,        0.90,
      100.52,        0.90,
      100.96,        0.89,
      101.40,        0.89,
      101.80,        0.89,
      102.24,        0.93,
      102.67,        0.93,
      103.11,        0.94,
      103.55,        0.92,
      103.99,        0.83,
      104.43,        0.65,
      104.91,        0.45,
      105.39,        0.21,
      105.83,       -0.06,
      106.27,       -0.35,
      106.71,       -0.65,
      107.15,       -0.99,
      107.62,       -1.33,
      108.06,       -1.70,
      108.50,       -2.05,
      108.94,       -2.35,
      109.38,       -2.56,
      109.82,       -2.60,
      110.26,       -2.61,
      110.70,       -2.64,
      111.14,       -2.63,
      111.58,       -2.64,
      112.06,       -2.62,
      112.49,       -2.64,
      112.97,       -2.64,
      113.45,       -2.63,
      113.93,       -2.59,
      114.37,       -2.57,
      114.81,       -2.54,
      115.21,       -2.54,
      115.69,       -2.53,
      116.13,       -2.52,
      116.61,       -2.51,
      117.05,       -2.52,
      117.48,       -2.56,
      117.92,       -2.51,
      118.36,       -2.49,
      118.84,       -2.45,
      119.28,       -2.44,
      119.72,       -2.43,
      120.24,       -2.43,
      120.76,       -2.39,
      121.24,       -2.41,
      121.72,       -2.42,
      122.16,       -2.38,
      122.63,       -2.33,
      123.07,       -2.32,
      123.51,       -2.31,
      123.95,       -2.27,
      124.43,       -2.26,
      124.91,       -2.28,
      125.35,       -2.27,
      125.79,       -2.22,
      126.23,       -2.22,
      126.71,       -2.18,
      127.15,       -2.12,
      127.58,       -2.08,
      128.06,       -2.05,
      128.54,       -2.04,
      129.02,       -2.02,
      129.50,       -2.01,
      129.98,       -1.99,
      130.42,       -1.94,
      130.86,       -1.87,
      131.34,       -1.81,
      131.78,       -1.76,
      132.26,       -1.72,
      132.69,       -1.65,
      133.17,       -1.61,
      133.61,       -1.58,
      134.05,       -1.51,
      134.49,       -1.46,
      134.97,       -1.44,
      135.41,       -1.41,
      135.85,       -1.35,
      136.33,       -1.34,
      136.85,       -1.33,
      137.33,       -1.29,
      137.80,       -1.28,
      138.28,       -1.25,
      138.72,       -1.25,
      139.16,       -1.25,
      139.60,       -1.19,
      140.08,       -1.17,
      140.56,       -1.16,
      141.04,       -1.15,
      141.48,       -1.12,
      141.92,       -1.07,
      142.35,       -1.07,
      142.79,       -1.05,
      143.23,       -1.06,
      143.71,       -1.05,
      144.19,       -1.02,
      144.63,       -1.01,
      145.11,       -1.01,
      145.63,       -0.99,
      146.11,       -0.98,
      146.55,       -0.98,
      146.99,       -0.98,
      147.46,       -0.97,
      147.90,       -0.95,
      148.38,       -0.95,
      148.86,       -0.93,
      149.34,       -0.88,
      149.74,       -0.83,
      150.18,       -0.81,
      150.66,       -0.74,
      151.14,       -0.71,
      151.58,       -0.73,
      152.02,       -0.73,
      152.49,       -0.75,
      153.01,       -0.76,
      153.49,       -0.73,
      153.97,       -0.70,
      154.41,       -0.64,
      154.89,       -0.63,
      155.33,       -0.62,
      155.81,       -0.58,
      156.25,       -0.54,
      156.73,       -0.50,
      157.17,       -0.49,
      157.64,       -0.46,
      158.08,       -0.46,
      158.56,       -0.46,
      159.00,       -0.46,
      159.48,       -0.46,
      159.96,       -0.45,
      160.44,       -0.42,
      160.92,       -0.42,
      161.40,       -0.40,
      161.88,       -0.53,
      162.35,       -0.40,
      162.83,       -0.38,
      163.27,       -0.37,
      163.71,       -0.34,
      164.19,       -0.32,
      164.67,       -0.32,
      165.11,       -0.33,
      165.59,       -0.32,
      166.03,       -0.32,
      166.51,       -0.33,
      166.99,       -0.33,
      167.42,       -0.32,
      167.90,       -0.28,
      168.38,       -0.26,
      168.86,       -0.29,
      169.34,       -0.29,
      169.86,       -0.26,
      170.30,       -0.26,
      170.74,       -0.27,
      171.22,       -0.26,
      171.66,       -0.28,
      172.14,       -0.29,
      172.61,       -0.28,
      173.09,       -0.24,
      173.53,       -0.22,
      174.01,       -0.22,
      174.45,       -0.22,
      174.93,       -0.24,
      175.41,       -0.27,
      175.85,       -0.27,
      176.33,       -0.25,
      176.85,       -0.23,
      177.33,       -0.21,
      177.80,       -0.21,
      178.24,       -0.22,
      178.72,       -0.20,
      179.20,       -0.20,
      179.64,       -0.20,
      180.12,       -0.20,
      180.60,       -0.18,
      181.08,       -0.16,
      181.56,       -0.15,
      182.00,       -0.11,
      182.43,       -0.11,
      182.91,       -0.07,
      183.39,       -0.07,
      183.87,       -0.07,
      184.35,       -0.05,
      184.83,       -0.02,
      185.31,       -0.02,
      185.79,       -0.02,
      186.27,       -0.02,
      186.75,       -0.02,
      187.19,        0.02,
      187.66,        0.02,
      188.14,        0.01,
      188.62,        0.00,
      189.06,        0.00,
      189.54,       -0.01,
      189.98,        0.00,
      190.46,       -0.01,
      190.94,       -0.02,
      191.38,       -0.01,
      191.82,        0.02,
      192.34,        0.02,
      192.81,        0.01,
      193.29,        0.01,
      193.81,        0.00,
      194.25,        0.00,
      194.73,        0.01,
      195.21,       -0.01,
      195.69,        0.00,
      196.13,        0.02,
      196.61,        0.07,
      197.09,        0.07,
      197.56,        0.08,
      198.00,        0.08,
      198.48,        0.07,
      198.92,        0.08,
      199.40,        0.12,
      199.88,        0.14,
      200.36,        0.15,
      200.84,        0.17,
      201.32,        0.20,
      201.84,        0.23,
      202.32,        0.22,
      202.75,        0.22,
      203.23,        0.24,
      203.71,        0.20,
      204.19,        0.20,
      204.67,        0.19,
      205.15,        0.20,
      205.59,        0.16,
      206.03,        0.15,
      206.51,        0.15,
      206.99,        0.15,
      207.46,        0.14,
      207.94,        0.12,
      208.42,        0.11,
      208.90,        0.07,
      209.42,        0.07,
      209.90,        0.05,
      210.34,        0.04,
      210.82,        0.04,
      211.30,        0.05,
      211.74,        0.05,
      212.26,       -0.02,
      212.69,        0.05,
      213.17,        0.03,
      213.61,        0.06,
      214.09,        0.07,
      214.57,        0.09,
      215.05,        0.09,
      215.49,        0.10,
      215.97,        0.09,
      216.45,        0.09,
      216.97,        0.20,
      217.44,        0.12,
      217.96,        0.13,
      218.40,        0.15,
      218.88,        0.17,
      219.32,        0.20,
      219.80,        0.20,
      220.28,        0.20,
      220.76,        0.22,
      221.24,        0.25,
      221.68,        0.28,
      222.16,        0.28,
      222.59,        0.30,
      223.07,        0.28,
      223.55,        0.29,
      224.03,        0.32,
      224.55,        0.33,
      225.03,        0.32,
      225.51,        0.33,
      226.03,        0.36,
      226.51,        0.37,
      226.95,        0.38,
      227.38,        0.37,
      227.86,        0.38,
      228.34,        0.41,
      228.86,        0.42,
      229.30,        0.43,
      229.78,        0.44,
      230.22,        0.46,
      230.70,        0.48,
      231.18,        0.54,
      231.66,        0.59,
      232.14,        0.61,
      232.61,        0.61,
      233.13,        0.60,
      233.61,        0.60,
      234.09,        0.63,
      234.57,        0.62,
      235.01,        0.63,
      235.49,        0.62,
      235.97,        0.62,
      236.45,        0.61,
      236.93,        0.63,
      237.40,        0.63,
      237.88,        0.66,
      238.32,        0.65,
      238.80,        0.59,
      239.28,        0.59,
      239.76,        0.56,
      240.24,        0.50,
      240.76,        0.46,
      241.20,        0.42,
      241.72,        0.40,
      242.20,        0.40,
      242.67,        0.40,
      243.11,        0.39,
      243.59,        0.33,
      244.07,        0.29,
      244.55,        0.29,
      245.03,        0.28,
      245.51,        0.29,
      245.99,        0.29,
      246.43,        0.30,
      246.91,        0.32,
      247.39,        0.36,
      247.86,        0.37,
      248.30,        0.37,
      248.86,        0.41,
      249.34,        0.46,
      249.82,        0.49,
      250.34,        0.50,
      250.78,        0.51,
      251.26,        0.53,
      251.74,        0.56,
      252.22,        0.59,
      252.69,        0.62,
      253.17,        0.61,
      253.65,        0.64,
      254.09,        0.66,
      254.57,        0.70,
      255.05,        0.72,
      255.49,        0.75,
      255.97,        0.75,
      256.49,        0.75,
      256.97,        0.76,
      257.48,        0.77,
      257.96,        0.78,
      258.44,        0.79,
      258.92,        0.81,
      259.36,        0.81,
      259.88,        0.81,
      260.32,        0.82,
      260.84,        0.85,
      261.32,        0.85,
      261.76,        0.85,
      262.24,        0.85,
      262.67,        0.90,
      263.15,        0.95,
      263.63,        0.94,
      264.15,        0.94,
      264.63,        0.98,
      265.11,        1.00,
      265.63,        0.99,
      266.11,        1.00,
      266.59,        1.03,
      267.07,        1.02,
      267.54,        1.02,
      267.98,        1.00,
      268.50,        1.02,
      268.98,        1.04,
      269.46,        1.07,
      269.90,        1.08,
      270.34,        1.07,
      270.82,        1.11,
      271.30,        1.12,
      271.78,        1.12,
      272.26,        1.11,
      272.77,        1.12,
      273.25,        1.16,
      273.77,        1.17,
      274.25,        1.17,
      274.73,        1.15,
      275.17,        1.15,
      275.65,        1.14,
      276.17,        1.12,
      276.65,        1.06,
      277.09,        1.03,
      277.56,        1.03,
      278.04,        0.93,
      278.48,        0.82,
      278.96,        0.74,
      279.44,        0.59,
      279.92,        0.59,
      280.44,        0.50,
      280.92,        0.50,
      281.44,        0.52,
      281.92,        0.53,
      282.40,        0.53,
      282.87,        0.49,
      283.35,        0.48,
      283.83,        0.46,
      284.27,        0.44,
      284.79,        0.46,
      285.27,        0.46,
      285.75,        0.43,
      286.19,        0.42,
      286.67,        0.42,
      287.15,        0.43,
      287.62,        0.43,
      288.10,        0.45,
      288.62,        0.50,
      289.10,        0.54,
      289.62,        0.52,
      290.10,        0.51,
      290.58,        0.50,
      291.06,        0.50,
      291.50,        0.53,
      291.98,        0.52,
      292.49,        0.51,
      292.97,        0.50,
      293.45,        0.50,
      293.89,        0.48,
      294.37,        0.50,
      294.85,        0.49,
      295.33,        0.51,
      295.81,        0.50,
      296.33,        0.50,
      296.81,        0.50,
      297.33,        0.49,
      297.80,        0.50,
      298.32,        0.48,
      298.76,        0.48,
      299.24,        0.50,
      299.72,        0.50,
      300.24,        0.49,
      300.72,        0.50,
      301.20,        0.51,
      301.68,        0.50,
      302.16,        0.49,
      302.59,        0.50,
      303.07,        0.51,
      303.55,        0.51,
      304.07,        0.47,
      304.55,        0.42,
      305.07,        0.42,
      305.59,        0.33,
      306.07,        0.27,
      306.55,        0.24,
      306.99,        0.22,
      307.46,        0.22,
      307.94,        0.23,
      308.42,        0.22,
      308.90,        0.23,
      309.42,        0.25,
      309.86,        0.27,
      310.34,        0.26,
      310.82,        0.25,
      311.26,        0.25,
      311.78,        0.25,
      312.30,        0.23,
      312.77,        0.24,
      313.25,        0.25,
      313.77,        0.25,
      314.25,        0.22,
      314.73,        0.22,
      315.21,        0.23,
      315.69,        0.24,
      316.17,        0.25,
      316.65,        0.26,
      317.17,        0.24,
      317.64,        0.26,
      318.08,        0.26,
      318.56,        0.24,
      319.04,        0.27,
      319.52,        0.29,
      320.00,        0.32,
      320.52,        0.36,
      321.04,        0.37,
      321.60,        0.42,
      322.08,        0.46,
      322.59,        0.49,
      323.03,        0.55,
      323.51,        0.59,
      323.99,        0.63,
      324.47,        0.66,
      324.99,        0.69,
      325.47,        0.71,
      325.95,        0.71,
      326.43,        0.73,
      326.87,        0.75,
      327.31,        0.75,
      327.82,        0.76,
      328.30,        0.76,
      328.82,        0.79,
      329.34,        0.82,
      329.82,        0.83,
      330.34,        0.85,
      330.82,        0.81,
      331.30,        0.90,
      331.78,        0.92,
      332.26,        0.95,
      332.73,        0.99,
      333.21,        1.00,
      333.73,        1.02,
      334.17,        1.10,
      334.65,        1.10,
      335.09,        1.09,
      335.57,        1.11,
      336.09,        1.14,
      336.57,        1.16,
      337.09,        1.20,
      337.56,        1.25,
      338.08,        1.29,
      338.60,        1.32,
      339.08,        1.35,
      339.52,        1.37,
      340.00,        1.38,
      340.48,        1.39,
      340.96,        1.41,
      341.48,        1.44,
      341.92,        1.50,
      342.40,        1.49,
      342.87,        1.55,
      343.31,        1.56,
      343.87,        1.62,
      344.35,        1.65,
      344.87,        1.64,
      345.35,        1.70,
      345.87,        1.71,
      346.39,        1.70,
      346.87,        1.75,
      347.35,        1.73,
      347.82,        1.79,
      348.34,        1.81,
      348.82,        1.79,
      349.30,        1.85,
      349.78,        1.83,
      350.26,        1.86,
      350.74,        1.86,
      351.18,        1.86,
      351.66,        1.90,
      352.18,        1.85,
      352.73,        1.87,
      353.21,        1.84,
      353.73,        1.74,
      354.21,        1.64,
      354.73,        1.34,
      355.21,        1.03,
      355.69,        0.64,
      356.17,        0.33,
      356.65,        0.04,
      357.13,       -0.11,
      357.60,       -0.13,
      358.08,       -0.08,
      358.56,       -0.13,
      359.04,       -0.11,
      359.48,       -0.09,
      360.00,       -0.12,
      360.48,       -0.08,
      361.00,       -0.10,
      361.48,       -0.10,
      362.00,       -0.06,
      362.51,       -0.12,
      362.99,       -0.13,
      363.47,       -0.11,
      363.91,       -0.17,
      364.39,       -0.14,
      364.87,       -0.15,
      365.39,       -0.15,
      365.87,       -0.11,
      366.35,       -0.11,
      366.79,       -0.10,
      367.27,       -0.10,
      367.74,       -0.13,
      368.26,       -0.12,
      368.74,       -0.16,
      369.26,       -0.15,
      369.74,       -0.15,
      370.26,       -0.19,
      370.74,       -0.19,
      371.22,       -0.19,
      371.66,       -0.19,
      372.18,       -0.18,
      372.65,       -0.16,
      373.13,       -0.14,
      373.61,       -0.11,
      374.09,       -0.12,
      374.57,       -0.07,
      375.01,       -0.08,
      375.49,       -0.11,
      376.01,       -0.11,
      376.49,       -0.09,
      377.01,       -0.06,
      377.52,       -0.00,
      378.00,        0.04,
      378.48,        0.07,
      378.96,        0.08,
      379.44,        0.07,
      379.92,        0.09,
      380.40,        0.08,
      380.88,        0.13,
      381.40,        0.11,
      381.84,        0.08,
      382.32,        0.11,
      382.79,        0.11,
      383.27,        0.15,
      383.75,        0.16,
      384.23,        0.17,
      384.75,        0.19,
      385.27,        0.20,
      385.75,        0.20,
      386.23,        0.21,
      386.71,        0.20,
      387.19,        0.23,
      387.62,        0.22,
      388.14,        0.27,
      388.62,        0.28,
      389.10,        0.29,
      389.58,        0.25,
      390.06,        0.23,
      390.54,        0.22,
      391.02,        0.22,
      391.46,        0.25,
      391.98,        0.29,
      392.49,        0.28,
      392.97,        0.28,
      393.45,        0.30,
      393.97,        0.36,
      394.45,        0.42,
      394.93,        0.44,
      395.41,        0.47,
      395.85,        0.52,
      396.37,        0.56,
      396.85,        0.57,
      397.33,        0.59,
      397.80,        0.67,
      398.28,        0.76,
      398.72,        0.78,
      399.20,        0.74,
      399.68,        0.75,
      400.16,        0.80,
      400.68,        0.87,
      401.16,        0.85,
      401.68,        0.86,
      402.16,        0.85,
      402.63,        0.91,
      403.11,        0.92,
      403.55,        0.91,
      404.07,        0.95,
      404.55,        1.03,
      405.07,        1.06,
      405.51,        1.11,
      405.99,        1.15,
      406.47,        1.15,
      406.91,        1.15,
      407.39,        1.20,
      407.86,        1.24,
      408.38,        1.27,
      408.90,        1.31,
      409.38,        1.31,
      409.90,        1.33,
      410.38,        1.34,
      410.86,        1.39,
      411.34,        1.46,
      411.82,        1.44,
      412.30,        1.47,
      412.81,        1.49,
      413.29,        1.51,
      413.77,        1.54,
      414.21,        1.55,
      414.65,        1.57,
      415.13,        1.59,
      415.61,        1.60,
      416.13,        1.67,
      416.65,        1.68,
      417.13,        1.70,
      417.64,        1.77,
      418.16,        1.78,
      418.64,        1.83,
      419.12,        1.82,
      419.60,        1.84,
      420.08,        1.87,
      420.56,        1.85,
      421.08,        1.86,
      421.52,        1.83,
      422.00,        1.84,
      422.48,        1.83,
      422.91,        1.82,
      423.39,        1.85,
      423.91,        1.86,
      424.43,        1.81,
      424.95,        1.86,
      425.47,        1.86,
      425.99,        1.86,
      426.47,        1.89,
      426.95,        1.88,
      427.43,        1.90,
      427.90,        1.90,
      428.38,        1.90,
      428.86,        1.90,
      429.38,        1.89,
      429.82,        1.90,
      430.30,        1.90,
      430.78,        1.94,
      431.26,        1.98,
      431.74,        2.00,
      432.26,        2.06,
      432.73,        2.08,
      433.29,        2.17,
      433.81,        2.21,
      434.29,        2.20,
      434.81,        2.20,
      435.29,        2.12,
      435.77,        2.17,
      436.21,        2.21,
      436.69,        2.21,
      437.21,        2.27,
      437.68,        2.25,
      438.16,        2.29,
      438.60,        2.32,
      439.08,        2.30,
      439.56,        2.38,
      440.04,        2.33,
      440.56,        2.37,
      441.08,        2.43,
      441.56,        2.38,
      442.08,        2.43,
      442.55,        2.35,
      443.03,        2.38,
      443.47,        2.31,
      443.95,        2.12,
      444.43,        2.09,
      444.95,        1.80,
      445.43,        1.62,
      445.91,        1.48,
      446.35,        1.13,
      446.83,        0.96,
      447.31,        0.66,
      447.78,        0.42,
      448.30,        0.37,
      448.78,        0.07,
      449.30,        0.05,
      449.82,       -0.02,
      450.30,       -0.12,
      450.74,       -0.03,
      451.22,       -0.21,
      451.70,       -0.20,
      452.18,       -0.20,
      452.65,       -0.39,
      453.17,       -0.35,
      453.65,       -0.47,
      454.09,       -0.56,
      454.57,       -0.50,
      455.05,       -0.74,
      455.49,       -0.83,
      456.01,       -0.83,
      456.53,       -1.07,
      457.01,       -1.09,
      457.52,       -1.27,
      458.00,       -1.44,
      458.48,       -1.33,
      458.96,       -1.52,
      459.44,       -1.51,
      459.88,       -1.48,
      460.40,       -1.55,
      460.88,       -1.50,
      461.36,       -1.61,
      461.84,       -1.76,
      462.32,       -1.67,
      462.79,       -1.76,
      463.23,       -1.78,
      463.75,       -1.71,
      464.23,       -1.83,
      464.75,       -1.80,
      465.23,       -1.80,
      465.75,       -1.88,
      466.23,       -1.81,
      466.71,       -1.81,
      467.19,       -1.85,
      467.62,       -1.79,
      468.14,       -1.81,
      468.62,       -1.81,
      469.10,       -1.77,
      469.58,       -1.75,
      470.06,       -1.68,
      470.54,       -1.65,
      471.02,       -1.61,
      471.46,       -1.55,
      471.98,       -1.54,
      472.46,       -1.48,
      472.97,       -1.46,
      473.49,       -1.45,
      473.97,       -1.37,
      474.45,       -1.32,
      474.93,       -1.24,
      475.41,       -1.10,
      475.89,       -1.16,
      476.37,       -1.11,
      476.89,       -1.09,
      477.37,       -1.06,
      477.84,       -1.01,
      478.28,       -0.98,
      478.76,       -0.93,
      479.24,       -0.86,
      479.72,       -0.81,
      480.20,       -0.77,
      480.72,       -0.72,
      481.24,       -0.68,
      481.72,       -0.65,
      482.24,       -0.59,
      482.71,       -0.58,
      483.15,       -1.05,
      483.63,       -0.49,
      484.11,       -0.45,
      484.63,       -0.43,
      485.11,       -0.42,
      485.59,       -0.33,
      486.07,       -0.29,
      486.51,       -0.27,
      486.99,       -0.24,
      487.47,       -0.21,
      487.94,       -0.18,
      488.46,       -0.17,
      488.98,       -0.15,
      489.46,       -0.12,
      489.98,       -0.11,
      490.46,       -0.03,
      490.94,        0.02,
      491.38,        0.03,
      491.90,        0.10,
      492.38,        0.14,
      492.85,        0.15,
      493.37,        0.24,
      493.81,        0.27,
      494.29,        0.30,
      494.73,        0.33,
      495.21,        0.29,
      495.73,        0.34,
      496.21,        0.42,
      496.73,        0.45,
      497.21,        0.50,
      497.72,        0.51,
      498.24,        0.50,
      498.72,        0.50,
      499.16,        0.47,
      499.64,        0.53,
      500.12,        0.55,
      500.64,        0.51,
      501.12,        0.51,
      501.56,        0.50,
      502.04,        0.55,
      502.52,        0.56,
      502.99,        0.59,
      503.47,        0.61,
      503.95,        0.62,
      504.47,        0.63,
      504.99,        0.61,
      505.47,        0.62,
      505.99,        0.67,
      506.47,        0.66,
      506.95,        0.69,
      507.43,        0.71,
      507.90,        0.71,
      508.38,        0.74,
      508.86,        0.77,
      509.34,        0.81,
      509.82,        0.85,
      510.30,        0.82,
      510.78,        0.83,
      511.22,        0.82,
      511.74,        0.82,
      512.26,        0.81,
      512.73,        0.83,
      513.25,        0.71,
      513.77,        0.87,
      514.25,        0.88,
      514.73,        0.90,
      515.21,        0.90,
      515.65,        0.90,
      516.13,        0.94,
      516.65,        0.96,
      517.13,        1.00,
      517.60,        1.03,
      518.08,        1.03,
      518.56,        1.06,
      519.00,        1.04,
      519.48,        1.06,
      520.00,        1.07,
      520.52,        1.07,
      521.04,        1.07,
      521.52,        1.07,
      522.04,        1.07,
      522.52,        1.08,
      522.95,        1.07,
      523.43,        1.07,
      523.91,        1.07,
      524.39,        1.07,
      524.91,        1.07,
      525.39,        1.08,
      525.83,        1.07,
      526.27,        1.08,
      526.75,        1.07,
      527.23,        1.10,
      527.70,        1.07,
      528.22,        1.10,
      528.74,        1.07,
      529.22,        1.07,
      529.74,        1.07,
      530.22,        1.06,
      530.70,        1.05,
      531.18,        1.05,
      531.66,        1.08,
      532.14,        1.07,
      532.65,        1.03,
      533.13,        1.05,
      533.65,        1.05,
      534.09,        1.05,
      534.57,        1.07,
      535.05,        1.05,
      535.53,        1.07,
      536.05,        1.05,
      536.53,        1.07,
      537.05,        1.07,
      537.53,        1.02,
      538.04,        1.01,
      538.52,        1.00,
      539.04,        1.01,
      539.52,        1.02,
      540.00,        0.93,
      540.48,        0.91,
      540.96,        0.88,
      541.44,        0.84,
      541.96,        0.85,
      542.40,        0.81,
      542.87,        0.76,
      543.35,        0.76,
      543.83,        0.72,
      544.35,        0.70,
      544.83,        0.68,
      545.35,        0.65,
      545.83,        0.66,
      546.35,        0.65,
      546.87,        0.66,
      547.31,        0.66,
      547.78,        0.65,
      548.30,        0.65,
      548.78,        0.66,
      549.26,        0.68,
      549.74,        0.71,
      550.22,        0.70,
      550.70,        0.72,
      551.14,        0.76,
      551.66,        0.75,
      552.14,        0.75,
      552.61,        0.76,
      553.13,        0.81,
      553.65,        0.85,
      554.13,        0.83,
      554.65,        0.83,
      555.13,        0.81,
      555.57,        0.90,
      556.05,        0.90,
      556.57,        0.94,
      557.05,        0.96,
      557.53,        1.00,
      558.00,        1.03,
      558.48,        1.06,
      558.92,        1.05,
      559.40,        0.98,
      559.88,        0.93,
      560.40,        0.94,
      560.92,        0.93,
      561.40,        0.92,
      561.92,        0.90,
      562.40,        0.85,
      562.87,        0.83,
      563.35,        0.74,
      563.83,        0.48,
      564.31,        0.59,
      564.79,        0.55,
      565.31,        0.59,
      565.75,        0.56,
      566.23,        0.51,
      566.67,        0.54,
      567.15,        0.58,
      567.66,        0.67,
      568.14,        0.68,
      568.66,        0.68,
      569.18,        0.71,
      569.66,        0.72,
      570.18,        0.75,
      570.62,        0.75,
      571.10,        0.76,
      571.58,        0.79,
      572.06,        0.81,
      572.54,        0.78,
      573.05,        0.81,
      573.49,        0.81,
      573.93,        0.85,
      574.41,        0.85,
      574.89,        0.85,
      575.37,        0.88,
      575.89,        0.90,
      576.37,        0.94,
      576.89,        0.96,
      577.41,        0.96,
      577.88,        1.00,
      578.36,        1.03,
      578.84,        1.09,
      579.28,        1.10,
      579.76,        1.12,
      580.28,        1.17,
      580.76,        1.15,
      581.24,        1.16,
      581.68,        1.15,
      582.16,        1.19,
      582.63,        1.23,
      583.11,        1.22,
      583.59,        1.26,
      584.11,        1.29,
      584.63,        1.31,
      585.11,        1.32,
      585.63,        1.33,
      586.11,        1.36,
      586.59,        1.38,
      587.07,        1.38,
      587.51,        1.43,
      587.98,        1.46,
      588.46,        1.50,
      588.98,        1.46,
      589.46,        1.44,
      589.90,        1.42,
      590.38,        1.43,
      590.86,        1.44,
      591.30,        1.48,
      591.86,        1.44,
      592.34,        1.42,
      592.85,        1.42,
      593.33,        1.42,
      593.85,        1.46,
      594.33,        1.39,
      594.81,        1.35,
      595.25,        1.34,
      595.73,        1.30,
      596.21,        1.28,
      596.69,        1.15,
      597.17,        1.02,
      597.64,        0.78,
      598.12,        0.84,
      598.56,        0.15,
      599.08,       -0.21,
      599.56,       -0.58,
      600.08,       -0.84,
      600.60,       -0.89,
      601.12,       -0.91,
      601.64,       -0.91,
      602.12,       -0.95,
      602.59,       -0.96,
      603.03,       -0.99,
      603.51,       -1.05,
      603.99,       -1.04,
      604.47,       -1.04,
      604.99,       -1.09,
      605.47,       -1.11,
      605.95,       -1.16,
      606.39,       -1.13,
      606.87,       -1.13,
      607.35,       -1.13,
      607.86,       -1.12,
      608.38,       -1.12,
      608.86,       -1.14,
      609.38,       -1.15,
      609.90,       -1.15,
      610.34,       -1.19,
      610.82,       -1.20,
      611.30,       -1.19,
      611.74,       -1.20,
      612.26,       -1.20,
      612.73,       -1.17,
      613.21,       -1.14,
      613.69,       -1.11,
      614.17,       -1.10,
      614.61,       -1.06,
      615.09,       -1.02,
      615.61,       -1.00,
      616.13,       -0.99,
      616.61,       -0.96,
      617.09,       -0.97,
      617.60,       -0.97,
      618.08,       -0.93,
      618.56,       -0.90,
      619.04,       -0.87,
      619.48,       -0.86,
      619.96,       -0.85,
      620.48,       -0.81,
      620.96,       -0.76,
      621.44,       -0.74,
      621.92,       -0.68,
      622.36,       -0.64,
      622.83,       -0.64,
      623.31,       -0.57,
      623.83,       -0.58,
      624.31,       -0.55,
      624.83,       -0.53,
      625.31,       -0.49,
      625.83,       -0.48,
      626.31,       -0.49,
      626.79,       -0.49,
      627.23,       -0.50,
      627.70,       -0.47,
      628.22,       -0.43,
      628.70,       -0.43,
      629.18,       -0.46,
      629.66,       -0.40,
      630.14,       -0.38,
      630.58,       -0.36,
      631.06,       -0.32,
      631.54,       -0.30,
      632.06,       -0.30,
      632.54,       -0.25,
      633.05,       -0.24,
      633.57,       -0.26,
      634.09,       -0.22,
      634.57,       -0.20,
      635.01,       -0.18,
      635.49,       -0.17,
      635.97,       -0.17,
      636.49,       -0.13,
      636.97,       -0.10,
      637.45,       -0.11,
      637.92,       -0.10,
      638.36,       -0.11,
      638.84,       -0.05,
      639.28,       -0.05,
      639.80,       -0.04,
      640.32,       -0.02,
      640.84,        0.00,
      641.36,       -0.04,
      641.84,       -0.05,
      642.32,       -0.03,
      642.79,       -0.03,
      643.27,       -0.04,
      643.75,       -0.07,
      644.23,       -0.15,
      644.71,       -0.24,
      645.23,       -0.38,
      645.71,       -0.62,
      646.15,       -0.90,
      646.59,       -1.16,
      647.07,       -1.51,
      647.59,       -1.84,
      648.06,       -2.09,
      648.58,       -2.32,
      649.10,       -2.36,
      649.58,       -2.34,
      650.10,       -2.37,
      650.58,       -2.37,
      651.06,       -2.38,
      651.54,       -2.45,
      652.06,       -2.45,
      652.54,       -2.44,
      653.05,       -2.45,
      653.49,       -2.43,
      653.97,       -2.44,
      654.45,       -2.43,
      654.89,       -2.43,
      655.41,       -2.42,
      655.89,       -2.44,
      656.41,       -2.43,
      656.93,       -2.43,
      657.45,       -2.41,
      657.92,       -2.38,
      658.44,       -2.36,
      658.92,       -2.35,
      659.36,       -2.34,
      659.84,       -2.36,
      660.36,       -2.38,
      660.80,       -2.39,
      661.32,       -2.39,
      661.80,       -2.40,
      662.24,       -2.45,
      662.71,       -2.42,
      663.19,       -2.39,
      663.67,       -2.40,
      664.19,       -2.38,
      664.71,       -2.38,
      665.19,       -2.38,
      665.71,       -2.35,
      666.23,       -2.34,
      666.71,       -2.34,
      667.19,       -2.34,
      667.66,       -2.36,
      668.14,       -2.37,
      668.62,       -2.38,
      669.10,       -2.37,
      669.58,       -2.36,
      670.06,       -2.34,
      670.54,       -2.34,
      670.98,       -2.33,
      671.50,       -2.32,
      671.98,       -2.30,
      672.50,       -2.26,
      673.01,       -2.26,
      673.49,       -2.24,
      674.01,       -2.22,
      674.53,       -2.24,
      675.01,       -2.25,
      675.45,       -2.22,
      675.93,       -2.16,
      676.41,       -2.16,
      676.93,       -2.15,
      677.41,       -2.16,
      677.88,       -2.12,
      678.32,       -2.13,
      678.80,       -2.08,
      679.28,       -2.05,
      679.80,       -2.05,
      680.28,       -2.04,
      680.80,       -2.06,
      681.32,       -2.02,
      681.80,       -1.96,
      682.32,       -1.94,
      682.79,       -1.90,
      683.27,       -1.90,
      683.75,       -1.86,
      684.23,       -1.82,
      684.71,       -1.81,
      685.19,       -1.80,
      685.67,       -1.78,
      686.15,       -1.78,
      686.63,       -1.79,
      687.07,       -1.79,
      687.59,       -1.78,
      688.06,       -1.78,
      688.58,       -1.76,
      689.10,       -1.73,
      689.58,       -1.75,
      690.10,       -1.76,
      690.58,       -1.77,
      691.06,       -1.74,
      691.58,       -1.72,
      692.02,       -1.64,
      692.54,       -1.63,
      693.01,       -1.64,
      693.49,       -1.64,
      693.97,       -1.61,
      694.45,       -1.60,
      694.93,       -1.56,
      695.37,       -1.56,
      695.89,       -1.54,
      696.41,       -1.48,
      696.89,       -1.46,
      697.37,       -1.45,
      697.88,       -1.42,
      698.40,       -1.43,
      698.88,       -1.38,
      699.36,       -1.39,
      699.88,       -1.42,
      700.36,       -1.41,
      700.84,       -1.40,
      701.32,       -1.38,
      701.80,       -1.32,
      702.28,       -1.33,
      702.75,       -1.33,
      703.23,       -1.32,
      703.71,       -1.30,
      704.23,       -1.27,
      704.71,       -1.27,
      705.23,       -1.24,
      705.71,       -1.20,
      706.23,       -1.24,
      706.71,       -1.22,
      707.23,       -1.22,
      707.66,       -1.25,
      708.14,       -1.25,
      708.66,       -1.25,
      709.14,       -1.25,
      709.62,       -1.24,
      710.10,       -1.28,
      710.58,       -1.27,
      711.02,       -1.29,
      711.54,       -1.38,
      711.98,       -1.35,
      712.50,       -1.40,
      712.97,       -1.53,
      713.49,       -1.59,
      714.01,       -1.80,
      714.49,       -1.90,
      714.97,       -2.00,
      715.45,       -2.32,
      715.93,       -2.51,
      716.45,       -2.73,
      716.93,       -3.08,
      717.41,       -3.34,
      717.88,       -3.59,
      718.36,       -3.74,
      718.80,       -3.71,
      719.28,       -3.78,
      719.76,       -3.90,
      720.28,       -3.90,
      720.80,       -4.00,
      721.28,       -4.04,
      721.80,       -4.00,
      722.32,       -4.13,
      722.79,       -4.19,
      723.23,       -4.18,
      723.71,       -4.29,
      724.23,       -4.30,
      724.71,       -4.29,
      725.19,       -4.26,
      725.67,       -4.17,
      726.11,       -4.09,
      726.59,       -4.11,
      727.03,       -4.04,
      727.55,       -3.98,
      728.06,       -4.02,
      728.58,       -3.97,
      729.06,       -3.96,
      729.58,       -3.99,
      730.06,       -3.96,
      730.54,       -3.92,
      731.02,       -3.88,
      731.50,       -3.82,
      731.98,       -3.83,
      732.46,       -3.84,
      732.97,       -3.82,
      733.41,       -3.79,
      733.89,       -3.71,
      734.33,       -3.67,
      734.81,       -3.64,
      735.29,       -3.27,
      735.81,       -3.56,
      736.33,       -3.53,
      736.81,       -3.52,
      737.33,       -3.52,
      737.84,       -3.52,
      738.28,       -3.46,
      738.76,       -3.41,
      739.24,       -3.37,
      739.72,       -3.34,
      740.24,       -3.34,
      740.68,       -3.30,
      741.16,       -3.28,
      741.64,       -3.26,
      742.12,       -3.26,
      742.56,       -3.21,
      743.03,       -3.18,
      743.55,       -3.15,
      744.03,       -3.13,
      744.55,       -3.12,
      745.07,       -3.10,
      745.55,       -3.07,
      746.03,       -3.05,
      746.51,       -3.05,
      746.99,       -3.03,
      747.47,       -2.99,
      747.90,       -2.96,
      748.42,       -2.92,
      748.90,       -2.93,
      749.38,       -2.92,
      749.86,       -2.88,
      750.30,       -2.86,
      750.78,       -2.85,
      751.26,       -2.80,
      751.78,       -2.78,
      752.30,       -2.76,
      752.77,       -2.72,
      753.29,       -2.68,
      753.77,       -2.66,
      754.25,       -2.64,
      754.73,       -2.63,
      755.17,       -2.61,
      755.65,       -2.57,
      756.17,       -2.55,
      756.65,       -2.54,
      757.13,       -2.49,
      757.61,       -2.47,
      758.04,       -2.51,
      758.52,       -2.51,
      759.00,       -2.52,
      759.52,       -2.54,
      760.00,       -2.56,
      760.52,       -2.57,
      761.04,       -2.54,
      761.52,       -2.53,
      762.00,       -2.51,
      762.48,       -2.45,
      762.91,       -2.43,
      763.39,       -2.38,
      763.87,       -2.37,
      764.39,       -2.31,
      764.87,       -2.29,
      765.35,       -2.24,
      765.83,       -2.20,
      766.27,       -2.16,
      766.75,       -2.16,
      767.23,       -2.14,
      767.74,       -2.09,
      768.26,       -2.04,
      768.74,       -2.02,
      769.26,       -2.00,
      769.74,       -1.96,
      770.22,       -1.93,
      770.70,       -1.90,
      771.14,       -1.86,
      771.66,       -1.85,
      772.14,       -1.83,
      772.62,       -1.83,
      773.09,       -1.78,
      773.57,       -1.76,
      774.05,       -1.71,
      774.49,       -1.68,
      774.97,       -1.68,
      775.49,       -1.67,
      776.01,       -1.68,
      776.49,       -1.64,
      776.97,       -1.63,
      777.49,       -1.60,
      777.96,       -1.60,
      778.44,       -1.57,
      778.92,       -1.57,
      779.40,       -1.54,
      779.88,       -1.53,
      780.40,       -1.53,
      780.88,       -1.51,
      781.36,       -1.54,
      781.80,       -1.55,
      782.28,       -1.55,
      782.75,       -1.57,
      783.23,       -1.57,
      783.75,       -1.55,
      784.23,       -1.54,
      784.71,       -1.51,
      785.23,       -1.51,
      785.75,       -1.49,
      786.23,       -1.47,
      786.67,       -1.48,
      787.15,       -1.49,
      787.63,       -1.47,
      788.14,       -1.46,
      788.62,       -1.46,
      789.10,       -1.42,
      789.58,       -1.40,
      790.02,       -1.40,
      790.50,       -1.41,
      790.98,       -1.42,
      791.46,       -1.39,
      791.98,       -1.38,
      792.50,       -1.36,
      792.97,       -1.33,
      793.49,       -1.30,
      793.97,       -1.30,
      794.45,       -1.33,
      794.93,       -1.34,
      795.41,       -1.33,
      795.89,       -1.19,
      796.37,       -1.28,
      796.89,       -1.28,
      797.33,       -1.27,
      797.80,       -1.24,
      798.28,       -1.23,
      798.72,       -1.26,
      799.20,       -1.32,
      799.72,       -1.33,
      800.24,       -1.36,
      800.76,       -1.37,
      801.24,       -1.36,
      801.76,       -1.35,
      802.24,       -1.35,
      802.71,       -1.34,
      803.15,       -1.32,
      803.63,       -1.29,
      804.15,       -1.29,
      804.63,       -1.27,
      805.11,       -1.26,
      805.59,       -1.16,
      806.03,       -1.15,
      806.51,       -1.15,
      806.95,       -1.07,
      807.47,       -1.07,
      807.98,       -1.05,
      808.50,       -1.00,
      808.98,       -1.02,
      809.50,       -0.99,
      809.98,       -0.95,
      810.46,       -0.95,
      810.94,       -0.94,
      811.38,       -0.90,
      811.86,       -0.90,
      812.38,       -0.88,
      812.85,       -0.85,
      813.33,       -0.82,
      813.77,       -0.81,
      814.25,       -0.81,
      814.73,       -0.76,
      815.21,       -0.74,
      815.73,       -0.74,
      816.21,       -0.71,
      816.73,       -0.73,
      817.25,       -0.73,
      817.72,       -0.71,
      818.20,       -0.71,
      818.64,       -0.63,
      819.12,       -0.59,
      819.60,       -0.56,
      820.04,       -0.52,
      820.56,       -0.51,
      821.04,       -0.48,
      821.48,       -0.44,
      821.96,       -0.44,
      822.44,       -0.43,
      822.91,       -0.37,
      823.39,       -0.32,
      823.91,       -0.27,
      824.43,       -0.25,
      824.95,       -0.21,
      825.43,       -0.20,
      825.91,       -0.20,
      826.35,       -0.17,
      826.83,       -0.14,
      827.27,       -0.12,
      827.74,       -0.12,
      828.22,       -0.12,
      828.74,       -0.14,
      829.22,       -0.12,
      829.66,       -0.12,
      830.14,       -0.12,
      830.62,       -0.07,
      831.10,       -0.07,
      831.58,       -0.07,
      832.10,       -0.07,
      832.62,       -0.08,
      833.13,       -0.04,
      833.61,       -0.05,
      834.05,       -0.05,
      834.53,       -0.12,
      834.97,       -0.22,
      835.45,       -0.30,
      835.93,       -0.43,
      836.41,       -0.59,
      836.93,       -0.81,
      837.37,       -1.07,
      837.84,       -1.33,
      838.32,       -1.52,
      838.80,       -1.71,
      839.32,       -1.94,
      839.80,       -2.20,
      840.28,       -2.47,
      840.80,       -2.75,
      841.32,       -3.03,
      841.76,       -3.30,
      842.24,       -3.53,
      842.68,       -3.82,
      843.15,       -4.17,
      843.63,       -4.44,
      844.15,       -4.73,
      844.63,       -4.89,
      845.11,       -5.07,
      845.59,       -5.22,
      846.03,       -5.35,
      846.51,       -5.38,
      846.99,       -5.31,
      847.51,       -5.22,
      848.02,       -5.18,
      848.50,       -5.14,
      849.02,       -5.10,
      849.50,       -5.05,
      849.98,       -5.04,
      850.42,       -5.04,
      850.90,       -5.14,
      851.38,       -5.21,
      851.86,       -5.26,
      852.34,       -5.29,
      852.81,       -5.33,
      853.29,       -5.35,
      853.77,       -5.35,
      854.25,       -5.35,
      854.73,       -5.38,
      855.21,       -5.34,
      855.73,       -5.33,
      856.21,       -5.31,
      856.73,       -5.26,
      857.21,       -5.21,
      857.68,       -5.21,
      858.16,       -5.16,
      858.64,       -5.13,
      859.08,       -5.12,
      859.56,       -5.05,
      860.08,       -5.05,
      860.56,       -5.01,
      861.04,       -5.03,
      861.52,       -5.05,
      861.96,       -5.04,
      862.44,       -5.12,
      862.91,       -5.20,
      863.39,       -5.26,
      863.91,       -5.31,
      864.43,       -5.34,
      864.91,       -5.40,
      865.43,       -5.43,
      865.91,       -5.49,
      866.35,       -5.57,
      866.83,       -5.66,
      867.31,       -5.76,
      867.78,       -5.90,
      868.30,       -5.97,
      868.78,       -6.04,
      869.26,       -6.18,
      869.70,       -6.25,
      870.18,       -6.32,
      870.62,       -6.46,
      871.14,       -6.53,
      871.62,       -6.52,
      872.14,       -6.57,
      872.66,       -6.62,
      873.17,       -6.64,
      873.65,       -6.67,
      874.13,       -6.67,
      874.61,       -6.66,
      875.05,       -6.71,
      875.57,       -6.75,
      876.05,       -6.76,
      876.53,       -6.76,
      877.01,       -6.76,
      877.49,       -6.81,
      877.92,       -6.81,
      878.40,       -6.81,
      878.88,       -6.81,
      879.36,       -6.82,
      879.88,       -6.81,
      880.40,       -6.80,
      880.88,       -6.83,
      881.40,       -6.88,
      881.88,       -6.88,
      882.36,       -6.80,
      882.79,       -6.80,
      883.27,       -6.79,
      883.79,       -6.80,
      884.27,       -6.81,
      884.75,       -6.81,
      885.19,       -6.82,
      885.67,       -6.81,
      886.15,       -6.72,
      886.59,       -6.67,
      887.11,       -6.62,
      887.63,       -6.57,
      888.10,       -6.50,
      888.62,       -6.45,
      889.14,       -6.44,
      889.62,       -6.43,
      890.10,       -6.44,
      890.58,       -6.47,
      891.02,       -6.43,
      891.50,       -6.40,
      891.98,       -6.43,
      892.46,       -6.43,
      892.93,       -6.41,
      893.41,       -6.36,
      893.89,       -6.28,
      894.37,       -6.24,
      894.85,       -6.23,
      895.33,       -6.23,
      895.85,       -6.18,
      896.37,       -6.13,
      896.85,       -6.10,
      897.37,       -6.01,
      897.84,       -5.92,
      898.32,       -5.85,
      898.76,       -5.80,
      899.28,       -5.78,
      899.72,       -5.75,
      900.24,       -5.66,
      900.72,       -5.60,
      901.20,       -5.55,
      901.64,       -5.49,
      902.12,       -5.47,
      902.60,       -5.44,
      903.11,       -5.40,
      903.59,       -5.34,
      904.11,       -5.29,
      904.63,       -5.27,
      905.15,       -5.29,
      905.63,       -5.25,
      906.11,       -5.22,
      906.59,       -5.21,
      907.03,       -5.19,
      907.51,       -5.12,
      908.02,       -5.08,
      908.50,       -5.02,
      908.98,       -4.99,
      909.46,       -4.98,
      909.94,       -4.92,
      910.38,       -4.92,
      910.86,       -4.82,
      911.38,       -4.73,
      911.90,       -4.65,
      912.42,       -4.58,
      912.89,       -4.52,
      913.41,       -4.47,
      913.89,       -4.42,
      914.37,       -4.34,
      914.81,       -4.29,
      915.29,       -4.27,
      915.77,       -4.27,
      916.25,       -4.25,
      916.77,       -4.17,
      917.25,       -4.12,
      917.69,       -4.05,
      918.16,       -3.98,
      918.64,       -3.95,
      919.12,       -3.88,
      919.64,       -3.81,
      920.16,       -3.74,
      920.68,       -3.64,
      921.16,       -3.56,
      921.64,       -3.52,
      922.12,       -3.48,
      922.56,       -3.42,
      923.03,       -3.34,
      923.51,       -3.26,
      923.99,       -3.18,
      924.47,       -3.11,
      924.95,       -3.08,
      925.43,       -3.05,
      925.91,       -2.99,
      926.39,       -2.98,
      926.87,       -2.99,
      927.39,       -2.97,
      927.90,       -2.98,
      928.34,       -2.98,
      928.86,       -2.99,
      929.34,       -2.96,
      929.82,       -2.95,
      930.30,       -2.98,
      930.74,       -3.04,
      931.22,       -3.09,
      931.74,       -3.16,
      932.22,       -3.19,
      932.70,       -3.22,
      933.17,       -3.24,
      933.65,       -3.26,
      934.09,       -3.22,
      934.57,       -3.17,
      935.09,       -3.13,
      935.57,       -3.11,
      936.09,       -3.07,
      936.57,       -3.02,
      937.09,       -2.99,
      937.57,       -2.97,
      938.04,       -2.88,
      938.48,       -2.82,
      938.96,       -2.77,
      939.48,       -2.70,
      939.96,       -2.63,
      940.44,       -2.56,
      940.92,       -2.53,
      941.40,       -2.47,
      941.84,       -2.40,
      942.32,       -2.32,
      942.79,       -2.22,
      943.31,       -2.22,
      943.83,       -2.15,
      944.31,       -2.08,
      944.83,       -2.03,
      945.31,       -1.97,
      945.79,       -1.94,
      946.27,       -1.93,
      946.75,       -1.86,
      947.23,       -1.81,
      947.71,       -1.79,
      948.22,       -1.75,
      948.70,       -1.70,
      949.18,       -1.54,
      949.62,       -1.60,
      950.06,       -1.55,
      950.54,       -1.51,
      951.06,       -1.46,
      951.58,       -1.46,
      952.06,       -1.43,
      952.58,       -1.42,
      953.09,       -1.40,
      953.57,       -1.35,
      954.05,       -1.33,
      954.53,       -1.34,
      955.01,       -1.34,
      955.49,       -1.35,
      956.01,       -1.38,
      956.49,       -1.40,
      956.97,       -1.42,
      957.41,       -1.45,
      957.88,       -1.46,
      958.32,       -1.48,
      958.84,       -1.55,
      959.32,       -1.72,
      959.84,       -1.97,
      960.36,       -2.13,
      960.88,       -2.21,
      961.36,       -2.25,
      961.88,       -2.31,
      962.32,       -2.36,
      962.79,       -2.38,
      963.27,       -2.43,
      963.79,       -2.50,
      964.27,       -2.56,
      964.75,       -2.72,
      965.23,       -2.96,
      965.71,       -3.20,
      966.15,       -3.53,
      966.63,       -3.86,
      967.15,       -4.22,
      967.63,       -4.60,
      968.14,       -4.96,
      968.66,       -5.35,
      969.14,       -5.74,
      969.66,       -6.16,
      970.18,       -6.58,
      970.66,       -7.01,
      971.14,       -7.43,
      971.62,       -7.80,
      972.10,       -8.05,
      972.58,       -8.14,
      973.05,       -8.15,
      973.53,       -8.19,
      974.01,       -8.24,
      974.49,       -8.23,
      975.01,       -8.27,
      975.49,       -8.36,
      976.01,       -8.37,
      976.49,       -8.41,
      977.01,       -8.45,
      977.53,       -8.43,
      978.00,       -8.41,
      978.52,       -8.39,
      979.00,       -8.37,
      979.48,       -8.35,
      979.96,       -8.37,
      980.44,       -8.40,
      980.92,       -8.39,
      981.40,       -8.40,
      981.88,       -8.35,
      982.36,       -8.30,
      982.83,       -8.22,
      983.35,       -8.15,
      983.83,       -8.12,
      984.35,       -8.11,
      984.87,       -8.05,
      985.39,       -8.00,
      985.87,       -7.99,
      986.39,       -7.94,
      986.83,       -7.93,
      987.31,       -7.93,
      987.82,       -7.85,
      988.30,       -7.82,
      988.78,       -7.76,
      989.26,       -7.72,
      989.74,       -7.71,
      990.22,       -7.67,
      990.70,       -7.57,
      991.22,       -7.47,
      991.70,       -7.45,
      992.22,       -7.41,
      992.70,       -7.32,
      993.21,       -7.31,
      993.73,       -7.30,
      994.21,       -7.32,
      994.69,       -7.30,
      995.21,       -7.30,
      995.69,       -7.25,
      996.17,       -7.21,
      996.65,       -7.15,
      997.13,       -7.06,
      997.61,       -6.98,
      998.08,       -6.90,
      998.56,       -6.79,
      999.04,       -6.68,
      999.56,       -6.58,
     1000.08,       -6.50,
     1000.56,       -6.43,
     1001.08,       -6.39,
     1001.56,       -6.36,
     1002.08,       -6.25,
     1002.56,       -6.16,
     1003.03,       -6.14,
     1003.55,       -6.12,
     1004.03,       -6.08,
     1004.51,       -6.02,
     1004.99,       -5.97,
     1005.47,       -5.93,
     1005.95,       -5.92,
     1006.43,       -5.87,
     1006.95,       -5.81,
     1007.43,       -5.71,
     1007.94,       -5.64,
     1008.42,       -5.55,
     1008.90,       -5.49,
     1009.42,       -5.43,
     1009.94,       -5.35,
     1010.42,       -5.31,
     1010.90,       -5.27,
     1011.38,       -5.23,
     1011.90,       -5.18,
     1012.38,       -5.14,
     1012.85,       -5.07,
     1013.33,       -5.05,
     1013.81,       -5.02,
     1014.29,       -4.95,
     1014.77,       -4.91,
     1015.25,       -4.88,
     1015.77,       -4.87,
     1016.25,       -4.88,
     1016.73,       -4.90,
     1017.25,       -4.87,
     1017.77,       -4.86,
     1018.24,       -4.84,
     1018.72,       -4.77,
     1019.24,       -4.74,
     1019.72,       -4.71,
     1020.20,       -4.62,
     1020.68,       -4.60,
     1021.16,       -4.61,
     1021.64,       -4.54,
     1022.12,       -4.52,
     1022.60,       -4.52,
     1023.07,       -4.47,
     1023.55,       -4.39,
     1024.07,       -4.36,
     1024.59,       -4.36,
     1025.07,       -4.40,
     1025.59,       -4.47,
     1026.11,       -4.38,
     1026.59,       -4.32,
     1027.07,       -4.32,
     1027.55,       -4.26,
     1028.02,       -4.22,
     1028.50,       -4.15,
     1029.02,       -4.10,
     1029.50,       -4.07,
     1029.98,       -4.03,
     1030.42,       -3.98,
     1030.90,       -3.98,
     1031.42,       -3.98,
     1031.90,       -3.96,
     1032.42,       -3.92,
     1032.93,       -3.95,
     1033.41,       -3.79,
     1033.93,       -3.78,
     1034.41,       -3.76,
     1034.89,       -3.77,
     1035.37,       -3.76,
     1035.89,       -3.74,
     1036.37,       -3.68,
     1036.85,       -3.61,
     1037.33,       -3.56,
     1037.80,       -3.55,
     1038.24,       -3.52,
     1038.72,       -3.46,
     1039.24,       -3.43,
     1039.72,       -3.44,
     1040.24,       -3.41,
     1040.76,       -3.35,
     1041.24,       -3.32,
     1041.76,       -3.28,
     1042.28,       -3.23,
     1042.76,       -3.15,
     1043.23,       -3.10,
     1043.71,       -3.07,
     1044.19,       -3.00,
     1044.67,       -2.94,
     1045.15,       -2.88,
     1045.63,       -2.82,
     1046.11,       -2.73,
     1046.59,       -2.71,
     1047.07,       -2.65,
     1047.59,       -2.64,
     1048.06,       -2.61,
     1048.58,       -2.53,
     1049.10,       -2.51,
     1049.58,       -2.50,
     1050.10,       -2.46,
     1050.58,       -2.39,
     1051.06,       -2.31,
     1051.54,       -2.25,
     1052.06,       -2.18,
     1052.50,       -2.13,
     1052.97,       -2.16,
     1053.49,       -2.07,
     1053.93,       -2.01,
     1054.41,       -1.94,
     1054.89,       -1.86,
     1055.41,       -1.81,
     1055.93,       -1.75,
     1056.41,       -1.66,
     1056.93,       -1.57,
     1057.45,       -1.51,
     1057.92,       -1.43,
     1058.44,       -1.38,
     1058.92,       -1.30,
     1059.40,       -1.21,
     1059.88,       -1.18,
     1060.36,       -1.10,
     1060.84,       -1.05,
     1061.32,       -0.98,
     1061.80,       -0.88,
     1062.28,       -0.85,
     1062.76,       -0.76,
     1063.27,       -0.70,
     1063.75,       -0.66,
     1064.27,       -0.67,
     1064.79,       -0.60,
     1065.27,       -0.53,
     1065.79,       -0.43,
     1066.31,       -0.37,
     1066.79,       -0.32,
     1067.23,       -0.28,
     1067.71,       -0.27,
     1068.22,       -0.22,
     1068.70,       -0.19,
     1069.18,       -0.15,
     1069.66,       -0.08,
     1070.14,       -0.07,
     1070.62,       -0.02,
     1071.10,        0.05,
     1071.62,        0.04,
     1072.14,        0.08,
     1072.62,        0.12,
     1073.13,        0.19,
     1073.65,        0.23,
     1074.13,        0.27,
     1074.61,        0.31,
     1075.09,        0.37,
     1075.57,        0.38,
     1076.05,        0.39,
     1076.57,        0.37,
     1077.05,        0.39,
     1077.53,        0.42,
     1078.00,        0.42,
     1078.48,        0.44,
     1078.96,        0.45,
     1079.48,        0.43,
     1079.96,        0.44,
     1080.48,        0.46,
     1080.96,        0.42,
     1081.48,        0.37,
     1081.96,        0.32,
     1082.44,        0.27,
     1082.91,        0.27,
     1083.39,        0.25,
     1083.87,        0.25,
     1084.39,        0.30,
     1084.87,        0.33,
     1085.35,        0.37,
     1085.83,        0.37,
     1086.31,        0.39,
     1086.79,        0.42,
     1087.31,        0.44,
     1087.79,        0.46,
     1088.30,        0.50,
     1088.82,        0.53,
     1089.30,        0.57,
     1089.82,        0.59,
     1090.30,        0.60,
     1090.78,        0.63,
     1091.26,        0.64,
     1091.78,        0.68,
     1092.26,        0.69,
     1092.74,        0.75,
     1093.21,        0.78,
     1093.69,        0.78,
     1094.17,        0.78,
     1094.65,        0.67,
     1095.13,        0.55,
     1095.65,        0.28,
     1096.17,       -0.05,
     1096.65,       -0.41,
     1097.17,       -0.82,
     1097.65,       -1.22,
     1098.16,       -1.48,
     1098.64,       -1.51,
     1099.12,       -1.53,
     1099.60,       -1.56,
     1100.08,       -1.58,
     1100.56,       -1.61,
     1101.08,       -1.60,
     1101.56,       -1.60,
     1102.04,       -1.62,
     1102.52,       -1.60,
     1102.99,       -1.59,
     1103.47,       -1.60,
     1103.95,       -1.59,
     1104.47,       -1.60,
     1104.99,       -1.60,
     1105.47,       -1.60,
     1105.99,       -1.61,
     1106.47,       -1.62,
     1106.95,       -1.62,
     1107.47,       -1.60,
     1107.94,       -1.59,
     1108.42,       -1.60,
     1108.90,       -1.60,
     1109.38,       -1.67,
     1109.86,       -1.67,
     1110.34,       -1.66,
     1110.82,       -1.66,
     1111.30,       -1.68,
     1111.82,       -1.73,
     1112.34,       -1.74,
     1112.82,       -1.75,
     1113.33,       -1.76,
     1113.81,       -1.75,
     1114.33,       -1.76,
     1114.81,       -1.76,
     1115.29,       -1.77,
     1115.77,       -1.78,
     1116.29,       -1.80,
     1116.77,       -1.78,
     1117.25,       -1.81,
     1117.73,       -1.81,
     1118.16,       -1.81,
     1118.64,       -1.81,
     1119.12,       -1.77,
     1119.64,       -1.76,
     1120.16,       -1.75,
     1120.64,       -1.76,
     1121.16,       -1.77,
     1121.68,       -1.77,
     1122.16,       -1.77,
     1122.64,       -1.75,
     1123.11,       -1.74,
     1123.59,       -1.73,
     1124.11,       -1.73,
     1124.59,       -1.73,
     1125.07,       -1.69,
     1125.51,       -1.68,
     1125.99,       -1.68,
     1126.47,       -1.68,
     1126.95,       -1.68,
     1127.47,       -1.68,
     1127.94,       -1.69,
     1128.46,       -1.68,
     1128.98,       -1.68,
     1129.50,       -1.70,
     1129.98,       -1.68,
     1130.46,       -1.68,
     1130.94,       -1.72,
     1131.42,       -1.71,
     1131.94,       -1.75,
     1132.42,       -1.77,
     1132.85,       -1.78,
     1133.33,       -1.84,
     1133.81,       -1.89,
     1134.25,       -1.94,
     1134.77,       -2.12,
     1135.29,       -2.27,
     1135.77,       -2.43,
     1136.29,       -2.64,
     1136.81,       -2.85,
     1137.29,       -3.06,
     1137.81,       -3.28,
     1138.28,       -3.47,
     1138.76,       -3.71,
     1139.24,       -4.04,
     1139.72,       -4.33,
     1140.20,       -4.62,
     1140.68,       -4.88,
     1141.16,       -5.04,
     1141.60,       -5.14,
     1142.08,       -5.26,
     1142.56,       -5.38,
     1143.07,       -5.50,
     1143.55,       -5.60,
     1144.07,       -5.62,
     1144.59,       -5.66,
     1145.11,       -5.74,
     1145.59,       -5.74,
     1146.07,       -5.80,
     1146.55,       -5.82,
     1147.03,       -5.88,
     1147.51,       -6.01,
     1147.98,       -6.10,
     1148.46,       -6.15,
     1148.94,       -6.18,
     1149.42,       -6.23,
     1149.90,       -6.18,
     1150.38,       -6.19,
     1150.86,       -6.27,
     1151.38,       -6.29,
     1151.90,       -6.28,
     1152.38,       -6.31,
     1152.89,       -6.23,
     1153.41,       -6.25,
     1153.89,       -6.27,
     1154.37,       -6.26,
     1154.81,       -6.26,
     1155.29,       -6.27,
     1155.81,       -6.18,
     1156.29,       -6.18,
     1156.77,       -6.30,
     1157.25,       -6.25,
     1157.69,       -6.26,
     1158.16,       -6.34,
     1158.68,       -6.23,
     1159.16,       -6.23,
     1159.68,       -6.32,
     1160.20,       -6.18,
     1160.68,       -6.20,
     1161.20,       -6.29,
     1161.72,       -6.16,
     1162.16,       -6.17,
     1162.64,       -6.27,
     1163.11,       -6.10,
     1163.59,       -6.17,
     1164.07,       -6.21,
     1164.59,       -6.05,
     1165.03,       -6.15,
     1165.51,       -6.23,
     1165.99,       -6.03,
     1166.47,       -6.14,
     1166.95,       -6.10,
     1167.47,       -5.97,
     1167.98,       -6.13,
     1168.50,       -6.09,
     1168.98,       -5.99,
     1169.46,       -6.27,
     1169.94,       -6.15,
     1170.42,       -6.06,
     1170.90,       -6.23,
     1171.42,       -6.09,
     1171.90,       -6.01,
     1172.38,       -6.21,
     1172.85,       -6.08,
     1173.33,       -6.10,
     1173.81,       -6.27,
     1174.25,       -6.10,
     1174.77,       -6.06,
     1175.29,       -6.17,
     1175.81,       -5.99,
     1176.29,       -5.97,
     1176.77,       -6.05,
     1177.29,       -5.92,
     1177.77,       -5.90,
     1178.24,       -5.99,
     1178.72,       -5.80,
     1179.20,       -5.78,
     1179.72,       -5.81,
     1180.20,       -5.65,
     1180.68,       -5.65,
     1181.16,       -5.71,
     1181.64,       -5.56,
     1182.08,       -5.61,
     1182.56,       -5.66,
     1183.07,       -5.49,
     1183.59,       -5.49,
     1184.07,       -5.47,
     1184.59,       -5.34,
     1185.07,       -5.35,
     1185.59,       -5.33,
     1186.07,       -5.21,
     1186.51,       -5.28,
     1186.99,       -5.25,
     1187.47,       -5.13,
     1187.94,       -5.21,
     1188.42,       -5.13,
     1188.90,       -5.07,
     1189.34,       -5.14,
     1189.78,       -5.12,
     1190.22,       -5.06,
     1190.70,       -5.09,
     1191.14,       -5.04,
     1191.58,       -5.01,
     1192.06,       -5.05,
     1192.50,       -4.92,
     1192.93,       -4.87,
     1193.41,       -4.85,
     1193.81,       -4.71,
     1194.25,       -4.68,
     1194.65,       -4.67,
     1195.05,       -4.58,
     1195.45,       -4.60,
     1195.85,       -4.59,
     1196.25,       -4.49,
     1196.61,       -4.49,
     1197.01,       -4.46,
     1197.33,       -4.39,
     1197.69,       -4.38,
     1198.04,       -4.32,
     1198.44,       -4.26,
     1198.84,       -4.27,
     1199.20,       -4.17,
     1199.56,       -4.10,
     1199.96,       -4.16,
     1200.32,       -4.08,
     1200.68,       -4.08,
     1201.04,       -4.12,
     1201.36,       -4.03,
     1201.68,       -4.01,
     1202.00,       -4.03,
     1202.32,       -3.96,
     1202.60,       -3.98,
     1202.91,       -3.97,
     1203.19,       -3.91,
     1203.43,       -3.89,
     1203.67,       -3.87,
     1203.87,       -3.79,
     1204.07,       -3.82,
     1204.23,       -3.82,
     1204.35,       -3.79,
     1204.51,       -3.87,
     1204.59,       -3.83,
     1204.71,       -3.82,
     1204.75,       -3.86,
     1204.83,       -3.82,
     1204.87,       -3.82,
     1204.87,       -3.83,
     1204.87,       -3.84,
     1204.87,       -3.88,
     1204.91,       -3.87,