       -0.00,       -0.04,
        0.04,       -0.07,
        0.08,       -0.07,
        0.16,       -0.06,
        0.24,       -0.07,
        0.32,       -0.06,
        0.40,       -0.05,
        0.48,       -0.07,
        0.60,       -0.02,
        0.68,       -0.02,
        0.76,       -0.01,
        0.84,        0.00,
        0.92,        0.02,
        1.04,        0.04,
        1.12,        0.02,
        1.24,        0.06,
        1.36,        0.07,
        1.48,        0.11,
        1.60,        0.15,
        1.76,        0.19,
        1.88,        0.23,
        2.00,        0.23,
        2.16,        0.25,
        2.27,        0.24,
        2.43,        0.23,
        2.55,        0.25,
        2.71,        0.26,
        2.83,        0.27,
        2.99,        0.31,
        3.15,        0.35,
        3.31,        0.33,
        3.47,        0.33,
        3.63,        0.33,
        3.79,        0.37,
        3.95,        0.39,
        4.11,        0.42,
        4.27,        0.45,
        4.43,        0.46,
        4.63,        0.51,
        4.79,        0.51,
        4.99,        0.52,
        5.15,        0.55,
        5.35,        0.55,
        5.51,        0.55,
        5.71,        0.55,
        5.91,        0.55,
        6.11,        0.57,
        6.27,        0.60,
        6.47,        0.61,
        6.67,        0.64,
        6.87,        0.62,
        7.07,        0.64,
        7.27,        0.64,
        7.46,        0.63,
        7.70,        0.66,
        7.90,        0.63,
        8.10,        0.67,
        8.30,        0.63,
        8.54,        0.63,
        8.74,        0.62,
        8.98,        0.63,
        9.22,        0.67,
        9.46,        0.68,
        9.70,        0.72,
        9.98,        0.72,
       10.22,        0.71,
       10.46,        0.70,
       10.74,        0.74,
       10.98,        0.79,
       11.26,        0.81,
       11.50,        0.79,
       11.74,        0.80,
       12.02,        0.75,
       12.26,        0.72,
       12.53,        0.76,
       12.77,        0.78,
       13.05,        0.80,
       13.33,        1.02,
       13.57,        0.80,
       13.85,        0.80,
       14.13,        0.81,
       14.41,        0.81,
       14.65,        0.81,
       14.93,        0.81,
       15.21,        0.81,
       15.45,        0.78,
       15.73,        0.74,
       16.01,        0.73,
       16.29,        0.72,
       16.57,        0.70,
       16.81,        0.71,
       17.09,        0.68,
       17.40,        0.66,
       17.68,        0.65,
       18.00,        0.59,
       18.32,        0.57,
       18.64,        0.46,
       18.92,        0.44,
       19.24,        0.37,
       19.56,        0.28,
       19.84,        0.28,
       20.16,        0.20,
       20.44,        0.18,
       20.76,        0.15,
       21.08,        0.08,
       21.36,        0.09,
       21.68,        0.03,
       22.00,        0.02,
       22.28,       -0.02,
       22.59,       -0.00,
       22.91,        0.04,
       23.19,        0.03,
       23.51,        0.02,
       23.83,       -0.02,
       24.15,       -0.02,
       24.47,       -0.04,
       24.79,       -0.07,
       25.11,       -0.05,
       25.43,       -0.07,
       25.79,       -0.07,
       26.11,       -0.07,
       26.47,       -0.07,
       26.79,       -0.06,
       27.15,       -0.07,
       27.46,       -0.07,
       27.78,       -0.07,
       28.14,       -0.07,
       28.46,       -0.10,
       28.82,       -0.10,
       29.14,       -0.09,
       29.46,       -0.11,
       29.82,       -0.13,
       30.14,       -0.15,
       30.50,       -0.16,
       30.82,       -0.15,
       31.14,       -0.15,
       31.50,       -0.15,
       31.82,       -0.15,
       32.18,       -0.15,
       32.49,       -0.15,
       32.85,       -0.15,
       33.17,       -0.15,
       33.57,       -0.14,
       33.93,       -0.18,
       34.33,       -0.20,
       34.69,       -0.20,
       35.05,       -0.20,
       35.41,       -0.20,
       35.77,       -0.20,
       36.13,       -0.20,
       36.49,       -0.20,
       36.85,       -0.20,
       37.21,       -0.20,
       37.56,       -0.21,
       37.96,       -0.23,
       38.32,       -0.24,
       38.68,       -0.24,
       39.04,       -0.20,
       39.40,       -0.20,
       39.76,       -0.15,
       40.12,       -0.16,
       40.48,       -0.20,
       40.88,       -0.21,
       41.24,       -0.20,
       41.60,       -0.19,
       42.00,       -0.20,
       42.39,       -0.19,
       42.79,       -0.15,
       43.19,       -0.17,
       43.59,       -0.18,
       43.95,       -0.16,
       44.31,       -0.17,
       44.71,       -0.17,
       45.07,       -0.17,
       45.47,       -0.12,
       45.87,       -0.12,
       46.27,       -0.12,
       46.63,       -0.14,
       47.03,       -0.15,
       47.38,       -0.14,
       47.78,       -0.14,
       48.14,       -0.12,
       48.54,       -0.12,
       48.90,       -0.18,
       49.30,       -0.18,
       49.70,       -0.28,
       50.10,       -0.42,
       50.54,       -0.63,
       50.98,       -0.88,
       51.38,       -1.21,
       51.74,       -1.48,
       52.14,       -1.68,
       52.53,       -1.73,
       52.93,       -1.77,
       53.29,       -1.78,
       53.69,       -1.80,
       54.09,       -1.77,
       54.49,       -1.81,
       54.93,       -1.86,
       55.29,       -1.86,
       55.69,       -1.90,
       56.09,       -1.94,
       56.49,       -1.94,
       56.89,       -2.00,
       57.29,       -2.00,
       57.72,       -2.05,
       58.12,       -2.09,
       58.56,       -2.13,
       59.00,       -2.15,
       59.40,       -2.14,
       59.80,       -2.18,
       60.16,       -2.24,
       60.56,       -2.30,
       61.00,       -2.30,
       61.40,       -2.33,
       61.80,       -2.35,
       62.24,       -2.38,
       62.63,       -2.43,
       63.03,       -2.47,
       63.43,       -2.51,
       63.83,       -2.53,
       64.27,       -2.59,
       64.67,       -2.62,
       65.07,       -2.64,
       65.47,       -2.68,
       65.91,       -2.73,
       66.39,       -2.73,
       66.83,       -2.73,
       67.23,       -2.76,
       67.66,       -2.81,
       68.06,       -2.89,
       68.46,       -2.94,
       68.90,       -2.99,
       69.30,       -3.03,
       69.74,       -3.06,
       70.18,       -3.15,
       70.58,       -3.30,
       71.02,       -3.56,
       71.42,       -3.87,
       71.78,       -4.06,
       72.22,       -4.14,
       72.61,       -4.17,
       73.05,       -4.14,
       73.45,       -4.03,
       73.89,       -3.89,
       74.37,       -3.84,
       74.81,       -3.79,
       75.25,       -3.75,
       75.69,       -3.75,
       76.09,       -3.71,
       76.53,       -3.67,
       76.93,       -3.67,
       77.36,       -3.68,
       77.80,       -3.64,
       78.20,       -3.66,
       78.64,       -3.61,
       79.08,       -3.59,
       79.48,       -3.59,
       79.92,       -3.55,
       80.32,       -3.54,
       80.76,       -3.56,
       81.16,       -3.54,
       81.64,       -3.52,
       82.08,       -3.47,
       82.51,       -3.44,
       82.99,       -3.43,
       83.43,       -3.40,
       83.87,       -3.36,
       84.27,       -3.41,
       84.71,       -3.44,
       85.11,       -3.43,
       85.59,       -3.46,
       86.03,       -3.42,
       86.47,       -3.39,
       86.87,       -3.43,
       87.31,       -3.39,
       87.74,       -3.37,
       88.18,       -3.34,
       88.58,       -3.30,
       89.02,       -3.30,
       89.46,       -3.30,
       89.90,       -3.30,
       90.38,       -3.30,
       90.86,       -3.30,
       91.30,       -3.26,
       91.74,       -3.25,
       92.14,       -3.28,
       92.57,       -3.26,
       93.01,       -3.25,
       93.45,       -3.24,
       93.93,       -3.23,
       94.37,       -3.21,
       94.77,       -3.17,
       95.21,       -3.14,
       95.65,       -3.13,
       96.09,       -3.13,
       96.53,       -3.11,
       96.93,       -3.10,
       97.40,       -3.08,
       97.80,       -3.01,
       98.28,       -3.00,
       98.76,       -2.99,
       99.20,       -2.95,
       99.68,       -2.88,
      100.12,       -2.87,
      100.52,       -2.90,
      100.96,       -2.88,
      101.44,       -2.85,
      101.88,       -2.80,
      102.32,       -2.79,
      102.75,       -2.78,
      103.19,       -2.73,
      103.63,       -2.74,
      104.07,       -2.74,
      104.51,       -2.74,
      104.95,       -2.71,
      105.39,       -2.69,
      105.87,       -2.68,
      106.35,       -2.64,
      106.83,       -2.59,
      107.27,       -2.50,
      107.70,       -2.47,
      108.14,       -2.47,
      108.62,       -2.47,
      109.06,       -2.47,
      109.50,       -2.48,
      109.94,       -2.43,
      110.42,       -2.43,
      110.86,       -2.38,
      111.30,       -2.33,
      111.70,       -2.32,
      112.14,       -2.25,
      112.61,       -2.19,
      113.05,       -2.13,
      113.53,       -2.10,
      113.97,       -2.06,
      114.45,       -2.03,
      114.93,       -2.00,
      115.41,       -1.95,
      115.85,       -1.95,
      116.29,       -1.93,
      116.73,       -1.90,
      117.21,       -1.90,
      117.64,       -1.87,
      118.08,       -1.87,
      118.52,       -1.84,
      118.96,       -1.82,
      119.40,       -1.79,
      119.88,       -1.77,
      120.32,       -1.74,
      120.76,       -1.75,
      121.20,       -1.74,
      121.68,       -1.76,
      122.16,       -1.72,
      122.63,       -1.67,
      123.11,       -1.64,
      123.59,       -1.63,
      124.03,       -1.62,
      124.47,       -1.63,
      124.91,       -1.64,
      125.35,       -1.63,
      125.83,       -1.62,
      126.31,       -1.58,
      126.75,       -1.56,
      127.23,       -1.57,
      127.66,       -1.55,
      128.10,       -1.51,
      128.58,       -1.49,
      129.02,       -1.51,
      129.50,       -1.52,
      129.98,       -1.52,
      130.46,       -1.49,
      130.94,       -1.47,
      131.42,       -1.48,
      131.86,       -1.46,
      132.33,       -1.45,
      132.77,       -1.42,
      133.21,       -1.42,
      133.69,       -1.41,
      134.17,       -1.38,
      134.65,       -1.36,
      135.09,       -1.34,
      135.53,       -1.29,
      136.01,       -1.27,
      136.45,       -1.26,
      136.93,       -1.25,
      137.36,       -1.25,
      137.84,       -1.24,
      138.32,       -1.21,
      138.84,       -1.17,
      139.32,       -1.16,
      139.76,       -1.15,
      140.24,       -1.13,
      140.68,       -1.12,
      141.16,       -1.39,
      141.60,       -1.09,
      142.08,       -1.07,
      142.55,       -1.06,
      143.03,       -1.05,
      143.47,       -1.05,
      143.91,       -1.02,
      144.39,       -1.02,
      144.83,       -1.00,
      145.31,       -0.98,
      145.79,       -0.97,
      146.27,       -0.94,
      146.79,       -0.86,
      147.27,       -0.85,
      147.74,       -0.85,
      148.18,       -0.84,
      148.62,       -0.78,
      149.10,       -0.77,
      149.58,       -0.73,
      150.06,       -0.72,
      150.54,       -0.69,
      150.98,       -0.66,
      151.42,       -0.63,
      151.90,       -0.61,
      152.34,       -0.63,
      152.81,       -0.63,
      153.25,       -0.59,
      153.73,       -0.58,
      154.25,       -0.55,
      154.73,       -0.53,
      155.25,       -0.50,
      155.69,       -0.48,
      156.17,       -0.49,
      156.61,       -0.43,
      157.09,       -0.39,
      157.56,       -0.39,
      158.04,       -0.38,
      158.52,       -0.41,
      158.96,       -0.36,
      159.40,       -0.34,
      159.88,       -0.32,
      160.32,       -0.32,
      160.80,       -0.32,
      161.28,       -0.31,
      161.76,       -0.26,
      162.28,       -0.27,
      162.75,       -0.28,
      163.27,       -0.27,
      163.75,       -0.22,
      164.19,       -0.20,
      164.67,       -0.19,
      165.11,       -0.19,
      165.59,       -0.20,
      166.07,       -0.27,
      166.55,       -0.28,
      166.99,       -0.25,
      167.42,       -0.30,
      167.90,       -0.33,
      168.38,       -0.31,
      168.86,       -0.28,
      169.34,       -0.27,
      169.82,       -0.29,
      170.30,       -0.30,
      170.82,       -0.29,
      171.30,       -0.27,
      171.78,       -0.21,
      172.26,       -0.18,
      172.69,       -0.15,
      173.17,       -0.14,
      173.65,       -0.17,
      174.13,       -0.17,
      174.61,       -0.13,
      175.05,       -0.11,
      175.53,       -0.10,
      175.97,       -0.09,
      176.45,       -0.05,
      176.93,       -0.01,
      177.40,       -0.01,
      177.88,        0.03,
      178.40,        0.03,
      178.88,        0.02,
      179.40,        0.02,
      179.84,        0.02,
      180.32,        0.02,
      180.76,        0.02,
      181.24,        0.02,
      181.72,        0.03,
      182.20,        0.05,
      182.67,        0.07,
      183.15,        0.10,
      183.63,        0.11,
      184.07,        0.09,
      184.55,        0.07,
      185.03,        0.08,
      185.51,        0.08,
      186.03,        0.07,
      186.51,        0.04,
      187.03,        0.02,
      187.50,        0.01,
      187.94,       -0.01,
      188.42,        0.01,
      188.86,       -0.03,
      189.34,       -0.07,
      189.86,       -0.10,
      190.34,       -0.16,
      190.82,       -0.19,
      191.26,       -0.20,
      191.74,       -0.28,
      192.22,       -0.30,
      192.69,       -0.29,
      193.17,       -0.29,
      193.65,       -0.30,
      194.17,       -0.29,
      194.65,       -0.26,
      195.13,       -0.26,
      195.61,       -0.27,
      196.09,       -0.28,
      196.53,       -0.32,
      197.01,       -0.32,
      197.48,       -0.32,
      197.96,       -0.33,
      198.44,       -0.32,
      198.92,       -0.32,
      199.40,       -0.30,
      199.88,       -0.33,
      200.36,       -0.30,
      200.80,       -0.33,
      201.28,       -0.34,
      201.80,       -0.33,
      202.28,       -0.35,
      202.79,       -0.35,
      203.27,       -0.34,
      203.75,       -0.37,
      204.23,       -0.33,
      204.67,       -0.35,
      205.19,       -0.37,
      205.71,       -0.33,
      206.23,       -0.34,
      206.67,       -0.38,
      207.15,       -0.42,
      207.62,       -0.45,
      208.10,       -0.46,
      208.58,       -0.46,
      209.02,       -0.46,
      209.54,       -0.50,
      210.06,       -0.59,
      210.54,       -0.83,
      211.06,       -1.18,
      211.54,       -1.56,
      212.02,       -1.97,
      212.45,       -2.38,
      212.93,       -2.78,
      213.41,       -3.04,
      213.89,       -3.07,
      214.41,       -3.06,
      214.85,       -3.02,
      215.33,       -3.00,
      215.77,       -2.97,
      216.25,       -2.93,
      216.73,       -2.94,
      217.21,       -2.92,
      217.68,       -2.91,
      218.20,       -2.91,
      218.68,       -2.94,
      219.20,       -2.92,
      219.64,       -2.91,
      220.12,       -2.92,
      220.60,       -2.91,
      221.08,       -2.90,
      221.56,       -2.84,
      222.04,       -2.83,
      222.51,       -2.79,
      222.99,       -2.73,
      223.43,       -2.73,
      223.91,       -2.73,
      224.39,       -2.74,
      224.83,       -2.81,
      225.31,       -2.79,
      225.83,       -2.76,
      226.31,       -2.87,
      226.83,       -2.79,
      227.31,       -2.73,
      227.78,       -2.73,
      228.26,       -2.68,
      228.74,       -2.68,
      229.22,       -2.67,
      229.70,       -2.64,
      230.18,       -2.64,
      230.66,       -2.64,
      231.14,       -2.59,
      231.58,       -2.57,
      232.06,       -2.56,
      232.53,       -2.59,
      232.97,       -2.60,
      233.49,       -2.60,
      234.01,       -2.60,
      234.49,       -2.59,
      235.01,       -2.55,
      235.49,       -2.51,
      235.97,       -2.47,
      236.41,       -2.43,
      236.89,       -2.43,
      237.37,       -2.42,
      237.84,       -2.39,
      238.32,       -2.36,
      238.80,       -2.34,
      239.28,       -2.30,
      239.72,       -2.27,
      240.20,       -2.25,
      240.68,       -2.26,
      241.16,       -2.30,
      241.68,       -2.29,
      242.20,       -2.25,
      242.67,       -2.25,
      243.19,       -2.22,
      243.67,       -2.21,
      244.15,       -2.12,
      244.59,       -2.04,
      245.03,       -1.99,
      245.55,       -1.98,
      246.03,       -1.93,
      246.51,       -1.90,
      246.99,       -1.92,
      247.46,       -1.91,
      247.94,       -1.90,
      248.38,       -1.87,
      248.86,       -1.82,
      249.34,       -1.80,
      249.86,       -1.78,
      250.38,       -1.75,
      250.86,       -1.81,
      251.38,       -1.81,
      251.86,       -1.84,
      252.30,       -1.82,
      252.77,       -1.77,
      253.25,       -1.77,
      253.73,       -1.77,
      254.21,       -1.79,
      254.69,       -1.79,
      255.17,       -1.79,
      255.61,       -1.77,
      256.09,       -1.69,
      256.57,       -1.62,
      257.05,       -1.61,
      257.56,       -1.60,
      258.04,       -1.60,
      258.56,       -1.60,
      259.08,       -1.60,
      259.52,       -1.60,
      260.00,       -1.60,
      260.48,       -1.60,
      260.92,       -1.56,
      261.40,       -1.53,
      261.92,       -1.50,
      262.40,       -1.49,
      262.87,       -1.44,
      263.31,       -1.46,
      263.79,       -1.42,
      264.27,       -1.39,
      264.75,       -1.41,
      265.23,       -1.41,
      265.71,       -1.41,
      266.23,       -1.39,
      266.71,       -1.38,
      267.23,       -1.40,
      267.70,       -1.40,
      268.14,       -1.38,
      268.62,       -1.38,
      269.10,       -1.35,
      269.58,       -1.33,
      270.06,       -1.30,
      270.54,       -1.29,
      271.02,       -1.28,
      271.46,       -1.27,
      271.94,       -1.29,
      272.41,       -1.32,
      272.89,       -1.33,
      273.37,       -1.35,
      273.85,       -1.33,
      274.37,       -1.38,
      274.85,       -1.43,
      275.37,       -1.46,
      275.85,       -1.52,
      276.29,       -1.46,
      276.77,       -1.51,
      277.25,       -1.53,
      277.72,       -1.51,
      278.24,       -1.50,
      278.72,       -1.53,
      279.16,       -1.55,
      279.64,       -1.56,
      280.12,       -1.56,
      280.60,       -1.54,
      281.04,       -1.55,
      281.52,       -1.50,
      282.08,       -1.50,
      282.55,       -1.51,
      283.07,       -1.51,
      283.55,       -1.48,
      284.03,       -1.46,
      284.51,       -1.44,
      284.99,       -1.44,
      285.47,       -1.42,
      285.99,       -1.38,
      286.47,       -1.41,
      286.95,       -1.37,
      287.42,       -1.41,
      287.90,       -1.41,
      288.34,       -1.35,
      288.86,       -1.33,
      289.34,       -1.27,
      289.86,       -1.24,
      290.38,       -1.20,
      290.90,       -1.16,
      291.42,       -1.14,
      291.90,       -1.12,
      292.38,       -1.11,
      292.85,       -1.09,
      293.97,       -1.08,
      294.45,       -1.07,
      294.97,       -1.04,
      295.45,       -0.99,
      295.93,       -0.98,
      296.37,       -0.95,
      296.85,       -0.94,
      297.33,       -0.93,
      297.80,       -0.90,
      298.32,       -0.88,
      298.84,       -0.84,
      299.36,       -0.81,
      299.88,       -0.81,
      300.36,       -0.78,
      300.84,       -0.73,
      301.32,       -0.71,
      301.80,       -0.68,
      302.28,       -0.65,
      302.79,       -0.62,
      303.27,       -0.60,
      303.75,       -0.59,
      304.23,       -0.49,
      304.71,       -0.52,
      305.19,       -0.50,
      305.67,       -0.50,
      306.19,       -0.47,
      306.71,       -0.43,
      307.19,       -0.42,
      307.70,       -0.41,
      308.22,       -0.42,
      308.70,       -0.40,
      309.18,       -0.39,
      309.66,       -0.40,
      310.14,       -0.42,
      310.66,       -0.42,
      311.10,       -0.42,
      311.62,       -0.42,
      312.10,       -0.42,
      312.53,       -0.44,
      313.01,       -0.41,
      313.49,       -0.41,
      314.01,       -0.42,
      314.53,       -0.45,
      315.05,       -0.44,
      315.57,       -0.46,
      316.05,       -0.53,
      316.57,       -0.57,
      317.01,       -0.62,
      317.48,       -0.64,
      318.00,       -0.74,
      318.44,       -0.88,
      318.96,       -0.92,
      319.44,       -1.01,
      319.92,       -1.08,
      320.40,       -1.14,
      320.88,       -1.15,
      321.36,       -1.19,
      321.88,       -1.21,
      322.36,       -1.29,
      322.87,       -1.27,
      323.39,       -1.31,
      323.91,       -1.38,
      324.43,       -1.54,
      324.91,       -1.84,
      325.35,       -2.23,
      325.83,       -2.60,
      326.35,       -2.95,
      326.83,       -3.17,
      327.35,       -3.22,
      327.82,       -3.22,
      328.30,       -3.26,
      328.78,       -3.25,
      329.22,       -3.19,
      329.74,       -3.18,
      330.26,       -3.11,
      330.78,       -3.03,
      331.30,       -2.99,
      331.78,       -2.92,
      332.30,       -2.86,
      332.77,       -2.78,
      333.25,       -2.63,
      333.73,       -2.53,
      334.21,       -2.50,
      334.69,       -2.48,
      335.21,       -2.50,
      335.69,       -2.49,
      336.17,       -2.45,
      336.65,       -2.43,
      337.13,       -2.34,
      337.60,       -2.30,
      338.12,       -2.29,
      338.64,       -2.21,
      339.12,       -2.18,
      339.64,       -2.18,
      340.12,       -2.13,
      340.64,       -2.10,
      341.16,       -2.03,
      341.60,       -2.00,
      342.08,       -2.00,
      342.59,       -1.97,
      343.07,       -1.90,
      343.59,       -1.89,
      344.07,       -1.82,
      344.55,       -1.84,
      345.03,       -1.85,
      345.51,       -1.78,
      346.03,       -1.73,
      346.55,       -1.62,
      347.07,       -1.59,
      347.54,       -1.62,
      348.10,       -1.55,
      348.58,       -1.51,
      349.06,       -1.51,
      349.54,       -1.44,
      350.02,       -1.44,
      350.54,       -1.39,
      351.02,       -1.33,
      351.50,       -1.29,
      351.98,       -1.24,
      352.45,       -1.23,
      352.93,       -1.24,
      353.41,       -1.16,
      353.93,       -1.12,
      354.45,       -1.07,
      354.93,       -1.03,
      355.45,       -0.99,
      355.93,       -0.95,
      356.45,       -0.94,
      356.93,       -0.94,
      357.41,       -0.91,
      357.88,       -0.86,
      358.40,       -0.81,
      358.88,       -0.76,
      359.36,       -0.74,
      359.84,       -0.68,
      360.32,       -0.65,
      360.80,       -0.62,
      361.28,       -0.57,
      361.80,       -0.54,
      362.28,       -0.48,
      362.79,       -0.46,
      363.27,       -0.45,
      363.79,       -0.41,
      364.31,       -0.40,
      364.79,       -0.38,
      365.27,       -0.34,
      365.75,       -0.32,
      366.23,       -0.26,
      366.75,       -0.22,
      367.23,       -0.20,
      367.70,       -0.15,
      368.18,       -0.14,
      368.62,       -0.08,
      369.10,       -0.03,
      369.58,       -0.04,
      370.10,       -0.02,
      370.62,        0.04,
      371.10,        0.07,
      371.62,        0.08,
      372.10,        0.10,
      372.57,        0.11,
      373.05,        0.12,
      373.53,        0.14,
      374.01,        0.19,
      374.53,        0.20,
      375.01,        0.25,
      375.49,        0.26,
      375.97,        0.23,
      376.45,        0.36,
      376.89,        0.23,
      377.37,        0.20,
      377.92,        0.21,
      378.44,        0.24,
      378.92,        0.25,
      379.44,        0.29,
      379.96,        0.28,
      380.44,        0.31,
      380.92,        0.32,
      381.40,        0.35,
      381.96,        0.37,
      382.47,        0.39,
      382.95,        0.42,
      383.43,        0.45,
      383.91,        0.45,
      384.35,        0.47,
      384.83,        0.46,
      385.35,        0.47,
      385.83,        0.49,
      386.35,        0.54,
      386.87,        0.56,
      387.35,        0.59,
      387.86,        0.59,
      388.38,        0.59,
      388.86,        0.61,
      389.30,        0.66,
      389.78,        0.68,
      390.30,        0.72,
      390.78,        0.72,
      391.26,        0.63,
      391.74,        0.64,
      392.22,        0.63,
      392.69,        0.62,
      393.17,        0.62,
      393.65,        0.58,
      394.17,        0.49,
      394.69,        0.46,
      395.21,        0.34,
      395.69,        0.33,
      396.21,        0.29,
      396.69,        0.33,
      397.17,        0.36,
      397.64,        0.36,
      398.12,        0.37,
      398.64,        0.36,
      399.08,        0.38,
      399.56,        0.42,
      400.04,        0.44,
      400.52,        0.48,
      401.00,        0.53,
      401.48,        0.58,
      402.00,        0.64,
      402.55,        0.67,
      403.03,        0.75,
      403.55,        0.81,
      404.03,        0.83,
      404.51,        0.90,
      404.99,        0.94,
      405.47,        1.00,
      405.95,        1.00,
      406.43,        0.98,
      406.95,        1.05,
      407.43,        1.09,
      407.86,        1.12,
      408.34,        1.14,
      408.82,        1.16,
      409.30,        1.24,
      409.78,        1.30,
      410.30,        1.38,
      410.82,        1.39,
      411.30,        1.40,
      411.82,        1.46,
      412.34,        1.47,
      412.77,        1.48,
      413.25,        1.53,
      413.69,        1.57,
      414.21,        1.64,
      414.69,        1.69,
      415.21,        1.73,
      415.69,        1.73,
      416.13,        1.77,
      416.61,        1.83,
      417.09,        1.84,
      417.56,        1.84,
      418.08,        1.83,
      418.64,        1.73,
      419.16,        1.44,
      419.64,        1.16,
      420.16,        0.84,
      420.64,        0.46,
      421.08,        0.14,
      421.56,       -0.24,
      422.12,       -0.64,
      422.59,       -1.07,
      423.07,       -1.56,
      423.59,       -1.94,
      424.07,       -2.24,
      424.51,       -2.32,
      424.99,       -2.31,
      425.47,       -2.34,
      425.99,       -2.33,
      426.51,       -2.29,
      427.03,       -2.32,
      427.50,       -2.35,
      428.02,       -2.36,
      428.50,       -2.34,
      428.98,       -2.31,
      429.46,       -2.30,
      429.98,       -2.29,
      430.46,       -2.25,
      430.94,       -2.27,
      431.46,       -2.23,
      431.94,       -2.23,
      432.42,       -2.28,
      432.85,       -2.26,
      433.33,       -2.25,
      433.85,       -2.29,
      434.37,       -2.34,
      434.85,       -2.36,
      435.37,       -2.37,
      435.85,       -2.33,
      436.37,       -2.34,
      436.85,       -2.33,
      437.29,       -2.31,
      437.76,       -2.29,
      438.28,       -2.27,
      438.76,       -2.25,
      439.24,       -2.27,
      439.72,       -2.27,
      440.20,       -2.16,
      440.68,       -2.25,
      441.16,       -2.22,
      441.64,       -2.21,
      442.16,       -2.15,
      442.63,       -2.11,
      443.15,       -2.07,
      443.63,       -2.03,
      444.15,       -1.99,
      444.63,       -1.99,
      445.11,       -2.03,
      445.59,       -2.12,
      446.07,       -2.15,
      446.59,       -2.14,
      447.07,       -2.16,
      447.54,       -2.11,
      448.02,       -2.12,
      448.50,       -2.15,
      448.98,       -2.08,
      449.46,       -2.06,
      449.94,       -1.99,
      450.46,       -1.94,
      450.98,       -1.94,
      451.50,       -1.86,
      451.98,       -1.86,
      452.46,       -1.87,
      452.93,       -1.84,
      453.41,       -1.86,
      453.89,       -1.83,
      454.41,       -1.77,
      454.89,       -1.76,
      455.37,       -1.73,
      455.85,       -1.73,
      456.33,       -1.77,
      456.81,       -1.74,
      457.25,       -1.73,
      457.76,       -1.74,
      458.24,       -1.70,
      458.76,       -1.75,
      459.28,       -1.68,
      459.76,       -1.61,
      460.28,       -1.62,
      460.72,       -1.56,
      461.20,       -1.59,
      461.68,       -1.68,
      462.20,       -1.52,
      462.67,       -1.54,
      463.15,       -1.49,
      463.63,       -1.50,
      464.11,       -1.57,
      464.55,       -1.50,
      465.03,       -1.46,
      465.51,       -1.45,
      466.03,       -1.40,
      466.55,       -1.54,
      467.03,       -1.51,
      467.54,       -1.46,
      468.02,       -1.55,
      468.50,       -1.50,
      468.98,       -1.53,
      469.46,       -1.55,
      469.94,       -1.51,
      470.46,       -1.55,
      470.94,       -1.52,
      471.42,       -1.47,
      471.86,       -1.55,
      472.34,       -1.50,
      472.81,       -1.50,
      473.29,       -1.51,
      473.77,       -1.42,
      474.29,       -1.46,
      474.77,       -1.40,
      475.29,       -1.38,
      475.81,       -1.41,
      476.33,       -1.38,
      476.77,       -1.38,
      477.25,       -1.36,
      477.72,       -1.29,
      478.24,       -1.27,
      478.72,       -1.27,
      479.20,       -1.25,
      479.68,       -1.32,
      480.16,       -1.29,
      480.64,       -1.30,
      481.12,       -1.29,
      481.60,       -1.25,
      482.12,       -1.25,
      482.63,       -1.24,
      483.15,       -1.22,
      483.67,       -1.25,
      484.15,       -1.23,
      484.63,       -1.22,
      485.11,       -1.19,
      485.63,       -1.14,
      486.11,       -1.14,
      486.59,       -1.15,
      487.07,       -1.12,
      487.54,       -1.07,
      488.06,       -1.06,
      488.50,       -1.08,
      488.98,       -1.11,
      489.50,       -1.10,
      490.02,       -1.15,
      490.54,       -1.14,
      491.06,       -1.15,
      491.54,       -1.16,
      492.06,       -1.11,
      492.53,       -1.12,
      493.01,       -1.12,
      493.49,       -1.09,
      493.97,       -1.16,
      494.45,       -1.15,
      494.97,       -1.16,
      495.45,       -1.22,
      495.93,       -1.19,
      496.41,       -1.21,
      496.89,       -1.26,
      497.37,       -1.25,
      497.88,       -1.34,
      498.40,       -1.35,
      498.92,       -1.37,
      499.44,       -1.47,
      499.92,       -1.47,
      500.44,       -1.66,
      500.92,       -1.81,
      501.36,       -1.80,
      501.88,       -2.06,
      502.36,       -2.18,
      502.87,       -2.16,
      503.35,       -2.26,
      503.83,       -2.25,
      504.31,       -2.27,
      504.79,       -2.32,
      505.27,       -2.33,
      505.79,       -2.37,
      506.27,       -2.38,
      506.79,       -2.39,
      507.31,       -2.44,
      507.82,       -2.47,
      508.30,       -2.48,
      508.78,       -2.50,
      509.26,       -2.53,
      509.74,       -2.57,
      510.26,       -2.64,
      510.74,       -2.76,
      511.26,       -2.90,
      511.74,       -3.00,
      512.22,       -3.04,
      512.69,       -2.99,
      513.17,       -2.90,
      513.69,       -2.87,
      514.17,       -2.98,
      514.69,       -3.00,
      515.21,       -3.00,
      515.73,       -3.04,
      516.21,       -2.99,
      516.69,       -2.96,
      517.17,       -2.94,
      517.64,       -2.92,
      518.12,       -2.90,
      518.64,       -2.87,
      519.12,       -2.84,
      519.64,       -2.81,
      520.12,       -2.76,
      520.60,       -2.70,
      521.04,       -2.63,
      521.56,       -2.60,
      522.08,       -2.55,
      522.59,       -2.53,
      523.11,       -2.50,
      523.59,       -2.48,
      524.07,       -2.43,
      524.59,       -2.40,
      525.07,       -2.34,
      525.55,       -2.29,
      526.03,       -2.29,
      526.51,       -2.24,
      526.99,       -2.23,
      527.47,       -2.16,
      527.94,       -2.08,
      528.42,       -2.07,
      528.90,       -1.98,
      529.38,       -1.89,
      529.94,       -1.90,
      530.42,       -1.85,
      530.94,       -1.81,
      531.42,       -1.77,
      531.94,       -1.73,
      532.46,       -1.70,
      532.93,       -1.66,
      533.41,       -1.66,
      533.93,       -1.64,
      534.41,       -1.60,
      534.93,       -1.60,
      535.41,       -1.52,
      535.89,       -1.48,
      536.37,       -1.49,
      536.81,       -1.48,
      537.33,       -1.43,
      537.80,       -1.41,
      538.32,       -1.36,
      538.84,       -1.32,
      539.32,       -1.26,
      539.84,       -1.23,
      540.36,       -1.21,
      540.84,       -1.19,
      541.32,       -1.16,
      541.84,       -1.13,
      542.32,       -1.09,
      542.83,       -1.05,
      543.31,       -1.03,
      543.79,       -1.00,
      544.27,       -0.98,
      544.75,       -0.98,
      545.23,       -0.97,
      545.71,       -0.98,
      546.23,       -0.95,
      546.75,       -0.91,
      547.31,       -0.87,
      547.78,       -0.86,
      548.30,       -0.87,
      548.78,       -0.88,
      549.26,       -0.85,
      549.82,       -0.85,
      550.30,       -0.81,
      550.78,       -0.78,
      551.30,       -0.75,
      551.78,       -0.68,
      552.26,       -0.64,
      552.73,       -0.60,
      553.21,       -0.58,
      553.73,       -0.52,
      554.21,       -0.45,
      554.77,       -0.42,
      555.29,       -0.37,
      555.77,       -0.36,
      556.25,       -0.33,
      556.73,       -0.31,
      557.21,       -0.27,
      557.72,       -0.21,
      558.20,       -0.20,
      558.72,       -0.12,
      559.20,       -0.11,
      559.68,       -0.11,
      560.12,       -0.06,
      560.60,       -0.03,
      561.12,       -0.02,
      561.60,       -0.01,
      562.12,       -0.02,
      562.63,       -0.02,
      563.15,        0.02,
      563.67,        0.04,
      564.15,        0.04,
      564.63,        0.04,
      565.11,        0.05,
      565.59,        0.06,
      566.07,        0.07,
      566.59,        0.10,
      567.07,        0.15,
      567.51,        0.16,
      567.98,        0.17,
      568.46,        0.19,
      568.94,        0.24,
      569.42,        0.26,
      569.94,        0.22,
      570.46,        0.24,
      570.94,        0.26,
      571.46,        0.27,
      571.98,        0.32,
      572.42,        0.33,
      572.89,        0.34,
      573.37,        0.38,
      573.85,        0.43,
      574.37,        0.45,
      574.81,        0.43,
      575.29,        0.45,
      575.77,        0.46,
      576.25,        0.43,
      576.73,        0.43,
      577.21,        0.46,
      577.68,        0.49,
      578.20,        0.53,
      578.72,        0.50,
      579.20,        0.47,
      579.72,        0.51,
      580.20,        0.49,
      580.68,        0.52,
      581.12,        0.56,
      581.64,        0.56,
      582.08,        0.57,
      582.59,        0.55,
      583.07,        0.55,
      583.55,        0.57,
      584.03,        0.62,
      584.51,        0.64,
      584.99,        0.63,
      585.47,        0.66,
      585.99,        0.71,
      586.51,        0.74,
      587.03,        0.73,
      587.51,        0.75,
      587.98,        0.77,
      588.46,        0.78,
      588.94,        0.81,
      589.38,        0.81,
      589.90,        0.85,
      590.38,        0.87,
      590.86,        0.89,
      591.34,        0.90,
      591.82,        0.92,
      592.30,        0.93,
      592.77,        0.95,
      593.25,        0.94,
      593.77,        0.93,
      594.29,        0.99,
      594.81,        1.02,
      595.29,        1.05,
      595.81,        1.09,
      596.29,        1.10,
      596.73,        1.11,
      597.21,        1.11,
      597.68,        1.11,
      598.20,        1.12,
      598.68,        1.06,
      599.16,        0.98,
      599.64,        0.76,
      600.12,        0.41,
      600.60,       -0.02,
      601.08,       -0.44,
      601.60,       -0.88,
      602.08,       -1.36,
      602.59,       -1.82,
      603.11,       -2.16,
      603.63,       -2.27,
      604.07,       -2.27,
      604.55,       -2.26,
      605.03,       -2.30,
      605.51,       -2.29,
      606.03,       -2.29,
      606.51,       -2.27,
      606.99,       -2.31,
      607.47,       -2.34,
      607.94,       -2.34,
      608.42,       -2.33,
      608.90,       -2.38,
      609.38,       -2.40,
      609.90,       -2.39,
      610.42,       -2.38,
      610.94,       -2.37,
      611.42,       -2.36,
      611.90,       -2.34,
      612.38,       -2.36,
      612.85,       -2.36,
      613.33,       -2.40,
      613.81,       -2.40,
      614.33,       -2.36,
      614.81,       -2.43,
      615.29,       -2.47,
      615.77,       -2.47,
      616.25,       -2.51,
      616.73,       -2.47,
      617.21,       -2.44,
      617.72,       -2.46,
      618.24,       -2.44,
      618.72,       -2.44,
      619.24,       -2.45,
      619.72,       -2.42,
      620.20,       -2.41,
      620.68,       -2.38,
      621.16,       -2.39,
      621.64,       -2.42,
      622.12,       -2.47,
      622.59,       -2.47,
      623.11,       -2.43,
      623.59,       -2.40,
      624.07,       -2.34,
      624.55,       -2.32,
      625.03,       -2.33,
      625.51,       -2.32,
      626.03,       -2.30,
      626.51,       -2.30,
      627.03,       -2.31,
      627.55,       -2.33,
      628.06,       -2.32,
      628.50,       -2.29,
      628.98,       -2.25,
      629.46,       -2.17,
      629.94,       -2.13,
      630.46,       -2.11,
      630.94,       -2.09,
      631.46,       -2.07,
      631.90,       -2.06,
      632.38,       -2.06,
      632.85,       -2.06,
      633.33,       -2.06,
      633.85,       -2.07,
      634.37,       -2.08,
      634.89,       -2.06,
      635.41,       -2.03,
      635.89,       -2.05,
      636.41,       -2.03,
      636.85,       -2.02,
      637.33,       -1.97,
      637.80,       -1.95,
      638.32,       -1.97,
      638.84,       -1.96,
      639.32,       -1.96,
      639.80,       -1.96,
      640.28,       -1.97,
      640.76,       -1.94,
      641.24,       -1.90,
      641.76,       -1.87,
      642.28,       -1.87,
      642.79,       -1.87,
      643.31,       -1.87,
      643.79,       -1.85,
      644.27,       -1.81,
      644.75,       -1.78,
      645.23,       -1.73,
      645.71,       -1.68,
      646.23,       -1.64,
      646.71,       -1.58,
      647.23,       -1.58,
      647.66,       -1.62,
      648.14,       -1.60,
      648.62,       -1.62,
      649.10,       -1.64,
      649.62,       -1.64,
      650.14,       -1.61,
      650.66,       -1.55,
      651.18,       -1.51,
      651.70,       -1.50,
      652.18,       -1.48,
      652.65,       -1.57,
      653.13,       -1.57,
      653.61,       -1.55,
      654.17,       -1.56,
      654.65,       -1.53,
      655.13,       -1.50,
      655.61,       -1.56,
      656.09,       -1.44,
      656.57,       -1.44,
      657.05,       -1.44,
      657.57,       -1.39,
      658.08,       -1.41,
      658.56,       -1.36,
      659.08,       -1.35,
      659.60,       -1.38,
      660.12,       -1.36,
      660.60,       -1.36,
      661.08,       -1.38,
      661.52,       -1.38,
      662.04,       -1.36,
      662.52,       -1.39,
      663.03,       -1.40,
      663.51,       -1.42,
      663.99,       -1.43,
      664.47,       -1.44,
      664.95,       -1.41,
      665.43,       -1.34,
      665.95,       -1.38,
      666.47,       -1.39,
      666.99,       -1.33,
      667.51,       -1.34,
      668.02,       -1.31,
      668.50,       -1.26,
      668.98,       -1.27,
      669.46,       -1.22,
      669.94,       -1.20,
      670.42,       -1.15,
      670.94,       -0.97,
      671.42,       -1.05,
      671.90,       -1.03,
      672.42,       -0.99,
      672.85,       -0.96,
      673.37,       -0.90,
      673.85,       -0.85,
      674.37,       -0.85,
      674.93,       -0.75,
      675.41,       -0.76,
      675.93,       -0.76,
      676.41,       -0.72,
      676.89,       -0.72,
      677.37,       -0.68,
      677.84,       -0.65,
      678.32,       -0.63,
      678.84,       -0.58,
      679.32,       -0.56,
      679.80,       -0.54,
      680.28,       -0.51,
      680.76,       -0.56,
      681.28,       -0.53,
      681.76,       -0.49,
      682.28,       -0.51,
      682.79,       -0.46,
      683.31,       -0.50,
      683.83,       -0.48,
      684.31,       -0.44,
      684.79,       -0.50,
      685.27,       -0.47,
      685.75,       -0.48,
      686.23,       -0.53,
      686.75,       -0.55,
      687.23,       -0.55,
      687.70,       -0.55,
      688.18,       -0.55,
      688.66,       -0.55,
      689.14,       -0.54,
      689.66,       -0.57,
      690.14,       -0.65,
      690.66,       -0.64,
      691.18,       -0.63,
      691.70,       -0.66,
      692.18,       -0.67,
      692.65,       -0.68,
      693.13,       -0.66,
      693.61,       -0.66,
      694.09,       -0.63,
      694.61,       -0.63,
      695.09,       -0.62,
      695.57,       -0.62,
      696.05,       -0.59,
      696.53,       -0.58,
      697.01,       -0.62,
      697.53,       -0.58,
      698.04,       -0.56,
      698.56,       -0.55,
      699.08,       -0.56,
      699.56,       -0.57,
      700.04,       -0.61,
      700.56,       -0.68,
      701.04,       -0.70,
      701.52,       -0.80,
      702.00,       -0.86,
      702.48,       -0.93,
      702.99,       -0.98,
      703.47,       -1.04,
      703.95,       -1.07,
      704.43,       -1.16,
      704.91,       -1.25,
      705.43,       -1.25,
      705.91,       -1.29,
      706.43,       -1.34,
      706.95,       -1.33,
      707.43,       -1.39,
      707.94,       -1.47,
      708.42,       -1.53,
      708.90,       -1.66,
      709.38,       -1.69,
      709.86,       -1.81,
      710.38,       -1.99,
      710.86,       -2.15,
      711.34,       -2.40,
      711.82,       -2.64,
      712.30,       -2.76,
      712.77,       -2.83,
      713.25,       -2.88,
      713.73,       -2.92,
      714.25,       -2.90,
      714.77,       -2.85,
      715.25,       -2.84,
      715.77,       -2.91,
      716.25,       -2.94,
      716.73,       -2.98,
      717.21,       -3.17,
      717.68,       -3.17,
      718.20,       -3.26,
      718.72,       -3.39,
      719.20,       -3.36,
      719.68,       -3.46,
      720.16,       -3.54,
      720.64,       -3.52,
      721.12,       -3.56,
      721.60,       -3.55,
      722.12,       -3.57,
      722.64,       -3.67,
      723.15,       -3.65,
      723.63,       -3.69,
      724.15,       -3.73,
      724.59,       -3.68,
      725.07,       -3.74,
      725.59,       -3.78,
      726.07,       -3.75,
      726.59,       -3.79,
      727.07,       -3.78,
      727.51,       -3.74,
      727.98,       -3.75,
      728.46,       -3.77,
      728.94,       -3.73,
      729.46,       -3.71,
      729.94,       -3.66,
      730.46,       -3.62,
      730.98,       -3.61,
      731.50,       -3.57,
      731.98,       -3.54,
      732.46,       -3.54,
      732.89,       -3.43,
      733.41,       -3.40,
      733.89,       -3.34,
      734.41,       -3.26,
      734.89,       -3.23,
      735.37,       -3.14,
      735.81,       -3.07,
      736.29,       -2.98,
      736.77,       -2.92,
      737.29,       -2.93,
      737.76,       -2.90,
      738.28,       -2.84,
      738.80,       -2.81,
      739.32,       -2.79,
      739.80,       -2.74,
      740.28,       -2.73,
      740.76,       -2.73,
      741.24,       -2.70,
      741.72,       -2.68,
      742.24,       -2.60,
      742.71,       -2.58,
      743.15,       -2.54,
      743.63,       -2.51,
      744.11,       -2.43,
      744.59,       -2.38,
      745.07,       -2.37,
      745.59,       -2.33,
      746.11,       -2.33,
      746.59,       -2.31,
      747.11,       -2.27,
      747.59,       -2.24,
      748.06,       -2.21,
      748.54,       -2.16,
      749.02,       -2.13,
      749.50,       -2.10,
      750.02,       -2.08,
      750.50,       -2.05,
      750.98,       -2.02,
      751.42,       -2.00,
      751.90,       -1.97,
      752.38,       -1.94,
      752.85,       -1.95,
      753.37,       -1.94,
      753.85,       -1.87,
      754.37,       -1.77,
      754.89,       -1.73,
      755.37,       -1.73,
      755.89,       -1.73,
      756.33,       -1.80,
      756.81,       -1.67,
      757.29,       -1.67,
      757.76,       -1.68,
      758.28,       -1.64,
      758.76,       -1.58,
      759.20,       -1.59,
      759.68,       -1.61,
      760.16,       -1.64,
      760.64,       -1.64,
      761.16,       -1.68,
      761.64,       -1.61,
      762.16,       -1.61,
      762.67,       -1.60,
      763.19,       -1.55,
      763.67,       -1.54,
      764.15,       -1.55,
      764.63,       -1.57,
      765.07,       -1.56,
      765.59,       -1.55,
      766.07,       -1.54,
      766.55,       -1.53,
      767.03,       -1.49,
      767.51,       -1.42,
      767.98,       -1.39,
      768.46,       -1.41,
      768.94,       -1.37,
      769.46,       -1.34,
      769.94,       -1.28,
      770.46,       -1.16,
      770.98,       -1.25,
      771.46,       -1.25,
      771.94,       -1.24,
      772.42,       -1.21,
      772.89,       -1.17,
      773.37,       -1.15,
      773.85,       -1.12,
      774.37,       -1.08,
      774.85,       -1.07,
      775.33,       -1.05,
      775.77,       -1.06,
      776.25,       -1.07,
      776.73,       -1.03,
      777.25,       -0.98,
      777.76,       -0.98,
      778.24,       -0.99,
      778.76,       -1.02,
      779.28,       -1.03,
      779.76,       -1.01,
      780.24,       -1.05,
      780.72,       -1.04,
      781.20,       -1.04,
      781.68,       -1.05,
      782.20,       -1.03,
      782.67,       -1.05,
      783.15,       -1.06,
      783.63,       -1.05,
      784.07,       -1.10,
      784.55,       -1.11,
      785.07,       -1.10,
      785.59,       -1.10,
      786.11,       -1.10,
      786.63,       -1.10,
      787.11,       -1.07,
      787.63,       -1.07,
      788.10,       -1.03,
      788.58,       -0.94,
      789.06,       -0.91,
      789.54,       -0.92,
      790.06,       -0.94,
      790.54,       -0.93,
      791.02,       -0.90,
      791.50,       -0.89,
      791.98,       -0.87,
      792.46,       -0.82,
      792.93,       -0.81,
      793.45,       -0.81,
      793.97,       -0.82,
      794.45,       -0.82,
      794.97,       -0.81,
      795.45,       -0.78,
      795.97,       -0.78,
      796.45,       -0.79,
      796.89,       -0.80,
      797.41,       -0.80,
      797.88,       -0.80,
      798.40,       -0.81,
      798.88,       -0.78,
      799.36,       -0.78,
      799.84,       -0.79,
      800.32,       -0.85,
      800.80,       -0.85,
      801.28,       -0.85,
      801.80,       -0.94,
      802.32,       -1.09,
      802.79,       -1.17,
      803.31,       -1.22,
      803.83,       -1.25,
      804.27,       -1.23,
      804.75,       -1.29,
      805.23,       -1.26,
      805.71,       -1.25,
      806.23,       -1.30,
      806.71,       -1.31,
      807.23,       -1.38,
      807.67,       -1.43,
      808.14,       -1.46,
      808.62,       -1.55,
      809.10,       -1.60,
      809.62,       -1.81,
      810.14,       -2.05,
      810.66,       -2.47,
      811.14,       -2.85,
      811.66,       -3.17,
      812.14,       -3.44,
      812.58,       -3.42,
      813.05,       -3.42,
      813.53,       -3.44,
      814.05,       -3.43,
      814.53,       -3.45,
      815.01,       -3.44,
      815.49,       -3.46,
      815.97,       -3.49,
      816.41,       -3.52,
      816.93,       -3.52,
      817.41,       -3.52,
      817.92,       -3.54,
      818.44,       -3.52,
      818.96,       -3.52,
      819.44,       -3.55,
      819.92,       -3.55,
      820.40,       -3.52,
      820.84,       -3.52,
      821.32,       -3.50,
      821.84,       -3.50,
      822.32,       -3.47,
      822.79,       -3.46,
      823.27,       -3.45,
      823.75,       -3.45,
      824.23,       -3.43,
      824.71,       -3.43,
      825.19,       -3.43,
      825.71,       -3.37,
      826.19,       -3.30,
      826.71,       -3.25,
      827.23,       -3.20,
      827.70,       -3.20,
      828.14,       -3.21,
      828.62,       -3.22,
      829.10,       -3.18,
      829.58,       -3.22,
      830.06,       -3.22,
      830.54,       -3.22,
      831.02,       -3.23,
      831.46,       -3.25,
      831.94,       -3.22,
      832.42,       -3.22,
      832.89,       -3.12,
      833.37,       -3.17,
      833.89,       -3.11,
      834.41,       -3.08,
      834.89,       -3.06,
      835.37,       -3.07,
      835.85,       -3.04,
      836.33,       -3.02,
      836.81,       -2.90,
      837.29,       -2.84,
      837.72,       -2.90,
      838.24,       -2.88,
      838.72,       -2.89,
      839.20,       -2.88,
      839.64,       -2.82,
      840.16,       -2.78,
      840.60,       -2.78,
      841.12,       -2.77,
      841.60,       -2.76,
      842.12,       -2.74,
      842.64,       -2.71,
      843.11,       -2.70,
      843.63,       -2.64,
      844.07,       -2.62,
      844.55,       -2.60,
      845.03,       -2.54,
      845.51,       -2.51,
      845.99,       -2.52,
      846.47,       -2.47,
      846.95,       -2.44,
      847.43,       -2.47,
      847.90,       -2.43,
      848.38,       -2.48,
      848.86,       -2.43,
      849.38,       -2.40,
      849.90,       -2.44,
      850.42,       -2.39,
      850.90,       -2.35,
      851.42,       -2.34,
      851.86,       -2.28,
      852.34,       -2.27,
      852.77,       -2.21,
      853.29,       -2.20,
      853.77,       -2.17,
      854.25,       -2.13,
      854.73,       -2.08,
      855.21,       -2.08,
      855.69,       -2.08,
      856.21,       -2.07,
      856.65,       -2.03,
      857.17,       -1.96,
      857.68,       -1.92,
      858.20,       -1.86,
      858.72,       -1.84,
      859.20,       -1.82,
      859.68,       -1.82,
      860.12,       -1.81,
      860.60,       -1.77,
      861.08,       -1.76,
      861.56,       -1.75,
      862.08,       -1.73,
      862.56,       -1.67,
      863.03,       -1.67,
      863.51,       -1.62,
      864.03,       -1.56,
      864.47,       -1.51,
      864.99,       -1.52,
      865.51,       -1.51,
      866.03,       -1.51,
      866.55,       -1.50,
      867.03,       -1.47,
      867.51,       -1.46,
      867.98,       -1.43,
      868.46,       -1.45,
      868.94,       -1.46,
      869.42,       -1.44,
      869.90,       -1.43,
      870.42,       -1.40,
      870.90,       -1.36,
      871.38,       -1.35,
      871.86,       -1.29,
      872.34,       -1.31,
      872.85,       -1.28,
      873.33,       -1.24,
      873.85,       -1.22,
      874.33,       -1.16,
      874.85,       -1.15,
      875.37,       -1.17,
      875.85,       -1.14,
      876.33,       -1.14,
      876.77,       -1.12,
      877.29,       -1.05,
      877.76,       -1.08,
      878.28,       -1.03,
      878.76,       -0.99,
      879.24,       -1.00,
      879.72,       -0.98,
      880.24,       -0.98,
      880.76,       -0.98,
      881.24,       -0.98,
      881.76,       -0.97,
      882.24,       -0.95,
      882.75,       -0.96,
      883.27,       -0.95,
      883.75,       -0.93,
      884.23,       -0.93,
      884.71,       -0.91,
      885.19,       -0.90,
      885.67,       -0.90,
      886.19,       -0.88,
      886.67,       -0.85,
      887.15,       -0.85,
      887.63,       -0.79,
      888.10,       -0.76,
      888.58,       -0.71,
      889.06,       -0.63,
      889.58,       -0.71,
      890.10,       -0.76,
      890.62,       -0.76,
      891.14,       -0.83,
      891.62,       -0.83,
      892.10,       -0.87,
      892.58,       -0.96,
      893.01,       -0.97,
      893.53,       -1.23,
      894.01,       -1.55,
      894.53,       -1.75,
      895.01,       -2.17,
      895.49,       -2.58,
      895.97,       -2.97,
      896.41,       -3.30,
      896.93,       -3.47,
      897.45,       -3.54,
      897.92,       -3.61,
      898.44,       -3.63,
      898.96,       -3.73,
      899.44,       -3.76,
      899.92,       -3.78,
      900.40,       -3.93,
      900.88,       -4.00,
      901.40,       -4.04,
      901.88,       -4.13,
      902.40,       -4.22,
      902.87,       -4.24,
      903.31,       -4.26,
      903.79,       -4.26,
      904.27,       -4.27,
      904.75,       -4.34,
      905.27,       -4.38,
      905.79,       -4.41,
      906.27,       -4.48,
      906.79,       -4.50,
      907.31,       -4.55,
      907.78,       -4.62,
      908.26,       -4.65,
      908.74,       -4.70,
      909.22,       -4.77,
      909.70,       -4.82,
      910.22,       -4.83,
      910.70,       -4.84,
      911.18,       -4.88,
      911.66,       -4.96,
      912.14,       -4.98,
      912.62,       -5.00,
      913.09,       -5.04,
      913.61,       -5.15,
      914.13,       -5.07,
      914.65,       -5.09,
      915.17,       -5.14,
      915.65,       -5.13,
      916.13,       -5.18,
      916.61,       -5.16,
      917.09,       -5.15,
      917.57,       -5.11,
      918.04,       -5.06,
      918.52,       -5.01,
      919.00,       -4.97,
      919.48,       -4.92,
      920.00,       -4.87,
      920.44,       -4.86,
      920.96,       -4.88,
      921.48,       -4.86,
      922.00,       -4.83,
      922.52,       -4.80,
      922.99,       -4.75,
      923.47,       -4.69,
      923.95,       -4.69,
      924.43,       -4.65,
      924.91,       -4.57,
      925.39,       -4.57,
      925.87,       -4.53,
      926.35,       -4.49,
      926.87,       -4.47,
      927.35,       -4.45,
      927.82,       -4.42,
      928.30,       -4.38,
      928.78,       -4.34,
      929.30,       -4.30,
      929.82,       -4.28,
      930.30,       -4.26,
      930.82,       -4.22,
      931.34,       -4.22,
      931.82,       -4.18,
      932.30,       -4.12,
      932.77,       -4.12,
      933.21,       -4.09,
      933.73,       -4.10,
      934.21,       -4.05,
      934.69,       -4.00,
      935.17,       -3.99,
      935.65,       -3.98,
      936.17,       -3.98,
      936.65,       -3.98,
      937.17,       -3.94,
      937.69,       -3.89,
      938.20,       -3.91,
      938.68,       -3.89,
      939.20,       -3.83,
      939.68,       -3.82,
      940.16,       -3.82,
      940.64,       -3.79,
      941.12,       -3.73,
      941.64,       -3.70,
      942.12,       -3.69,
      942.64,       -3.65,
      943.11,       -3.62,
      943.59,       -3.56,
      944.07,       -3.50,
      944.55,       -3.47,
      945.07,       -3.39,
      945.59,       -3.34,
      946.11,       -3.30,
      946.63,       -3.22,
      947.11,       -3.19,
      947.59,       -3.18,
      948.06,       -3.17,
      948.54,       -3.15,
      949.06,       -3.17,
      949.54,       -3.13,
      950.02,       -3.10,
      950.54,       -3.08,
      951.02,       -3.08,
      951.50,       -3.08,
      951.98,       -3.08,
      952.50,       -3.08,
      952.97,       -3.08,
      953.49,       -3.08,
      954.01,       -3.12,
      954.53,       -3.13,
      955.01,       -3.13,
      955.49,       -3.11,
      956.01,       -3.13,
      956.49,       -3.17,
      956.97,       -3.17,
      957.45,       -3.20,
      957.96,       -3.23,
      958.48,       -3.22,
      958.96,       -3.20,
      959.44,       -3.18,
      959.92,       -3.15,
      960.40,       -3.13,
      960.92,       -3.08,
      961.44,       -3.09,
      961.96,       -3.09,
      962.44,       -3.06,
      962.95,       -3.04,
      963.47,       -3.00,
      963.95,       -2.97,
      964.43,       -2.90,
      964.91,       -2.82,
      965.43,       -2.85,
      965.91,       -2.83,
      966.43,       -2.81,
      966.91,       -2.79,
      967.39,       -2.76,
      967.86,       -2.72,
      968.34,       -2.71,
      968.86,       -2.67,
      969.38,       -2.64,
      969.86,       -2.63,
      970.38,       -2.61,
      970.90,       -2.60,
      971.42,       -2.56,
      971.90,       -2.51,
      972.38,       -2.51,
      972.85,       -2.51,
      973.37,       -2.51,
      973.85,       -2.51,
      974.37,       -2.60,
      974.85,       -2.70,
      975.33,       -2.78,
      975.81,       -2.83,
      976.29,       -2.81,
      976.77,       -2.76,
      977.29,       -2.77,
      977.80,       -2.76,
      978.28,       -2.70,
      978.80,       -2.61,
      979.32,       -2.59,
      979.84,       -2.55,
      980.32,       -2.51,
      980.80,       -2.44,
      981.32,       -2.41,
      981.80,       -2.39,
      982.28,       -2.34,
      982.79,       -2.30,
      983.27,       -2.26,
      983.75,       -2.21,
      984.23,       -2.14,
      984.71,       -2.10,
      985.23,       -2.04,
      985.71,       -2.00,
      986.23,       -1.91,
      986.75,       -1.86,
      987.27,       -1.83,
      987.78,       -1.77,
      988.26,       -1.69,
      988.78,       -1.65,
      989.26,       -1.60,
      989.74,       -1.54,
      990.22,       -1.50,
      990.74,       -1.45,
      991.22,       -1.42,
      991.70,       -1.34,
      992.14,       -1.28,
      992.62,       -1.27,
      993.13,       -1.27,
      993.65,       -1.26,
      994.17,       -1.25,
      994.69,       -1.23,
      995.17,       -1.20,
      995.69,       -1.16,
      996.17,       -1.11,
      996.65,       -1.06,
      997.17,       -1.03,
      997.65,       -1.03,
      998.12,       -1.01,
      998.64,       -0.95,
      999.12,       -0.94,
      999.56,       -0.90,
     1000.04,       -0.85,
     1000.52,       -0.85,
     1001.04,       -0.85,
     1001.56,       -0.85,
     1002.08,       -0.85,
     1002.60,       -0.84,
     1003.11,       -0.85,
     1003.59,       -0.83,
     1004.11,       -0.85,
     1004.59,       -0.86,
     1005.07,       -0.87,
     1005.55,       -0.85,
     1006.07,       -0.84,
     1006.55,       -0.76,
     1006.99,       -0.78,
     1007.47,       -0.78,
     1007.94,       -0.76,
     1008.46,       -0.75,
     1008.94,       -0.75,
     1009.46,       -0.72,
     1009.98,       -0.71,
     1010.50,       -0.68,
     1011.02,       -0.67,
     1011.50,       -0.64,
     1011.98,       -0.63,
     1012.46,       -0.63,
     1012.93,       -0.65,
     1013.45,       -0.63,
     1013.93,       -0.60,
     1014.41,       -0.64,
     1014.89,       -0.65,
     1015.37,       -0.75,
     1015.85,       -0.81,
     1016.33,       -0.88,
     1016.85,       -0.88,
     1017.33,       -0.88,
     1017.84,       -0.88,
     1018.36,       -0.89,
     1018.88,       -0.86,
     1019.40,       -0.81,
     1019.88,       -0.81,
     1020.32,       -0.80,
     1020.84,       -0.78,
     1021.32,       -0.76,
     1021.80,       -0.76,
     1022.28,       -0.74,
     1022.76,       -0.74,
     1023.23,       -0.72,
     1023.71,       -0.73,
     1024.19,       -0.76,
     1024.67,       -0.73,
     1025.19,       -0.73,
     1025.71,       -0.69,
     1026.23,       -0.65,
     1026.75,       -0.63,
     1027.27,       -0.63,
     1027.75,       -0.64,
     1028.22,       -0.68,
     1028.66,       -0.71,
     1029.14,       -0.71,
     1029.66,       -0.72,
     1030.14,       -0.79,
     1030.62,       -0.88,
     1031.10,       -0.99,
     1031.58,       -1.13,
     1032.06,       -1.21,
     1032.54,       -1.20,
     1033.05,       -1.17,
     1033.57,       -1.18,
     1034.09,       -1.17,
     1034.61,       -1.13,
     1035.13,       -1.11,
     1035.61,       -1.11,
     1036.09,       -1.13,
     1036.53,       -1.10,
     1037.01,       -1.09,
     1037.53,       -1.07,
     1038.00,       -1.05,
     1038.48,       -1.03,
     1038.96,       -0.98,
     1039.44,       -0.94,
     1039.88,       -0.90,
     1040.36,       -0.83,
     1040.88,       -0.81,
     1041.40,       -0.76,
     1041.92,       -0.68,
     1042.40,       -0.63,
     1042.91,       -0.60,
     1043.39,       -0.56,
     1043.83,       -0.52,
     1044.31,       -0.47,
     1044.79,       -0.43,
     1045.31,       -0.46,
     1045.79,       -0.37,
     1046.27,       -0.39,
     1046.75,       -0.37,
     1047.23,       -0.28,
     1047.71,       -0.23,
     1048.14,       -0.17,
     1048.66,       -0.13,
     1049.14,       -0.07,
     1049.66,       -0.01,
     1050.18,       -0.02,
     1050.66,        0.07,
     1051.18,        0.09,
     1051.66,        0.14,
     1052.10,        0.19,
     1052.58,        0.19,
     1053.05,        0.22,
     1053.57,        0.26,
     1054.05,        0.29,
     1054.53,        0.34,
     1055.01,        0.36,
     1055.49,        0.34,
     1055.97,        0.34,
     1056.45,        0.33,
     1057.01,        0.17,
     1057.53,       -0.15,
     1058.00,       -0.55,
     1058.52,       -0.95,
     1059.00,       -1.36,
     1059.52,       -1.76,
     1060.00,       -2.14,
     1060.48,       -2.52,
     1061.00,       -2.95,
     1061.48,       -3.34,
     1062.00,       -3.74,
     1062.48,       -4.14,
     1062.95,       -4.50,
     1063.43,       -4.76,
     1063.91,       -4.81,
     1064.39,       -4.79,
     1064.91,       -4.81,
     1065.43,       -4.81,
     1065.95,       -4.82,
     1066.47,       -4.96,
     1066.95,       -4.87,
     1067.47,       -4.82,
     1067.98,       -4.74,
     1068.46,       -4.70,
     1068.94,       -4.76,
     1069.42,       -4.79,
     1069.94,       -4.80,
     1070.42,       -4.83,
     1070.90,       -4.87,
     1071.42,       -4.91,
     1071.86,       -4.92,
     1072.34,       -4.91,
     1072.85,       -4.87,
     1073.33,       -4.82,
     1073.85,       -4.81,
     1074.37,       -4.83,
     1074.89,       -4.82,
     1075.41,       -4.81,
     1075.89,       -4.81,
     1076.37,       -4.82,
     1076.85,       -5.39,
     1077.33,       -4.79,
     1077.81,       -4.79,
     1078.32,       -4.82,
     1078.80,       -4.85,
     1079.28,       -4.87,
     1079.76,       -4.87,
     1080.20,       -4.92,
     1080.68,       -4.93,
     1081.20,       -4.98,
     1081.72,       -5.05,
     1082.24,       -5.08,
     1082.72,       -5.09,
     1083.23,       -5.11,
     1083.67,       -5.13,
     1084.11,       -5.12,
     1084.59,       -5.11,
     1085.07,       -5.09,
     1085.59,       -5.08,
     1086.11,       -5.07,
     1086.59,       -5.09,
     1087.07,       -5.07,
     1087.51,       -5.05,
     1087.98,       -5.03,
     1088.46,       -5.05,
     1088.98,       -5.05,
     1089.50,       -5.04,
     1090.02,       -5.01,
     1090.54,       -5.00,
     1091.06,       -4.99,
     1091.54,       -4.97,
     1092.06,       -4.96,
     1092.54,       -4.94,
     1093.01,       -4.90,
     1093.53,       -4.88,
     1094.01,       -4.90,
     1094.53,       -4.87,
     1094.97,       -4.83,
     1095.45,       -4.78,
     1095.93,       -4.76,
     1096.41,       -4.74,
     1096.93,       -4.70,
     1097.45,       -4.65,
     1097.96,       -4.63,
     1098.44,       -4.59,
     1098.96,       -4.57,
     1099.48,       -4.56,
     1099.96,       -4.47,
     1100.44,       -4.42,
     1100.96,       -4.39,
     1101.44,       -4.39,
     1101.96,       -4.38,
     1102.40,       -4.35,
     1102.87,       -4.31,
     1103.35,       -4.30,
     1103.83,       -4.23,
     1104.31,       -4.17,
     1104.83,       -4.16,
     1105.35,       -4.13,
     1105.87,       -4.10,
     1106.39,       -4.07,
     1106.91,       -4.03,
     1107.39,       -3.96,
     1107.90,       -3.93,
     1108.38,       -3.93,
     1108.86,       -3.92,
     1109.38,       -3.92,
     1109.82,       -3.89,
     1110.34,       -3.88,
     1110.82,       -3.87,
     1111.30,       -3.82,
     1111.78,       -3.78,
     1112.26,       -3.79,
     1112.74,       -3.78,
     1113.25,       -3.72,
     1113.77,       -3.71,
     1114.29,       -3.70,
     1114.81,       -3.70,
     1115.29,       -3.69,
     1115.77,       -3.65,
     1116.25,       -3.65,
     1116.73,       -3.64,
     1117.21,       -3.63,
     1117.69,       -3.61,
     1118.20,       -3.59,
     1118.64,       -3.59,
     1119.12,       -3.58,
     1119.60,       -3.57,
     1120.08,       -3.58,
     1120.60,       -3.58,
     1121.08,       -3.56,
     1121.60,       -3.54,
     1122.12,       -3.51,
     1122.64,       -3.52,
     1123.11,       -3.52,
     1123.59,       -3.52,
     1124.07,       -3.50,
     1124.51,       -3.50,
     1124.99,       -3.50,
     1125.51,       -3.45,
     1125.99,       -3.43,
     1126.47,       -3.42,
     1126.95,       -3.41,
     1127.43,       -3.42,
     1127.90,       -3.43,
     1128.38,       -3.46,
     1128.90,       -3.48,
     1129.42,       -3.49,
     1129.90,       -3.52,
     1130.42,       -3.54,
     1130.90,       -3.59,
     1131.38,       -3.65,
     1131.86,       -3.74,
     1132.30,       -3.81,
     1132.82,       -3.87,
     1133.29,       -3.99,
     1133.81,       -4.06,
     1134.29,       -4.19,
     1134.73,       -4.31,
     1135.21,       -4.33,
     1135.69,       -4.34,
     1136.17,       -4.35,
     1136.69,       -4.36,
     1137.17,       -4.35,
     1137.69,       -4.33,
     1138.20,       -4.33,
     1138.72,       -4.32,
     1139.16,       -4.32,
     1139.64,       -4.33,
     1140.12,       -4.45,
     1140.60,       -4.33,
     1141.12,       -4.32,
     1141.60,       -4.31,
     1142.08,       -4.35,
     1142.56,       -4.36,
     1143.03,       -4.38,
     1143.51,       -4.42,
     1143.99,       -4.44,
     1144.47,       -4.46,
     1144.99,       -4.44,
     1145.51,       -4.48,
     1145.99,       -4.51,
     1146.51,       -4.52,
     1146.99,       -4.58,
     1147.47,       -4.61,
     1147.94,       -4.66,
     1148.42,       -4.72,
     1148.90,       -4.79,
     1149.42,       -4.88,
     1149.90,       -5.01,
     1150.38,       -5.12,
     1150.86,       -5.21,
     1151.34,       -5.29,
     1151.78,       -5.35,
     1152.30,       -5.36,
     1152.78,       -5.32,
     1153.29,       -5.31,
     1153.77,       -5.26,
     1154.29,       -5.22,
     1154.77,       -5.22,
     1155.25,       -5.18,
     1155.73,       -5.18,
     1156.21,       -5.15,
     1156.73,       -5.14,
     1157.21,       -5.11,
     1157.69,       -5.12,
     1158.20,       -5.07,
     1158.64,       -5.05,
     1159.12,       -5.06,
     1159.60,       -5.04,
     1160.08,       -4.99,
     1160.60,       -4.94,
     1161.08,       -4.94,
     1161.60,       -4.92,
     1162.12,       -4.88,
     1162.60,       -4.83,
     1163.11,       -4.74,
     1163.59,       -4.70,
     1164.03,       -4.68,
     1164.55,       -4.66,
     1165.03,       -4.61,
     1165.55,       -4.56,
     1166.03,       -4.50,
     1166.47,       -4.48,
     1166.95,       -4.44,
     1167.43,       -4.41,
     1167.90,       -4.38,
     1168.38,       -4.35,
     1168.86,       -4.35,
     1169.38,       -4.32,
     1169.90,       -4.30,
     1170.42,       -4.30,
     1170.90,       -4.27,
     1171.38,       -4.20,
     1171.82,       -4.18,
     1172.30,       -4.16,
     1172.82,       -4.13,
     1173.29,       -4.12,
     1173.81,       -4.07,
     1174.25,       -4.02,
     1174.73,       -4.00,
     1175.21,       -3.99,
     1175.65,       -3.96,
     1176.13,       -3.96,
     1176.65,       -3.95,
     1177.17,       -3.95,
     1177.65,       -3.93,
     1178.16,       -3.90,
     1178.68,       -3.91,
     1179.16,       -3.87,
     1179.60,       -3.87,
     1180.08,       -3.88,
     1180.56,       -3.86,
     1181.08,       -3.80,
     1181.56,       -3.80,
     1182.04,       -3.72,
     1182.52,       -3.71,
     1182.99,       -3.74,
     1183.47,       -3.72,
     1183.95,       -3.71,
     1184.43,       -3.71,
     1184.95,       -3.69,
     1185.43,       -3.71,
     1185.95,       -3.73,
     1186.47,       -3.75,
     1186.95,       -3.83,
     1187.43,       -3.87,
     1187.86,       -3.94,
     1188.34,       -4.05,
     1188.86,       -4.08,
     1189.34,       -4.08,
     1189.82,       -4.08,
     1190.26,       -4.04,
     1190.74,       -4.01,
     1191.18,       -4.02,
     1191.66,       -3.96,
     1192.14,       -3.96,
     1192.66,       -3.98,
     1193.13,       -3.94,
     1193.61,       -3.90,
     1194.13,       -3.90,
     1194.61,       -3.84,
     1195.09,       -3.79,
     1195.53,       -3.78,
     1195.97,       -3.74,
     1196.45,       -3.74,
     1196.93,       -3.74,
     1197.37,       -3.69,
     1197.85,       -3.67,
     1198.28,       -3.65,
     1198.72,       -3.65,
     1199.16,       -3.67,
     1199.60,       -3.62,
     1200.04,       -3.61,
     1200.48,       -3.61,
     1200.92,       -3.51,
     1201.40,       -3.54,
     1201.84,       -3.51,
     1202.28,       -3.47,
     1202.68,       -3.51,
     1203.07,       -3.46,
     1203.47,       -3.43,
     1203.91,       -3.43,
     1204.31,       -3.34,
     1204.71,       -3.32,
     1205.11,       -3.31,
     1205.51,       -3.24,
     1205.87,       -3.22,
     1206.27,       -3.18,
     1206.63,       -3.13,
     1206.99,       -3.12,
     1207.35,       -3.08,
     1207.71,       -3.01,
     1208.06,       -2.99,
     1208.46,       -2.90,
     1208.82,       -2.90,
     1209.18,       -2.86,
     1209.54,       -2.81,
     1209.90,       -2.78,
     1210.22,       -2.74,
     1210.54,       -2.72,
     1210.86,       -2.66,
     1211.18,       -2.63,
     1211.50,       -2.60,
     1211.82,       -2.60,
     1212.10,       -2.54,
     1212.42,       -2.55,
     1212.74,       -2.54,
     1213.01,       -2.48,
     1213.33,       -2.47,
     1213.61,       -2.45,
     1213.85,       -2.42,
     1214.13,       -2.36,
     1214.37,       -2.30,
     1214.57,       -2.25,
     1214.73,       -2.29,
     1214.93,       -2.22,
     1215.09,       -2.25,
     1215.21,       -2.25,
     1215.29,       -2.24,
     1215.41,       -2.25,
     1215.49,       -2.23,
     1215.53,       -2.24,
     1215.57,       -2.31,
     1215.61,       -2.31,
    