       -0.00,       -2.81,
        0.04,       -2.81,
        0.04,       -2.79,
        0.04,       -2.81,
        0.08,       -2.81,
        0.08,       -2.82,
        0.12,       -2.80,
        0.16,       -2.81,
        0.20,       -2.81,
        0.24,       -2.80,
        0.28,       -2.78,
        0.36,       -2.78,
        0.40,       -2.76,
        0.44,       -2.76,
        0.52,       -2.73,
        0.56,       -2.73,
        0.68,       -2.73,
        0.72,       -2.71,
        0.80,       -2.69,
        0.92,       -2.71,
        1.00,       -2.64,
        1.08,       -2.64,
        1.16,       -2.62,
        1.28,       -2.62,
        1.40,       -2.64,
        1.52,       -2.63,
        1.60,       -2.62,
        1.72,       -2.60,
        1.84,       -2.59,
        1.96,       -2.62,
        2.12,       -2.60,
        2.24,       -2.59,
        2.35,       -2.60,
        2.51,       -2.60,
        2.63,       -2.59,
        2.79,       -2.58,
        2.95,       -2.57,
        3.07,       -2.56,
        3.23,       -2.56,
        3.39,       -2.55,
        3.55,       -2.52,
        3.71,       -2.50,
        3.83,       -2.47,
        3.99,       -2.46,
        4.15,       -2.43,
        4.31,       -2.38,
        4.47,       -2.34,
        4.67,       -2.31,
        4.75,       -2.32,
        4.95,       -2.28,
        5.11,       -2.34,
        5.27,       -2.43,
        5.43,       -2.38,
        5.59,       -2.34,
        5.79,       -2.33,
        5.99,       -2.32,
        6.15,       -2.31,
        6.35,       -2.26,
        6.51,       -2.25,
        6.71,       -2.25,
        6.95,       -2.22,
        7.15,       -2.22,
        7.30,       -2.21,
        7.54,       -2.17,
        7.74,       -2.16,
        7.94,       -2.16,
        8.14,       -2.18,
        8.34,       -2.18,
        8.54,       -2.18,
        8.78,       -2.17,
        8.98,       -2.16,
        9.18,       -2.13,
        9.42,       -2.13,
        9.62,       -2.08,
        9.86,       -2.10,
       10.10,       -2.08,
       10.34,       -2.07,
       10.58,       -2.07,
       10.86,       -2.04,
       11.10,       -2.00,
       11.38,       -2.00,
       11.62,       -1.97,
       11.86,       -1.99,
       12.14,       -1.97,
       12.37,       -1.93,
       12.61,       -1.94,
       12.85,       -1.91,
       13.13,       -1.90,
       13.37,       -1.90,
       13.61,       -1.86,
       13.89,       -1.87,
       14.17,       -1.82,
       14.41,       -1.81,
       14.69,       -1.79,
       14.97,       -1.73,
       15.25,       -1.71,
       15.53,       -1.68,
       15.77,       -1.64,
       16.05,       -1.65,
       16.33,       -1.63,
       16.61,       -1.59,
       16.89,       -1.55,
       17.17,       -1.55,
       17.44,       -1.55,
       17.76,       -1.52,
       18.04,       -1.53,
       18.36,       -1.48,
       18.68,       -1.44,
       19.00,       -1.46,
       19.32,       -1.39,
       19.64,       -1.38,
       19.96,       -1.34,
       20.28,       -1.30,
       20.56,       -1.27,
       20.88,       -1.25,
       21.16,       -1.22,
       21.48,       -1.21,
       21.76,       -1.20,
       22.08,       -1.17,
       22.39,       -1.16,
       22.71,       -1.13,
       23.03,       -1.11,
       23.35,       -1.07,
       23.67,       -1.06,
       23.99,       -1.07,
       24.31,       -1.06,
       24.67,       -1.07,
       24.99,       -1.04,
       25.31,       -1.01,
       25.63,       -1.03,
       25.91,       -0.99,
       26.27,       -0.98,
       26.59,       -0.97,
       26.95,       -0.90,
       27.30,       -0.91,
       27.66,       -0.90,
       28.02,       -0.91,
       28.34,       -0.89,
       28.66,       -0.81,
       29.02,       -0.79,
       29.34,       -0.76,
       29.70,       -0.71,
       30.06,       -0.69,
       30.38,       -0.66,
       30.74,       -0.63,
       31.06,       -0.64,
       31.42,       -0.59,
       31.78,       -0.58,
       32.10,       -0.56,
       32.45,       -0.54,
       32.77,       -0.54,
       33.13,       -0.48,
       33.49,       -0.44,
       33.85,       -0.43,
       34.21,       -0.42,
       34.57,       -0.40,
       34.97,       -0.42,
       35.33,       -0.39,
       35.69,       -0.35,
       36.09,       -0.33,
       36.41,       -0.33,
       36.77,       -0.33,
       37.13,       -0.32,
       37.48,       -0.32,
       37.88,       -0.29,
       38.24,       -0.26,
       38.60,       -0.24,
       38.96,       -0.23,
       39.32,       -0.24,
       39.72,       -0.20,
       40.08,       -0.23,
       40.44,       -0.22,
       41.00,       -0.24,
       41.16,       -0.23,
       41.52,       -0.22,
       41.88,       -0.21,
       42.28,       -0.21,
       42.63,       -0.23,
       43.03,       -0.18,
       43.43,       -0.15,
       43.83,       -0.17,
       44.23,       -0.20,
       44.59,       -0.23,
       44.99,       -0.26,
       45.35,       -0.28,
       45.75,       -0.42,
       46.15,       -0.49,
       46.51,       -0.59,
       46.91,       -0.84,
       47.30,       -0.85,
       47.66,       -1.11,
       48.02,       -1.21,
       48.42,       -1.27,
       48.78,       -1.55,
       49.18,       -1.60,
       49.58,       -1.78,
       49.94,       -2.02,
       50.34,       -2.07,
       50.78,       -2.15,
       51.18,       -2.12,
       51.58,       -2.08,
       52.02,       -2.08,
       52.41,       -2.08,
       52.81,       -2.04,
       53.21,       -2.00,
       53.57,       -2.01,
       53.97,       -2.00,
       54.41,       -2.00,
       54.81,       -2.00,
       55.21,       -2.02,
       55.61,       -2.00,
       56.01,       -2.00,
       56.41,       -1.99,
       56.81,       -1.97,
       57.21,       -1.90,
       57.60,       -1.86,
       58.00,       -1.86,
       58.44,       -1.81,
       58.84,       -1.76,
       59.28,       -1.77,
       59.68,       -1.77,
       60.12,       -1.74,
       60.56,       -1.73,
       60.96,       -1.73,
       61.36,       -1.68,
       61.76,       -1.65,
       62.20,       -1.60,
       62.59,       -1.59,
       62.99,       -1.57,
       63.43,       -1.53,
       63.83,       -1.52,
       64.23,       -1.51,
       64.63,       -1.47,
       65.03,       -1.51,
       65.47,       -1.50,
       65.83,       -1.46,
       66.27,       -1.42,
       66.71,       -1.37,
       67.11,       -1.33,
       67.54,       -1.39,
       67.98,       -1.41,
       68.42,       -1.38,
       68.82,       -1.40,
       69.26,       -1.38,
       69.66,       -1.36,
       70.10,       -1.38,
       70.50,       -1.33,
       70.94,       -1.33,
       71.34,       -1.26,
       71.78,       -1.25,
       72.18,       -1.21,
       72.57,       -1.15,
       72.97,       -1.13,
       73.41,       -1.16,
       73.81,       -1.15,
       74.25,       -1.16,
       74.69,       -1.15,
       75.13,       -1.16,
       75.57,       -1.17,
       76.05,       -1.13,
       76.45,       -1.11,
       76.89,       -1.11,
       77.29,       -1.08,
       77.72,       -1.06,
       78.12,       -1.08,
       78.56,       -1.06,
       79.00,       -1.03,
       79.44,       -1.05,
       79.84,       -0.98,
       80.28,       -0.95,
       80.72,       -0.95,
       81.16,       -0.93,
       81.56,       -0.92,
       82.00,       -0.90,
       82.43,       -0.84,
       82.87,       -0.79,
       83.35,       -0.81,
       83.79,       -0.80,
       84.23,       -0.77,
       84.67,       -0.72,
       85.07,       -0.68,
       85.51,       -0.63,
       85.95,       -0.66,
       86.39,       -0.67,
       86.79,       -0.62,
       87.23,       -0.65,
       87.66,       -0.65,
       88.10,       -0.62,
       88.54,       -0.62,
       88.98,       -0.57,
       89.42,       -0.55,
       89.82,       -0.54,
       90.26,       -0.49,
       90.74,       -0.48,
       91.18,       -0.47,
       91.62,       -0.44,
       92.06,       -0.42,
       92.49,       -0.39,
       92.89,       -0.39,
       93.33,       -0.37,
       93.73,       -0.30,
       94.17,       -0.32,
       94.61,       -0.28,
       95.05,       -0.29,
       95.49,       -0.25,
       95.93,       -0.22,
       96.37,       -0.24,
       96.81,       -0.24,
       97.25,       -0.24,
       97.68,       -0.25,
       98.08,       -0.21,
       98.52,       -0.20,
       99.00,       -0.19,
       99.48,       -0.14,
       99.92,       -0.11,
      100.36,       -0.07,
      100.80,       -0.05,
      101.24,       -0.03,
      101.68,       -0.04,
      102.12,       -0.03,
      102.59,        0.03,
      103.03,        0.07,
      103.47,        0.13,
      103.91,        0.15,
      104.39,        0.15,
      104.79,        0.16,
      105.23,        0.24,
      105.67,        0.27,
      106.15,        0.26,
      106.59,        0.29,
      107.07,        0.32,
      107.54,        0.31,
      107.98,        0.27,
      108.46,        0.36,
      108.86,        0.37,
      109.34,        0.40,
      109.78,        0.42,
      110.22,        0.43,
      110.66,        0.43,
      111.06,        0.43,
      111.54,        0.47,
      111.98,        0.52,
      112.41,        0.53,
      112.85,        0.54,
      113.33,        0.54,
      113.77,        0.53,
      114.21,        0.52,
      114.69,        0.50,
      115.13,        0.50,
      115.61,        0.52,
      116.09,        0.59,
      116.53,        0.58,
      116.97,        0.59,
      117.40,        0.58,
      117.84,        0.59,
      118.28,        0.60,
      118.72,        0.62,
      119.20,        0.63,
      119.64,        0.62,
      120.12,        0.64,
      120.56,        0.66,
      121.00,        0.66,
      121.48,        0.70,
      121.92,        0.75,
      122.39,        0.79,
      122.83,        0.85,
      123.35,        0.86,
      123.83,        0.85,
      124.27,        0.89,
      124.71,        0.94,
      125.15,        0.93,
      125.59,        1.02,
      126.03,        1.03,
      126.51,        1.08,
      126.95,        1.07,
      127.42,        1.06,
      127.86,        1.09,
      128.30,        1.10,
      128.78,        1.14,
      129.22,        1.16,
      129.66,        1.15,
      130.14,        1.19,
      130.58,        1.16,
      131.06,        1.20,
      131.54,        1.24,
      132.02,        1.22,
      132.45,        1.22,
      132.89,        1.20,
      133.61,        1.20,
      133.77,        1.17,
      134.25,        1.11,
      134.69,        1.01,
      135.17,        0.80,
      135.61,        0.48,
      136.09,        0.09,
      136.53,       -0.33,
      136.97,       -0.76,
      137.44,       -1.20,
      137.88,       -1.62,
      138.32,       -2.00,
      138.80,       -2.34,
      139.28,       -2.70,
      139.76,       -3.03,
      140.24,       -3.34,
      140.68,       -3.62,
      141.12,       -3.91,
      141.60,       -4.04,
      142.04,       -4.00,
      142.47,       -3.98,
      142.95,       -3.98,
      143.43,       -4.04,
      143.87,       -4.14,
      144.35,       -4.20,
      144.79,       -4.25,
      145.23,       -4.26,
      145.71,       -4.24,
      146.15,       -4.25,
      146.63,       -4.30,
      147.11,       -4.29,
      147.58,       -4.21,
      148.06,       -4.23,
      148.54,       -4.13,
      148.98,       -4.13,
      149.42,       -4.10,
      149.86,       -4.05,
      150.34,       -3.97,
      150.82,       -3.93,
      151.26,       -3.91,
      151.74,       -3.89,
      152.14,       -3.90,
      152.61,       -3.92,
      153.09,       -3.91,
      153.53,       -3.91,
      154.01,       -3.87,
      154.49,       -3.86,
      154.93,       -3.82,
      155.45,       -3.87,
      155.93,       -3.91,
      156.37,       -3.96,
      156.85,       -3.95,
      157.29,       -3.89,
      157.72,       -3.86,
      158.20,       -3.82,
      158.68,       -3.79,
      159.12,       -3.75,
      159.56,       -3.73,
      160.04,       -3.69,
      160.48,       -3.61,
      160.96,       -3.54,
      161.44,       -3.50,
      161.92,       -3.46,
      162.39,       -3.54,
      162.87,       -3.52,
      163.35,       -3.43,
      163.83,       -3.43,
      164.31,       -3.46,
      164.75,       -3.47,
      165.19,       -3.51,
      165.67,       -3.51,
      166.11,       -3.47,
      166.59,       -3.42,
      167.07,       -3.41,
      167.50,       -3.34,
      167.98,       -3.27,
      168.46,       -3.18,
      168.90,       -3.17,
      169.38,       -3.18,
      169.86,       -3.14,
      170.34,       -3.09,
      170.78,       -3.11,
      171.30,       -3.13,
      171.78,       -3.09,
      172.26,       -3.09,
      172.69,       -3.09,
      173.13,       -3.04,
      173.61,       -3.01,
      174.05,       -2.97,
      174.53,       -2.89,
      175.01,       -2.86,
      175.49,       -2.82,
      175.93,       -2.79,
      176.41,       -2.75,
      176.89,       -2.69,
      177.36,       -2.68,
      177.80,       -2.60,
      178.32,       -2.57,
      178.76,       -2.60,
      179.24,       -2.56,
      179.76,       -2.54,
      180.20,       -2.53,
      180.68,       -2.45,
      181.12,       -2.43,
      181.56,       -2.42,
      182.04,       -2.43,
      182.51,       -2.43,
      182.95,       -2.42,
      183.43,       -2.39,
      183.91,       -2.35,
      184.35,       -2.36,
      184.83,       -2.36,
      185.31,       -2.36,
      185.79,       -2.28,
      186.27,       -2.21,
      186.71,       -2.17,
      187.19,       -2.14,
      187.66,       -2.13,
      188.14,       -2.12,
      188.58,       -2.01,
      189.02,       -2.10,
      189.50,       -2.03,
      189.94,       -1.98,
      190.42,       -1.94,
      190.86,       -1.93,
      191.34,       -1.91,
      191.82,       -1.86,
      192.26,       -1.84,
      192.73,       -1.83,
      193.21,       -1.78,
      193.69,       -1.73,
      194.13,       -1.73,
      194.61,       -1.71,
      195.09,       -1.70,
      195.57,       -1.68,
      196.05,       -1.66,
      196.53,       -1.60,
      196.97,       -1.55,
      197.40,       -1.52,
      197.84,       -1.49,
      198.32,       -1.47,
      198.80,       -1.42,
      199.24,       -1.40,
      199.72,       -1.41,
      200.20,       -1.42,
      200.68,       -1.41,
      201.12,       -1.33,
      201.60,       -1.32,
      202.08,       -1.29,
      202.55,       -1.25,
      203.03,       -1.24,
      203.51,       -1.21,
      203.99,       -1.20,
      204.43,       -1.16,
      204.87,       -1.09,
      205.31,       -1.10,
      205.79,       -1.11,
      206.27,       -1.12,
      206.71,       -1.11,
      207.19,       -1.07,
      207.62,       -1.02,
      208.10,       -1.06,
      208.58,       -1.00,
      209.06,       -0.99,
      209.54,       -0.95,
      209.98,       -0.93,
      210.46,       -0.97,
      210.98,       -0.93,
      211.46,       -0.89,
      211.94,       -0.90,
      212.38,       -0.84,
      212.81,       -0.79,
      213.29,       -0.76,
      213.77,       -0.73,
      214.21,       -0.72,
      214.65,       -0.68,
      215.13,       -0.68,
      215.61,       -0.63,
      216.09,       -0.59,
      216.57,       -0.59,
      217.05,       -0.59,
      217.52,       -0.56,
      218.00,       -0.53,
      218.48,       -0.55,
      219.00,       -0.54,
      219.48,       -0.55,
      219.96,       -0.55,
      220.40,       -0.55,
      220.88,       -0.55,
      221.32,       -0.55,
      221.76,       -0.52,
      222.24,       -0.50,
      222.67,       -0.48,
      223.15,       -0.46,
      223.63,       -0.42,
      224.11,       -0.44,
      224.59,       -0.46,
      225.07,       -0.46,
      225.55,       -0.45,
      226.03,       -0.45,
      226.51,       -0.42,
      226.99,       -0.39,
      227.50,       -0.34,
      227.94,       -0.33,
      228.42,       -0.28,
      228.86,       -0.28,
      229.30,       -0.27,
      229.78,       -0.28,
      230.26,       -0.28,
      230.70,       -0.25,
      231.18,       -0.23,
      231.66,       -0.16,
      232.14,       -0.13,
      232.61,       -0.10,
      233.09,       -0.11,
      233.57,       -0.08,
      234.05,       -0.07,
      234.53,       -0.04,
      235.05,       -0.02,
      235.53,        0.01,
      236.01,        0.02,
      236.49,        0.05,
      236.93,        0.06,
      237.40,        0.07,
      237.84,        0.04,
      238.32,        0.06,
      238.80,        0.05,
      239.28,        0.09,
      239.76,        0.12,
      240.24,        0.10,
      240.72,        0.11,
      241.20,        0.07,
      241.68,       -0.01,
      242.16,       -0.04,
      242.59,       -0.06,
      243.11,       -0.14,
      243.59,       -0.21,
      244.07,       -0.24,
      244.55,       -0.24,
      244.99,       -0.26,
      245.47,       -0.26,
      245.91,       -0.26,
      246.39,       -0.27,
      246.87,       -0.23,
      247.35,       -0.23,
      247.78,       -0.20,
      248.26,       -0.24,
      248.74,       -0.15,
      249.22,       -0.12,
      249.70,       -0.09,
      250.14,       -0.03,
      250.62,       -0.02,
      251.14,        0.02,
      251.62,        0.06,
      252.10,        0.11,
      252.57,        0.16,
      253.01,        0.17,
      253.45,        0.16,
      253.93,        0.22,
      254.41,        0.25,
      254.89,        0.29,
      255.37,        0.33,
      255.81,        0.33,
      256.29,        0.36,
      256.77,        0.40,
      257.25,        0.44,
      257.72,        0.46,
      258.20,        0.45,
      258.68,        0.47,
      259.16,        0.50,
      259.68,        0.54,
      260.28,        0.55,
      260.60,        0.54,
      261.08,        0.54,
      261.56,        0.54,
      262.00,        0.51,
      262.47,        0.51,
      262.95,        0.48,
      263.43,        0.46,
      263.91,        0.35,
      264.35,        0.19,
      264.87,       -0.07,
      265.31,       -0.37,
      265.83,       -0.50,
      266.31,       -0.55,
      266.79,       -0.58,
      267.31,       -0.60,
      267.78,       -0.64,
      268.26,       -0.63,
      268.70,       -0.61,
      269.18,       -0.63,
      269.66,       -0.62,
      270.14,       -0.59,
      270.62,       -0.58,
      271.10,       -0.59,
      271.54,       -0.56,
      272.02,       -0.53,
      272.49,       -0.52,
      272.97,       -0.46,
      273.45,       -0.42,
      273.93,       -0.42,
      274.45,       -0.44,
      274.93,       -0.46,
      275.45,       -0.48,
      275.93,       -0.46,
      276.41,       -0.45,
      276.85,       -0.42,
      277.33,       -0.44,
      277.80,       -0.44,
      278.28,       -0.42,
      278.72,       -0.42,
      279.20,       -0.43,
      279.68,       -0.45,
      280.16,       -0.44,
      280.64,       -0.42,
      281.12,       -0.40,
      281.60,       -0.39,
      282.08,       -0.37,
      282.55,       -0.29,
      283.07,       -0.24,
      283.59,       -0.28,
      284.07,       -0.30,
      284.55,       -0.28,
      285.03,       -0.26,
      285.47,       -0.21,
      285.95,       -0.22,
      286.43,       -0.22,
      286.91,       -0.20,
      287.42,       -0.18,
      287.86,       -0.12,
      288.34,       -0.14,
      288.82,       -0.14,
      289.30,       -0.15,
      289.78,       -0.15,
      290.30,       -0.15,
      290.78,       -0.23,
      291.30,       -0.33,
      291.82,       -0.55,
      292.30,       -0.85,
      292.77,       -1.22,
      293.21,       -1.59,
      293.69,       -1.97,
      294.17,       -2.36,
      294.69,       -2.64,
      295.17,       -2.73,
      295.65,       -2.71,
      296.13,       -2.73,
      296.57,       -2.78,
      297.09,       -2.78,
      297.56,       -2.76,
      298.04,       -2.75,
      298.52,       -2.73,
      299.04,       -2.75,
      299.56,       -2.78,
      300.04,       -2.76,
      300.52,       -2.71,
      301.00,       -2.69,
      301.44,       -2.72,
      301.92,       -2.66,
      302.40,       -2.72,
      302.91,       -2.71,
      303.39,       -2.67,
      303.87,       -2.65,
      304.31,       -2.64,
      304.79,       -2.65,
      305.31,       -2.69,
      305.75,       -2.66,
      306.27,       -2.65,
      306.79,       -2.64,
      307.23,       -2.64,
      307.74,       -2.67,
      308.22,       -2.69,
      308.70,       -2.63,
      309.18,       -2.62,
      309.66,       -2.58,
      310.14,       -2.56,
      310.62,       -2.56,
      311.14,       -2.57,
      311.62,       -2.55,
      312.06,       -2.56,
      312.53,       -2.56,
      313.01,       -2.51,
      313.49,       -2.47,
      314.01,       -2.39,
      314.45,       -2.43,
      315.01,       -2.43,
      315.49,       -2.45,
      316.01,       -2.51,
      316.49,       -2.51,
      316.97,       -2.46,
      317.44,       -2.46,
      317.92,       -2.45,
      318.40,       -2.43,
      318.92,       -2.45,
      319.40,       -2.41,
      319.88,       -2.36,
      320.36,       -2.32,
      320.84,       -2.38,
      321.32,       -2.39,
      321.76,       -2.39,
      322.28,       -2.37,
      322.79,       -2.35,
      323.27,       -2.34,
      323.79,       -2.34,
      324.31,       -2.31,
      324.79,       -2.27,
      325.27,       -2.21,
      325.75,       -2.18,
      326.23,       -2.18,
      326.71,       -2.23,
      327.23,       -2.19,
      327.70,       -2.12,
      328.18,       -2.12,
      328.66,       -2.13,
      329.10,       -2.16,
      329.58,       -2.15,
      330.10,       -2.09,
      330.58,       -2.09,
      331.10,       -2.10,
      331.62,       -2.10,
      332.10,       -2.07,
      332.61,       -2.07,
      333.09,       -2.03,
      333.53,       -2.05,
      334.01,       -2.05,
      334.49,       -2.01,
      335.01,       -2.01,
      335.49,       -2.01,
      336.01,       -2.00,
      336.45,       -1.96,
      336.93,       -1.94,
      337.37,       -1.95,
      337.88,       -1.95,
      338.40,       -1.89,
      338.88,       -1.82,
      339.40,       -1.85,
      339.88,       -1.87,
      340.40,       -1.83,
      340.88,       -1.82,
      341.36,       -1.83,
      341.80,       -1.76,
      342.32,       -1.76,
      342.79,       -1.71,
      343.31,       -1.68,
      343.79,       -1.67,
      344.23,       -1.64,
      344.71,       -1.61,
      345.19,       -1.59,
      345.67,       -1.54,
      346.19,       -1.51,
      346.67,       -1.48,
      347.19,       -1.38,
      347.70,       -1.37,
      348.22,       -1.38,
      348.70,       -1.37,
      349.18,       -1.38,
      349.62,       -1.38,
      350.10,       -1.38,
      350.62,       -1.39,
      351.10,       -1.35,
      351.58,       -1.37,
      352.06,       -1.37,
      352.53,       -1.35,
      353.01,       -1.33,
      353.49,       -1.39,
      353.97,       -1.38,
      354.49,       -1.41,
      355.01,       -1.42,
      355.53,       -1.42,
      356.01,       -1.43,
      356.53,       -1.42,
      357.01,       -1.43,
      357.48,       -1.43,
      357.96,       -1.43,
      358.40,       -1.45,
      358.92,       -1.44,
      359.40,       -1.40,
      359.88,       -1.37,
      360.36,       -1.29,
      360.84,       -1.25,
      361.32,       -1.25,
      361.80,       -1.23,
      362.32,       -1.22,
      362.83,       -1.16,
      363.31,       -1.12,
      363.83,       -1.09,
      364.35,       -1.06,
      364.83,       -1.05,
      365.27,       -1.00,
      365.75,       -1.01,
      366.23,       -0.99,
      366.71,       -1.01,
      367.23,       -0.97,
      367.70,       -0.93,
      368.18,       -0.86,
      368.66,       -0.81,
      369.14,       -0.79,
      369.62,       -0.73,
      370.10,       -0.68,
      370.62,       -0.65,
      371.14,       -0.59,
      371.66,       -0.58,
      372.14,       -0.59,
      372.65,       -0.55,
      373.09,       -0.49,
      373.53,       -0.45,
      374.01,       -0.40,
      374.53,       -0.37,
      375.05,       -0.33,
      375.53,       -0.28,
      376.01,       -0.28,
      376.45,       -0.20,
      376.93,       -0.13,
      377.41,       -0.15,
      377.92,       -0.14,
      378.40,       -0.12,
      378.92,       -0.11,
      379.44,       -0.07,
      379.96,       -0.02,
      380.40,        0.02,
      380.88,        0.03,
      381.36,        0.09,
      381.84,        0.15,
      382.32,        0.15,
      382.83,        0.15,
      383.31,        0.15,
      383.79,        0.13,
      384.27,        0.11,
      384.75,        0.11,
      385.23,        0.11,
      385.71,        0.11,
      386.23,        0.08,
      386.75,        0.08,
      387.23,        0.08,
      387.70,        0.07,
      388.22,        0.06,
      388.70,        0.12,
      389.18,        0.06,
      389.66,        0.05,
      390.14,        0.02,
      390.62,       -0.03,
      391.10,       -0.07,
      391.62,       -0.06,
      392.06,       -0.11,
      392.53,       -0.16,
      393.01,       -0.16,
      393.49,       -0.15,
      394.01,       -0.16,
      394.53,       -0.13,
      394.97,       -0.07,
      395.49,       -0.05,
      396.01,       -0.06,
      396.49,       -0.04,
      396.97,       -0.02,
      397.41,        0.02,
      397.92,        0.07,
      398.40,        0.07,
      398.92,        0.07,
      399.40,        0.07,
      399.84,        0.08,
      400.32,        0.07,
      400.80,        0.09,
      401.28,        0.11,
      401.76,        0.15,
      402.24,        0.18,
      402.75,        0.24,
      403.27,        0.24,
      403.75,        0.26,
      404.27,        0.28,
      404.71,        0.28,
      405.19,        0.31,
      405.67,        0.32,
      406.19,        0.37,
      406.67,        0.38,
      407.15,        0.36,
      407.62,        0.28,
      408.10,        0.13,
      408.58,       -0.09,
      409.02,       -0.33,
      409.50,       -0.44,
      410.02,       -0.50,
      410.50,       -0.46,
      411.02,       -0.46,
      411.54,       -0.49,
      412.06,       -0.49,
      412.53,       -0.49,
      412.97,       -0.46,
      413.45,       -0.42,
      413.93,       -0.36,
      414.45,       -0.35,
      414.93,       -0.35,
      415.45,       -0.36,
      415.93,       -0.37,
      416.37,       -0.37,
      416.85,       -0.38,
      417.33,       -0.37,
      417.80,       -0.38,
      418.32,       -0.33,
      418.84,       -0.33,
      419.36,       -0.29,
      419.84,       -0.28,
      420.36,       -0.24,
      420.84,       -0.21,
      421.28,       -0.24,
      421.76,       -0.23,
      422.28,       -0.24,
      422.79,       -0.24,
      423.27,       -0.23,
      423.75,       -0.24,
      424.19,       -0.24,
      424.67,       -0.26,
      425.15,       -0.25,
      425.63,       -0.26,
      426.15,       -0.28,
      426.67,       -0.25,
      427.19,       -0.28,
      427.66,       -0.31,
      428.18,       -0.36,
      428.66,       -0.40,
      429.14,       -0.52,
      429.62,       -0.83,
      430.14,       -1.04,
      430.66,       -1.37,
      431.14,       -1.73,
      431.62,       -2.03,
      432.10,       -2.38,
      432.57,       -2.57,
      433.05,       -2.59,
      433.53,       -2.60,
      434.01,       -2.56,
      434.53,       -2.55,
      435.05,       -2.56,
      435.57,       -2.56,
      436.09,       -2.49,
      436.57,       -2.51,
      437.01,       -2.56,
      437.48,       -2.63,
      438.00,       -2.59,
      438.48,       -2.56,
      438.96,       -2.56,
      439.44,       -2.58,
      439.92,       -2.60,
      440.40,       -2.60,
      440.88,       -2.58,
      441.32,       -2.57,
      441.84,       -2.51,
      442.32,       -2.49,
      442.83,       -2.47,
      443.35,       -2.48,
      443.87,       -2.48,
      444.35,       -2.42,
      444.83,       -2.40,
      445.27,       -2.38,
      445.75,       -2.34,
      446.23,       -2.32,
      446.75,       -2.29,
      447.23,       -2.23,
      447.70,       -2.22,
      448.18,       -2.16,
      448.62,       -2.10,
      449.10,       -2.08,
      449.58,       -2.11,
      450.10,       -2.09,
      450.62,       -2.05,
      451.14,       -2.02,
      451.62,       -2.01,
      452.14,       -2.01,
      452.61,       -2.02,
      453.05,       -2.03,
      453.53,       -2.03,
      454.01,       -1.97,
      454.53,       -1.96,
      455.01,       -1.92,
      455.49,       -1.91,
      455.97,       -1.93,
      456.45,       -1.91,
      456.93,       -1.87,
      457.41,       -1.83,
      457.88,       -1.81,
      458.40,       -1.80,
      458.92,       -1.81,
      459.44,       -1.77,
      459.92,       -1.77,
      460.40,       -1.72,
      460.88,       -1.74,
      461.36,       -1.77,
      461.84,       -1.76,
      462.36,       -1.73,
      462.83,       -1.69,
      463.31,       -1.69,
      463.79,       -1.68,
      464.27,       -1.64,
      464.75,       -1.64,
      465.23,       -1.55,
      465.75,       -1.48,
      466.23,       -1.43,
      466.75,       -1.44,
      467.27,       -1.51,
      467.74,       -1.51,
      468.22,       -1.51,
      468.70,       -1.49,
      469.18,       -1.50,
      469.66,       -1.45,
      470.14,       -1.44,
      470.66,       -1.41,
      471.14,       -1.35,
      471.62,       -1.33,
      472.10,       -1.29,
      472.57,       -1.27,
      473.05,       -1.27,
      473.57,       -1.25,
      474.09,       -1.22,
      474.61,       -1.26,
      475.09,       -1.28,
      475.61,       -1.29,
      476.09,       -1.27,
      476.57,       -1.25,
      477.05,       -1.20,
      477.52,       -1.12,
      478.04,       -1.03,
      478.52,       -1.00,
      479.04,       -1.03,
      479.52,       -1.08,
      480.00,       -1.08,
      480.48,       -1.07,
      480.96,       -1.02,
      481.44,       -0.94,
      481.96,       -0.97,
      482.44,       -1.03,
      482.95,       -1.02,
      483.47,       -1.02,
      483.95,       -1.01,
      484.43,       -0.97,
      484.91,       -0.93,
      485.39,       -0.91,
      485.91,       -0.91,
      486.39,       -0.87,
      486.91,       -0.83,
      487.39,       -0.85,
      487.86,       -0.85,
      488.34,       -0.88,
      488.82,       -0.88,
      489.30,       -0.82,
      489.78,       -0.80,
      490.30,       -0.80,
      490.82,       -0.81,
      491.30,       -0.78,
      491.82,       -0.79,
      492.30,       -0.77,
      492.77,       -0.76,
      493.25,       -0.72,
      493.77,       -0.69,
      494.25,       -0.67,
      494.77,       -0.63,
      495.25,       -0.62,
      495.73,       -0.59,
      496.21,       -0.55,
      496.69,       -0.49,
      497.13,       -0.43,
      497.64,       -0.46,
      498.12,       -0.42,
      498.64,       -0.39,
      499.16,       -0.37,
      499.68,       -0.34,
      500.16,       -0.31,
      500.64,       -0.24,
      501.12,       -0.20,
      501.60,       -0.14,
      502.12,       -0.10,
      502.59,       -0.06,
      503.11,       -0.03,
      503.59,       -0.02,
      504.07,        0.04,
      504.51,        0.02,
      504.99,        0.02,
      505.47,        0.04,
      505.99,        0.02,
      506.51,        0.07,
      507.03,        0.14,
      507.51,        0.15,
      508.02,        0.15,
      508.50,        0.13,
      508.98,        0.15,
      509.46,        0.15,
      509.98,        0.17,
      510.46,        0.26,
      510.98,        0.27,
      511.42,        0.24,
      511.90,        0.24,
      512.38,        0.23,
      512.85,        0.27,
      513.33,        0.31,
      513.85,        0.28,
      514.37,        0.23,
      514.85,        0.22,
      515.37,        0.20,
      515.89,        0.19,
      516.37,        0.12,
      516.85,       -0.02,
      517.33,       -0.18,
      517.80,       -0.40,
      518.32,       -0.52,
      518.76,       -0.54,
      519.28,       -0.55,
      519.76,       -0.52,
      520.24,       -0.50,
      520.72,       -0.47,
      521.20,       -0.45,
      521.72,       -0.37,
      522.20,       -0.27,
      522.71,       -0.24,
      523.23,       -0.24,
      523.75,       -0.23,
      524.23,       -0.22,
      524.71,       -0.21,
      525.15,       -0.17,
      525.59,       -0.23,
      526.07,       -0.21,
      526.55,       -0.24,
      527.07,       -0.25,
      527.54,       -0.25,
      528.02,       -0.24,
      528.50,       -0.28,
      528.98,       -0.27,
      529.50,       -0.25,
      530.02,       -0.28,
      530.54,       -0.36,
      531.06,       -0.41,
      531.58,       -0.46,
      532.06,       -0.65,
      532.57,       -0.76,
      533.01,       -1.10,
      533.49,       -1.52,
      534.01,       -1.91,
      534.49,       -2.32,
      535.01,       -2.56,
      535.49,       -2.59,
      535.97,       -2.64,
      536.45,       -2.64,
      536.93,       -2.62,
      537.41,       -2.64,
      537.92,       -2.62,
      538.44,       -2.61,
      538.96,       -2.60,
      539.44,       -2.60,
      539.96,       -2.56,
      540.44,       -2.51,
      540.92,       -2.51,
      541.40,       -2.53,
      541.88,       -2.59,
      542.36,       -2.59,
      542.87,       -2.59,
      543.35,       -2.59,
      543.83,       -2.56,
      544.31,       -2.54,
      544.79,       -2.55,
      545.27,       -2.53,
      545.79,       -2.49,
      546.31,       -2.44,
      546.79,       -2.44,
      547.31,       -2.48,
      547.82,       -2.48,
      548.30,       -2.47,
      548.78,       -2.48,
      549.22,       -2.44,
      549.78,       -2.39,
      550.26,       -2.39,
      550.78,       -2.39,
      551.26,       -2.39,
      551.74,       -2.39,
      552.22,       -2.39,
      552.69,       -2.39,
      553.17,       -2.38,
      553.65,       -2.37,
      554.17,       -2.36,
      554.69,       -2.37,
      555.21,       -2.34,
      555.69,       -2.32,
      556.17,       -2.30,
      556.65,       -2.31,
      557.13,       -2.29,
      557.56,       -2.28,
      558.08,       -2.28,
      558.60,       -2.30,
      559.08,       -2.30,
      559.56,       -2.28,
      560.04,       -2.29,
      560.52,       -2.32,
      561.00,       -2.29,
      561.48,       -2.24,
      562.00,       -2.20,
      562.52,       -2.19,
      562.99,       -2.19,
      563.51,       -2.17,
      563.99,       -2.17,
      564.47,       -2.19,
      564.95,       -2.16,
      565.43,       -2.12,
      565.95,       -2.12,
      566.43,       -2.08,
      566.95,       -2.04,
      567.43,       -2.03,
      567.90,       -2.03,
      568.38,       -2.03,
      568.86,       -1.97,
      569.34,       -1.95,
      569.86,       -1.95,
      570.34,       -1.90,
      570.86,       -1.90,
      571.38,       -1.84,
      571.86,       -1.80,
      572.34,       -1.80,
      572.81,       -1.73,
      573.29,       -1.70,
      573.77,       -1.73,
      574.29,       -1.73,
      574.77,       -1.75,
      575.25,       -1.75,
      575.73,       -1.70,
      576.21,       -1.68,
      576.69,       -1.64,
      577.17,       -1.63,
      577.64,       -1.65,
      578.16,       -1.64,
      578.68,       -1.60,
      579.20,       -1.55,
      579.68,       -1.56,
      580.16,       -1.57,
      580.64,       -1.59,
      581.12,       -1.57,
      581.60,       -1.55,
      582.08,       -1.54,
      582.59,       -1.51,
      583.07,       -1.52,
      583.55,       -1.49,
      584.03,       -1.44,
      584.55,       -1.39,
      584.99,       -1.38,
      585.47,       -1.33,
      585.99,       -1.33,
      586.51,       -1.29,
      586.99,       -1.33,
      587.51,       -1.32,
      587.98,       -1.28,
      588.46,       -1.23,
      588.94,       -1.16,
      589.42,       -1.13,
      589.90,       -1.12,
      590.38,       -1.06,
      590.86,       -1.10,
      591.34,       -1.05,
      591.82,       -1.01,
      592.30,       -0.97,
      592.77,       -0.93,
      593.25,       -0.93,
      593.73,       -0.92,
      594.25,       -0.88,
      594.77,       -0.83,
      595.25,       -0.81,
      595.77,       -0.81,
      596.25,       -0.83,
      596.69,       -0.84,
      597.17,       -0.84,
      597.64,       -0.83,
      598.16,       -0.78,
      598.64,       -0.77,
      599.12,       -0.73,
      599.56,       -0.72,
      600.04,       -0.74,
      600.52,       -0.68,
      601.00,       -0.65,
      601.48,       -0.66,
      602.00,       -0.60,
      602.52,       -0.54,
      602.99,       -0.46,
      603.51,       -0.41,
      603.99,       -0.40,
      604.47,       -0.37,
      604.95,       -0.38,
      605.43,       -0.33,
      605.91,       -0.29,
      606.43,       -0.24,
      606.87,       -0.20,
      607.35,       -0.20,
      607.82,       -0.20,
      608.30,       -0.19,
      608.78,       -0.15,
      609.30,       -0.09,
      609.78,       -0.06,
      610.30,       -0.03,
      610.82,        0.00,
      611.30,        0.02,
      611.82,        0.07,
      612.30,        0.11,
      612.77,        0.12,
      613.21,        0.19,
      613.69,        0.24,
      614.17,        0.25,
      614.69,        0.27,
      615.17,        0.33,
      615.65,        0.35,
      616.13,        0.37,
      616.61,        0.35,
      617.09,        0.37,
      617.57,        0.35,
      618.08,        0.36,
      618.60,        0.37,
      619.08,        0.39,
      619.60,        0.35,
      620.08,        0.32,
      620.56,        0.28,
      621.00,        0.26,
      621.48,        0.22,
      621.96,        0.14,
      622.44,        0.07,
      622.95,        0.01,
      623.43,       -0.07,
      623.91,       -0.33,
      624.39,       -0.66,
      624.87,       -1.01,
      625.35,       -1.39,
      625.87,       -1.64,
      626.35,       -1.65,
      626.87,       -1.60,
      627.39,       -1.61,
      627.86,       -1.67,
      628.34,       -1.67,
      628.78,       -1.69,
      629.26,       -1.73,
      629.74,       -1.73,
      630.26,       -1.74,
      630.74,       -1.75,
      631.22,       -1.75,
      631.70,       -1.78,
      632.18,       -1.78,
      632.65,       -1.77,
      633.17,       -1.75,
      633.65,       -1.73,
      634.17,       -1.73,
      634.69,       -1.72,
      635.21,       -1.72,
      635.69,       -1.71,
      636.17,       -1.69,
      636.65,       -1.65,
      637.09,       -1.70,
      637.57,       -1.65,
      638.08,       -1.66,
      638.56,       -1.66,
      639.04,       -1.63,
      639.56,       -1.61,
      640.00,       -1.60,
      640.52,       -1.56,
      640.96,       -1.53,
      641.48,       -1.51,
      642.00,       -1.50,
      642.52,       -1.46,
      642.99,       -1.42,
      643.47,       -1.46,
      643.99,       -1.51,
      644.47,       -1.51,
      644.91,       -1.51,
      645.39,       -1.48,
      645.87,       -1.49,
      646.39,       -1.49,
      646.87,       -1.45,
      647.35,       -1.46,
      647.82,       -1.44,
      648.30,       -1.37,
      648.78,       -1.37,
      649.26,       -1.30,
      649.78,       -1.29,
      650.26,       -1.34,
      650.78,       -1.32,
      651.30,       -1.35,
      651.78,       -1.34,
      652.26,       -1.30,
      652.73,       -1.36,
      653.21,       -1.32,
      653.69,       -1.30,
      654.17,       -1.29,
      654.69,       -1.27,
      655.17,       -1.27,
      655.65,       -1.25,
      656.13,       -1.21,
      656.61,       -1.21,
      657.09,       -1.17,
      657.57,       -1.18,
      658.08,       -1.20,
      658.60,       -1.18,
      659.12,       -1.17,
      659.64,       -1.11,
      660.12,       -1.08,
      660.60,       -1.09,
      661.08,       -1.03,
      661.56,       -1.05,
      662.04,       -1.08,
      662.56,       -1.00,
      663.03,       -0.98,
      663.51,       -0.91,
      663.99,       -0.90,
      664.47,       -0.94,
      664.91,       -0.93,
      665.43,       -0.92,
      665.95,       -0.90,
      666.47,       -0.88,
      666.95,       -0.85,
      667.47,       -0.85,
      667.98,       -0.85,
      668.46,       -0.83,
      668.94,       -0.76,
      669.38,       -0.73,
      669.90,       -0.75,
      670.38,       -0.71,
      670.90,       -0.74,
      671.38,       -0.70,
      671.86,       -0.70,
      672.30,       -0.73,
      672.77,       -0.70,
      673.25,       -0.71,
      673.77,       -0.71,
      674.29,       -0.68,
      674.81,       -0.69,
      675.33,       -0.68,
      675.81,       -0.64,
      676.33,       -0.62,
      676.77,       -0.60,
      677.25,       -0.59,
      677.72,       -0.57,
      678.24,       -0.54,
      678.72,       -0.59,
      679.20,       -0.58,
      679.68,       -0.58,
      680.16,       -0.58,
      680.64,       -0.54,
      681.08,       -0.53,
      681.60,       -0.58,
      682.12,       -0.55,
      682.63,       -0.55,
      683.15,       -0.57,
      683.63,       -0.59,
      684.15,       -0.61,
      684.63,       -0.60,
      685.07,       -0.63,
      685.59,       -0.66,
      686.07,       -0.67,
      686.55,       -0.76,
      687.03,       -0.74,
      687.51,       -0.76,
      687.98,       -0.83,
      688.46,       -0.92,
      688.94,       -1.07,
      689.46,       -1.33,
      689.94,       -1.77,
      690.50,       -2.17,
      690.98,       -2.59,
      691.50,       -3.01,
      692.02,       -3.28,
      692.50,       -3.32,
      692.97,       -3.34,
      693.45,       -3.36,
      693.93,       -3.35,
      694.41,       -3.33,
      694.89,       -3.31,
      695.41,       -3.33,
      695.89,       -3.40,
      696.33,       -3.37,
      696.81,       -3.37,
      697.33,       -3.37,
      697.84,       -3.33,
      698.32,       -3.30,
      698.84,       -3.29,
      699.36,       -3.26,
      699.88,       -3.26,
      700.36,       -3.26,
      700.84,       -3.26,
      701.32,       -3.26,
      701.76,       -3.27,
      702.28,       -3.28,
      702.79,       -3.27,
      703.27,       -3.24,
      703.75,       -3.25,
      704.19,       -3.24,
      704.67,       -3.23,
      705.19,       -3.22,
      705.67,       -3.26,
      706.19,       -3.24,
      706.71,       -3.26,
      707.23,       -3.27,
      707.74,       -3.25,
      708.22,       -3.22,
      708.70,       -3.21,
      709.14,       -3.20,
      709.66,       -3.13,
      710.14,       -3.13,
      710.62,       -3.09,
      711.10,       -3.04,
      711.54,       -3.00,
      712.02,       -2.99,
      712.50,       -2.92,
      712.97,       -2.92,
      713.49,       -2.90,
      714.01,       -2.86,
      714.53,       -2.86,
      715.01,       -2.80,
      715.53,       -2.76,
      716.01,       -2.77,
      716.49,       -2.71,
      716.97,       -2.70,
      717.45,       -2.67,
      717.92,       -2.68,
      718.44,       -2.66,
      718.92,       -2.64,
      719.40,       -2.63,
      719.88,       -2.62,
      720.36,       -2.62,
      720.84,       -2.59,
      721.36,       -2.56,
      721.88,       -2.52,
      722.40,       -2.48,
      722.87,       -2.48,
      723.35,       -2.50,
      723.87,       -2.50,
      724.35,       -2.46,
      724.83,       -2.43,
      725.35,       -2.44,
      725.83,       -2.44,
      726.35,       -2.42,
      726.83,       -2.34,
      727.31,       -2.35,
      727.78,       -2.36,
      728.26,       -2.34,
      728.74,       -2.35,
      729.22,       -2.31,
      729.74,       -2.29,
      730.26,       -2.30,
      730.74,       -2.30,
      731.26,       -2.26,
      731.74,       -2.25,
      732.22,       -2.29,
      732.69,       -2.29,
      733.17,       -2.25,
      733.65,       -2.25,
      734.17,       -2.20,
      734.65,       -2.17,
      735.13,       -2.16,
      735.61,       -2.13,
      736.09,       -2.10,
      736.57,       -2.04,
      737.05,       -2.03,
      737.57,       -2.02,
      738.04,       -2.00,
      738.56,       -1.99,
      739.08,       -1.95,
      739.56,       -1.92,
      740.04,       -1.88,
      740.52,       -1.86,
      741.00,       -1.83,
      741.48,       -1.78,
      742.00,       -1.77,
      742.48,       -1.76,
      742.95,       -1.71,
      743.43,       -1.68,
      743.91,       -1.67,
      744.39,       -1.68,
      744.87,       -1.66,
      745.35,       -1.64,
      745.87,       -1.64,
      746.39,       -1.64,
      746.87,       -1.65,
      747.39,       -1.62,
      747.86,       -1.60,
      748.34,       -1.57,
      748.82,       -1.56,
      749.30,       -1.57,
      749.82,       -1.57,
      750.30,       -1.60,
      750.78,       -1.60,
      751.26,       -1.58,
      751.74,       -1.51,
      752.22,       -1.48,
      752.65,       -1.51,
      753.13,       -1.51,
      753.65,       -1.51,
      754.17,       -1.48,
      754.69,       -1.48,
      755.21,       -1.46,
      755.69,       -1.46,
      756.17,       -1.46,
      756.65,       -1.42,
      757.13,       -1.38,
      757.68,       -1.38,
      758.16,       -1.37,
      758.64,       -1.34,
      759.12,       -1.29,
      759.60,       -1.27,
      760.04,       -1.25,
      760.52,       -1.20,
      761.00,       -1.22,
      761.52,       -1.21,
      762.04,       -1.23,
      762.56,       -1.18,
      763.03,       -1.14,
      763.55,       -1.11,
      764.03,       -1.12,
      764.51,       -1.07,
      764.99,       -1.07,
      765.47,       -1.03,
      765.99,       -0.98,
      766.47,       -0.98,
      766.95,       -0.96,
      767.39,       -0.94,
      767.86,       -0.99,
      768.34,       -0.99,
      768.82,       -0.98,
      769.34,       -0.98,
      769.82,       -0.95,
      770.34,       -0.92,
      770.86,       -0.90,
      771.38,       -0.96,
      771.86,       -0.99,
      772.34,       -1.03,
      772.81,       -1.02,
      773.29,       -1.02,
      773.77,       -0.99,
      774.29,       -0.98,
      774.73,       -0.98,
      775.21,       -0.99,
      775.69,       -1.03,
      776.17,       -1.00,
      776.65,       -1.00,
      777.13,       -0.98,
      777.65,       -0.98,
      778.12,       -1.01,
      778.64,       -1.00,
      779.16,       -0.98,
      779.64,       -1.03,
      780.16,       -1.04,
      780.60,       -1.11,
      781.08,       -1.18,
      781.60,       -1.22,
      782.08,       -1.42,
      782.56,       -1.58,
      783.03,       -1.73,
      783.51,       -1.99,
      783.99,       -2.18,
      784.47,       -2.41,
      784.95,       -2.70,
      785.47,       -2.93,
      785.99,       -3.00,
      786.47,       -3.00,
      786.99,       -3.06,
      787.51,       -3.00,
      787.98,       -3.06,
      788.46,       -3.09,
      788.94,       -3.10,
      789.38,       -3.10,
      789.90,       -3.08,
      790.38,       -3.04,
      790.90,       -3.03,
      791.34,       -3.04,
      791.82,       -2.99,
      792.30,       -2.97,
      792.77,       -2.95,
      793.29,       -2.89,
      793.81,       -2.87,
      794.33,       -2.91,
      794.81,       -2.91,
      795.33,       -2.88,
      795.85,       -2.86,
      796.33,       -2.84,
      796.77,       -2.83,
      797.25,       -2.80,
      797.72,       -2.82,
      798.24,       -2.80,
      798.72,       -2.81,
      799.20,       -2.80,
      799.68,       -2.82,
      800.16,       -2.81,
      800.64,       -2.78,
      801.12,       -2.74,
      801.64,       -2.69,
      802.16,       -2.68,
      802.67,       -2.69,
      803.19,       -2.73,
      803.67,       -2.70,
      804.15,       -2.68,
      804.63,       -2.65,
      805.11,       -2.64,
      805.59,       -2.67,
      806.07,       -2.64,
      806.59,       -2.64,
      807.07,       -2.64,
      807.55,       -2.62,
      808.02,       -2.61,
      808.50,       -2.60,
      808.98,       -2.55,
      809.50,       -2.52,
      809.98,       -2.47,
      810.50,       -2.49,
      811.02,       -2.51,
      811.50,       -2.46,
      811.98,       -2.42,
      812.46,       -2.44,
      812.89,       -2.43,
      813.37,       -2.43,
      813.85,       -2.43,
      814.37,       -2.43,
      814.85,       -2.36,
      815.33,       -2.38,
      815.81,       -2.36,
      816.29,       -2.34,
      816.77,       -2.34,
      817.29,       -2.34,
      817.80,       -2.34,
      818.28,       -2.33,
      818.80,       -2.29,
      819.28,       -2.23,
      819.76,       -2.19,
      820.24,       -2.16,
      820.72,       -2.14,
      821.20,       -2.08,
      821.68,       -2.04,
      822.16,       -2.00,
      822.67,       -2.02,
      823.15,       -1.99,
      823.63,       -1.99,
      824.11,       -1.99,
      824.59,       -1.95,
      825.07,       -1.92,
      825.55,       -1.93,
      826.07,       -1.91,
      826.59,       -1.89,
      827.11,       -1.88,
      827.59,       -1.88,
      828.06,       -1.89,
      828.54,       -1.89,
      829.02,       -1.89,
      829.50,       -1.89,
      829.98,       -1.90,
      830.46,       -1.95,
      830.98,       -1.92,
      831.46,       -1.92,
      831.94,       -1.86,
      832.42,       -1.81,
      832.89,       -1.81,
      833.37,       -1.81,
      833.89,       -1.80,
      834.41,       -1.73,
      834.93,       -1.68,
      835.41,       -1.66,
      835.89,       -1.65,
      836.37,       -1.62,
      836.85,       -1.57,
      837.33,       -1.55,
      837.80,       -1.52,
      838.28,       -1.48,
      838.76,       -1.42,
      839.28,       -1.38,
      839.76,       -1.36,
      840.20,       -1.31,
      840.68,       -1.26,
      841.20,       -1.24,
      841.68,       -1.25,
      842.20,       -1.21,
      842.71,       -1.18,
      843.19,       -1.14,
      843.71,       -1.14,
      844.15,       -1.13,
      844.63,       -1.12,
      845.11,       -1.10,
      845.59,       -1.07,
      846.11,       -1.05,
      846.59,       -1.06,
      847.07,       -1.03,
      847.51,       -1.03,
      848.02,       -1.02,
      848.50,       -1.00,
      848.98,       -0.97,
      849.50,       -0.98,
      849.98,       -0.99,
      850.50,       -0.98,
      851.02,       -0.98,
      851.50,       -0.98,
      851.98,       -0.97,
      852.46,       -0.97,
      852.93,       -0.99,
      853.41,       -0.98,
      853.89,       -0.97,
      854.37,       -0.96,
      854.85,       -0.94,
      855.33,       -0.97,
      855.81,       -0.98,
      856.29,       -1.03,
      856.77,       -1.06,
      857.29,       -1.03,
      857.76,       -1.01,
      858.28,       -1.02,
      858.80,       -1.01,
      859.28,       -1.00,
      859.76,       -0.97,
      860.24,       -0.98,
      860.72,       -0.98,
      861.20,       -0.98,
      861.68,       -0.96,
      862.16,       -0.88,
      862.64,       -0.88,
      863.11,       -0.88,
      863.59,       -0.84,
      864.07,       -0.82,
      864.55,       -0.76,
      865.03,       -0.69,
      865.55,       -0.63,
      866.07,       -0.57,
      866.59,       -0.56,
      867.07,       -0.56,
      867.59,       -0.51,
      868.02,       -0.55,
      868.50,       -0.53,
      868.98,       -0.51,
      869.46,       -0.48,
      869.94,       -0.45,
      870.42,       -0.44,
      870.90,       -0.44,
      871.38,       -0.42,
      871.86,       -0.41,
      872.38,       -0.37,
      872.81,       -0.33,
      873.33,       -0.35,
      873.85,       -0.32,
      874.37,       -0.29,
      874.89,       -0.23,
      875.37,       -0.24,
      875.85,       -0.28,
      876.33,       -0.28,
      876.77,       -0.26,
      877.25,       -0.22,
      877.76,       -0.19,
      878.24,       -0.19,
      878.76,       -0.15,
      879.24,       -0.14,
      879.72,       -0.12,
      880.20,       -0.13,
      880.68,       -0.15,
      881.20,       -0.14,
      881.68,       -0.20,
      882.20,       -0.19,
      882.71,       -0.28,
      883.23,       -0.36,
      883.71,       -0.41,
      884.15,       -0.45,
      884.63,       -0.62,
      885.11,       -0.74,
      885.59,       -0.88,
      886.11,       -1.00,
      886.59,       -1.10,
      887.11,       -1.10,
      887.55,       -1.14,
      888.06,       -1.20,
      888.54,       -1.25,
      889.02,       -1.27,
      889.54,       -1.36,
      890.06,       -1.46,
      890.58,       -1.66,
      891.06,       -1.93,
      891.50,       -2.13,
      891.98,       -2.49,
      892.46,       -2.91,
      892.97,       -3.31,
      893.45,       -3.71,
      893.97,       -4.03,
      894.45,       -4.09,
      894.93,       -4.01,
      895.41,       -4.05,
      895.89,       -4.05,
      896.37,       -4.04,
      896.85,       -4.08,
      897.37,       -4.11,
      897.88,       -4.11,
      898.36,       -4.10,
      898.88,       -4.09,
      899.36,       -4.06,
      899.84,       -4.03,
      900.32,       -4.09,
      900.80,       -4.10,
      901.28,       -4.10,
      901.80,       -4.11,
      902.28,       -4.09,
      902.79,       -4.09,
      903.27,       -4.10,
      903.75,       -4.08,
      904.19,       -4.00,
      904.71,       -3.95,
      905.19,       -3.96,
      905.71,       -3.96,
      906.19,       -3.95,
      906.71,       -3.96,
      907.23,       -3.91,
      907.71,       -3.82,
      908.18,       -3.78,
      908.66,       -3.76,
      909.14,       -3.76,
      909.62,       -3.78,
      910.14,       -3.80,
      910.62,       -3.75,
      911.10,       -3.76,
      911.58,       -3.78,
      912.10,       -3.76,
      912.54,       -3.73,
      913.05,       -3.69,
      913.53,       -3.67,
      914.05,       -3.64,
      914.57,       -3.64,
      915.09,       -3.61,
      915.57,       -3.58,
      916.05,       -3.59,
      916.49,       -3.56,
      916.97,       -3.52,
      917.45,       -3.47,
      917.96,       -3.45,
      918.44,       -3.47,
      918.96,       -3.43,
      919.44,       -3.39,
      919.92,       -3.34,
      920.40,       -3.26,
      920.88,       -3.22,
      921.40,       -3.13,
      921.92,       -3.08,
      922.40,       -3.08,
      922.91,       -3.07,
      923.43,       -3.06,
      923.87,       -3.02,
      924.35,       -2.99,
      924.83,       -2.95,
      925.31,       -2.93,
      925.83,       -2.93,
      926.31,       -2.93,
      926.79,       -2.91,
      927.27,       -2.85,
      927.74,       -2.82,
      928.22,       -2.78,
      928.70,       -2.73,
      929.22,       -2.68,
      929.70,       -2.61,
      930.22,       -2.61,
      930.74,       -2.59,
      931.22,       -2.55,
      931.70,       -2.54,
      932.18,       -2.51,
      932.66,       -2.51,
      933.13,       -2.53,
      933.61,       -2.49,
      934.13,       -2.46,
      934.61,       -2.40,
      935.05,       -2.36,
      935.53,       -2.34,
      936.01,       -2.33,
      936.49,       -2.31,
      936.97,       -2.25,
      937.49,       -2.23,
      938.00,       -2.22,
      938.52,       -2.20,
      939.04,       -2.15,
      939.52,       -2.15,
      940.00,       -2.13,
      940.48,       -2.03,
      940.96,       -2.05,
      941.44,       -2.09,
      941.96,       -2.05,
      942.44,       -2.03,
      942.91,       -2.04,
      943.39,       -1.96,
      943.87,       -2.02,
      944.35,       -1.99,
      944.87,       -1.95,
      945.35,       -1.98,
      945.87,       -1.94,
      946.39,       -1.94,
      946.91,       -1.98,
      947.43,       -1.94,
      947.90,       -1.95,
      948.34,       -1.96,
      948.86,       -1.95,
      949.34,       -2.03,
      949.86,       -2.03,
      950.34,       -2.05,
      950.82,       -2.15,
      951.30,       -2.16,
      951.78,       -2.30,
      952.26,       -2.37,
      952.77,       -2.40,
      953.29,       -2.54,
      953.81,       -2.69,
      954.33,       -2.93,
      954.85,       -3.13,
      955.33,       -3.47,
      955.81,       -3.82,
      956.29,       -4.13,
      956.77,       -4.57,
      957.25,       -4.89,
      957.76,       -5.18,
      958.24,       -5.51,
      958.72,       -5.91,
      959.20,       -6.28,
      959.68,       -6.67,
      960.16,       -7.00,
      960.64,       -7.23,
      961.16,       -7.46,
      961.64,       -7.61,
      962.16,       -7.67,
      962.68,       -7.76,
      963.19,       -7.76,
      963.67,       -7.74,
      964.19,       -7.76,
      964.63,       -7.75,
      965.15,       -7.65,
      965.63,       -7.58,
      966.11,       -7.55,
      966.63,       -7.43,
      967.11,       -7.38,
      967.59,       -7.28,
      968.06,       -7.14,
      968.58,       -6.97,
      969.06,       -6.85,
      969.58,       -6.70,
      970.10,       -6.60,
      970.62,       -6.49,
      971.14,       -6.40,
      971.62,       -6.30,
      972.10,       -6.27,
      972.58,       -6.11,
      973.05,       -5.98,
      973.57,       -5.89,
      974.05,       -5.77,
      974.57,       -5.65,
      975.05,       -5.59,
      975.53,       -5.47,
      976.01,       -5.38,
      976.49,       -5.31,
      977.01,       -5.18,
      977.49,       -5.09,
      978.00,       -5.05,
      978.56,       -4.96,
      979.04,       -4.83,
      979.56,       -4.79,
      980.04,       -4.72,
      980.52,       -4.65,
      981.04,       -4.60,
      981.52,       -4.52,
      982.04,       -4.44,
      982.56,       -4.40,
      983.03,       -4.34,
      983.55,       -4.25,
      984.03,       -4.20,
      984.55,       -4.13,
      985.03,       -4.04,
      985.55,       -3.99,
      986.07,       -3.91,
      986.59,       -3.83,
      987.07,       -3.81,
      987.59,       -3.73,
      988.06,       -3.69,
      988.58,       -3.64,
      989.06,       -3.55,
      989.54,       -3.52,
      990.06,       -3.47,
      990.54,       -3.41,
      991.02,       -3.44,
      991.50,       -3.45,
      992.02,       -3.39,
      992.50,       -3.38,
      992.97,       -3.33,
      993.49,       -3.28,
      994.01,       -3.28,
      994.49,       -3.30,
      994.97,       -3.26,
      995.45,       -3.24,
      995.93,       -3.19,
      996.41,       -3.17,
      996.89,       -3.12,
      997.37,       -3.07,
      997.88,       -3.01,
      998.36,       -2.98,
      998.84,       -2.98,
      999.28,       -2.91,
      999.76,       -2.91,
     1000.24,       -2.91,
     1000.72,       -2.91,
     1001.24,       -2.88,
     1001.76,       -2.82,
     1002.24,       -2.82,
     1002.76,       -2.82,
     1003.23,       -2.79,
     1003.71,       -2.77,
     1004.15,       -2.77,
     1004.63,       -2.73,
     1005.11,       -2.69,
     1005.63,       -2.64,
     1006.11,       -2.60,
     1006.59,       -2.58,
     1007.03,       -2.51,
     1007.51,       -2.46,
     1007.98,       -2.38,
     1008.46,       -2.31,
     1008.94,       -2.30,
     1009.46,       -2.24,
     1009.94,       -2.21,
     1010.46,       -2.16,
     1010.94,       -2.12,
     1011.46,       -2.10,
     1011.90,       -2.08,
     1012.38,       -2.03,
     1012.85,       -1.99,
     1013.33,       -1.95,
     1013.85,       -1.90,
     1014.33,       -1.86,
     1014.81,       -1.81,
     1015.25,       -1.77,
     1015.77,       -1.76,
     1016.21,       -1.69,
     1016.69,       -1.66,
     1017.21,       -1.66,
     1017.73,       -1.66,
     1018.20,       -1.65,
     1018.72,       -1.62,
     1019.20,       -1.57,
     1019.68,       -1.53,
     1020.16,       -1.53,
     1020.64,       -1.53,
     1021.12,       -1.57,
     1021.64,       -1.55,
     1022.12,       -1.50,
     1022.60,       -1.54,
     1023.03,       -1.51,
     1023.51,       -1.53,
     1023.99,       -1.59,
     1024.47,       -1.61,
     1024.99,       -1.69,
     1025.47,       -1.77,
     1025.99,       -1.85,
     1026.51,       -1.94,
     1026.99,       -1.92,
     1027.47,       -1.93,
     1027.94,       -1.93,
     1028.46,       -1.90,
     1028.94,       -1.88,
     1029.42,       -1.88,
     1029.90,       -1.84,
     1030.38,       -1.86,
     1030.86,       -1.86,
     1031.34,       -1.87,
     1031.82,       -1.81,
     1032.30,       -1.82,
     1032.81,       -1.81,
     1033.29,       -1.79,
     1033.81,       -1.77,
     1034.33,       -1.78,
     1034.85,       -1.78,
     1035.33,       -1.77,
     1035.81,       -1.78,
     1036.25,       -1.77,
     1036.73,       -1.74,
     1037.25,       -1.67,
     1037.73,       -1.64,
     1038.20,       -1.67,
     1038.68,       -1.68,
     1039.12,       -1.65,
     1039.60,       -1.68,
     1040.08,       -1.67,
     1040.60,       -1.60,
     1041.08,       -1.58,
     1041.60,       -1.58,
     1042.12,       -1.59,
     1042.64,       -1.62,
     1043.11,       -1.60,
     1043.59,       -1.63,
     1044.07,       -1.64,
     1044.55,       -1.61,
     1045.03,       -1.61,
     1045.51,       -1.67,
     1045.99,       -1.70,
     1046.47,       -1.69,
     1046.95,       -1.68,
     1047.43,       -1.62,
     1047.90,       -1.58,
     1048.38,       -1.56,
     1048.86,       -1.56,
     1049.38,       -1.56,
     1049.90,       -1.57,
     1050.42,       -1.58,
     1050.90,       -1.61,
     1051.38,       -1.56,
     1051.86,       -1.56,
     1052.30,       -1.53,
     1052.81,       -1.53,
     1053.29,       -1.49,
     1053.81,       -1.47,
     1054.29,       -1.56,
     1054.77,       -1.73,
     1055.25,       -1.93,
     1055.73,       -2.18,
     1056.21,       -2.36,
     1056.73,       -2.41,
     1057.21,       -2.44,
     1057.73,       -2.42,
     1058.24,       -2.39,
     1058.72,       -2.42,
     1059.24,       -2.38,
     1059.68,       -2.38,
     1060.16,       -2.38,
     1060.64,       -2.35,
     1061.12,       -2.35,
     1061.64,       -2.32,
     1062.12,       -2.29,
     1062.60,       -2.29,
     1063.07,       -2.23,
     1063.55,       -2.19,
     1064.03,       -2.16,
     1064.51,       -2.08,
     1065.03,       -2.06,
     1065.55,       -2.02,
     1066.07,       -1.91,
     1066.55,       -1.86,
     1067.03,       -1.83,
     1067.51,       -1.80,
     1067.98,       -1.79,
     1068.42,       -1.77,
     1068.94,       -1.70,
     1069.46,       -1.64,
     1069.94,       -1.60,
     1070.42,       -1.56,
     1070.90,       -1.54,
     1071.38,       -1.48,
     1071.86,       -1.47,
     1072.34,       -1.43,
     1072.85,       -1.38,
     1073.33,       -1.34,
     1073.85,       -1.28,
     1074.33,       -1.24,
     1074.85,       -1.20,
     1075.33,       -1.16,
     1075.81,       -1.12,
     1076.29,       -1.07,
     1076.81,       -1.04,
     1077.29,       -1.00,
     1077.81,       -0.95,
     1078.28,       -0.90,
     1078.76,       -0.85,
     1079.24,       -0.81,
     1079.72,       -0.81,
     1080.24,       -0.76,
     1080.72,       -0.72,
     1081.24,       -0.69,
     1081.72,       -0.64,
     1082.24,       -0.64,
     1082.72,       -0.61,
     1083.19,       -0.52,
     1083.71,       -0.49,
     1084.19,       -0.42,
     1084.67,       -0.37,
     1085.19,       -0.30,
     1085.71,       -0.24,
     1086.19,       -0.24,
     1086.67,       -0.18,
     1087.19,       -0.13,
     1087.67,       -0.11,
     1088.14,       -0.05,
     1088.66,       -0.04,
     1089.14,       -0.07,
     1089.66,       -0.03,
     1090.18,        0.01,
     1090.70,        0.05,
     1091.18,        0.07,
     1091.70,        0.08,
     1092.18,        0.09,
     1092.66,        0.13,
     1093.13,        0.17,
     1093.65,        0.22,
     1094.17,        0.29,
     1094.65,        0.28,
     1095.13,        0.32,
     1095.61,        0.31,
     1096.09,        0.29,
     1096.57,        0.28,
     1097.09,        0.14,
     1097.61,       -0.17,
     1098.12,       -0.58,
     1098.60,       -0.98,
     1099.12,       -1.42,
     1099.60,       -1.77,
     1100.08,       -1.91,
     1100.56,       -1.94,
     1101.04,       -2.04,
     1101.56,       -2.10,
     1102.04,       -2.16,
     1102.52,       -2.19,
     1102.99,       -2.20,
     1103.47,       -2.24,
     1103.91,       -2.27,
     1104.43,       -2.29,
     1104.95,       -2.21,
     1105.43,       -2.12,
     1105.95,       -2.08,
     1106.47,       -2.00,
     1106.95,       -1.96,
     1107.43,       -2.00,
     1107.90,       -2.00,
     1108.38,       -1.98,
     1108.86,       -1.96,
     1109.38,       -1.94,
     1109.86,       -1.94,
     1110.34,       -1.93,
     1110.78,       -1.94,
     1111.26,       -1.86,
     1111.74,       -1.84,
     1112.22,       -1.84,
     1112.70,       -1.78,
     1113.21,       -1.73,
     1113.69,       -1.68,
     1114.21,       -1.63,
     1114.73,       -1.63,
     1115.21,       -1.62,
     1115.65,       -1.60,
     1116.13,       -1.64,
     1116.61,       -1.64,
     1117.13,       -1.70,
     1117.61,       -1.73,
     1118.08,       -1.73,
     1118.52,       -1.78,
     1119.00,       -1.83,
     1119.48,       -1.92,
     1119.96,       -2.16,
     1120.44,       -2.45,
     1120.96,       -2.84,
     1121.48,       -3.24,
     1121.96,       -3.56,
     1122.48,       -3.88,
     1122.95,       -4.17,
     1123.43,       -4.26,
     1123.91,       -4.22,
     1124.39,       -4.26,
     1124.87,       -4.26,
     1125.35,       -4.32,
     1125.87,       -4.35,
     1126.35,       -4.38,
     1126.79,       -4.44,
     1127.27,       -4.47,
     1127.75,       -4.47,
     1128.22,       -4.52,
     1128.74,       -4.57,
     1129.26,       -4.62,
     1129.74,       -4.65,
     1130.26,       -4.68,
     1130.74,       -4.74,
     1131.22,       -4.80,
     1131.70,       -4.81,
     1132.18,       -4.76,
     1132.66,       -4.82,
     1133.13,       -4.82,
     1133.65,       -4.83,
     1134.13,       -4.83,
     1134.61,       -4.83,
     1135.05,       -4.83,
     1135.57,       -4.84,
     1136.05,       -4.83,
     1136.53,       -4.89,
     1137.01,       -4.92,
     1137.53,       -4.93,
     1138.00,       -4.94,
     1138.52,       -4.93,
     1139.00,       -4.93,
     1139.44,       -4.92,
     1139.92,       -4.93,
     1140.40,       -4.96,
     1140.88,       -5.00,
     1141.36,       -5.04,
     1141.84,       -5.01,
     1142.32,       -5.00,
     1142.80,       -4.98,
     1143.27,       -4.96,
     1143.75,       -4.93,
     1144.23,       -4.90,
     1144.71,       -4.91,
     1145.23,       -4.86,
     1145.71,       -4.81,
     1146.23,       -4.75,
     1146.71,       -4.74,
     1147.15,       -4.72,
     1147.63,       -4.72,
     1148.14,       -4.71,
     1148.62,       -4.70,
     1149.10,       -4.70,
     1149.58,       -4.70,
     1150.06,       -4.65,
     1150.54,       -4.66,
     1151.02,       -4.66,
     1151.54,       -4.65,
     1151.98,       -4.65,
     1152.50,       -4.64,
     1152.97,       -4.61,
     1153.49,       -4.58,
     1153.97,       -4.55,
     1154.45,       -4.54,
     1154.97,       -4.54,
     1155.41,       -4.55,
     1155.89,       -4.56,
     1156.37,       -4.53,
     1156.89,       -4.53,
     1157.41,       -4.52,
     1157.88,       -4.48,
     1158.36,       -4.48,
     1158.84,       -4.39,
     1159.32,       -4.38,
     1159.80,       -4.39,
     1160.32,       -4.39,
     1160.80,       -4.42,
     1161.32,       -4.44,
     1161.80,       -4.43,
     1162.32,       -4.43,
     1162.80,       -4.42,
     1163.27,       -4.39,
     1163.75,       -4.39,
     1164.19,       -4.37,
     1164.71,       -4.33,
     1165.23,       -4.32,
     1165.71,       -4.32,
     1166.19,       -4.30,
     1166.63,       -4.30,
     1167.11,       -4.29,
     1167.63,       -4.25,
     1168.10,       -4.24,
     1168.58,       -4.28,
     1169.02,       -4.24,
     1169.54,       -4.21,
     1170.06,       -4.20,
     1170.54,       -4.19,
     1171.02,       -4.20,
     1171.50,       -4.20,
     1171.94,       -4.22,
     1172.46,       -4.21,
     1172.93,       -4.21,
     1173.41,       -4.20,
     1173.89,       -4.24,
     1174.37,       -4.26,
     1174.81,       -4.25,
     1175.29,       -4.25,
     1175.77,       -4.23,
     1176.21,       -4.22,
     1176.73,       -4.20,
     1177.25,       -4.26,
     1177.73,       -4.33,
     1178.24,       -4.35,
     1178.72,       -4.40,
     1179.20,       -4.45,
     1179.64,       -4.48,
     1180.16,       -4.50,
     1180.64,       -4.52,
     1181.12,       -4.53,
     1181.60,       -4.54,
     1182.08,       -4.52,
     1182.52,       -4.54,
     1182.99,       -4.50,
     1183.47,       -4.48,
     1183.95,       -4.45,
     1184.43,       -4.44,
     1184.91,       -4.44,
     1185.43,       -4.42,
     1185.91,       -4.44,
     1186.43,       -4.46,
     1186.91,       -4.47,
     1187.35,       -4.48,
     1187.83,       -4.49,
     1188.30,       -4.49,
     1188.78,       -4.51,
     1189.30,       -4.51,
     1189.74,       -4.52,
     1190.22,       -4.54,
     1190.66,       -4.56,
     1191.14,       -4.55,
     1191.62,       -4.57,
     1192.06,       -4.60,
     1192.58,       -4.65,
     1193.05,       -4.71,
     1193.53,       -4.79,
     1194.01,       -4.92,
     1194.49,       -5.02,
     1194.93,       -5.06,
     1195.37,       -5.09,
     1195.85,       -5.10,
     1196.29,       -5.11,
     1196.77,       -5.10,
     1197.21,       -5.08,
     1197.65,       -5.07,
     1198.08,       -5.06,
     1198.52,       -5.02,
     1198.96,       -4.98,
     1199.40,       -4.94,
     1199.84,       -4.90,
     1200.28,       -4.89,
     1200.72,       -4.91,
     1201.16,       -4.87,
     1201.60,       -4.87,
     1202.04,       -4.85,
     1202.44,       -4.79,
     1202.84,       -4.75,
     1203.23,       -4.71,
     1203.67,       -4.65,
     1204.03,       -4.59,
     1204.43,       -4.58,
     1204.83,       -4.51,
     1205.19,       -4.52,
     1205.59,       -4.50,
     1205.95,       -4.45,
     1206.31,       -4.42,
     1206.67,       -4.40,
     1207.03,       -4.38,
     1207.39,       -4.35,
     1207.71,       -4.31,
     1208.06,       -4.25,
     1208.42,       -4.22,
     1208.78,       -4.20,
     1209.14,       -4.21,
     1209.46,       -4.17,
     1209.82,       -4.14,
     1210.14,       -4.09,
     1210.46,       -4.10,
     1210.78,       -4.08,
     1211.06,       -4.05,
     1211.34,       -4.05,
     1211.58,       -4.04,
     1211.78,       -4.05,
     1211.98,       -4.04,
     1212.14,       -4.04,
     1212.26,       -4.03,
     1212.38,       -4.04,
     1212.46,       -4.00,
     1212.58,       -4.00,
     1212.62,       -4.00,
     1212.66,       -3.99,
     